open,high,low,close,volume,datetime,symbol
165.24,165.24,164.44,164.685,5407,2021-07-06 13:30:00,CNXC
165.1,165.38,165.1,165.38,200,2021-07-06 13:31:00,CNXC
165.11,165.11,165.11,165.11,100,2021-07-06 13:32:00,CNXC
164.815,165.38,164.79,164.82,800,2021-07-06 13:33:00,CNXC
164.4435,165.55,164.4435,165.55,1376,2021-07-06 13:34:00,CNXC
165.18,165.96,165.0,165.18,1752,2021-07-06 13:36:00,CNXC
165.18,165.18,165.18,165.18,100,2021-07-06 13:37:00,CNXC
165.2,165.2,164.94,165.085,2200,2021-07-06 13:38:00,CNXC
164.7,164.7,164.7,164.7,100,2021-07-06 13:39:00,CNXC
165.0334,165.0334,165.0334,165.0334,302,2021-07-06 13:40:00,CNXC
164.58,164.58,164.5625,164.5625,200,2021-07-06 13:42:00,CNXC
164.18,164.66,164.17,164.66,1200,2021-07-06 13:43:00,CNXC
164.66,164.67,164.66,164.67,1300,2021-07-06 13:44:00,CNXC
164.93,165.08,164.93,165.08,500,2021-07-06 13:45:00,CNXC
165.07,165.07,164.94,164.94,800,2021-07-06 13:46:00,CNXC
164.93,164.93,164.93,164.93,100,2021-07-06 13:47:00,CNXC
164.79,165.22,164.5,165.22,2077,2021-07-06 13:48:00,CNXC
165.47,165.74,165.47,165.48,600,2021-07-06 13:49:00,CNXC
165.35,165.53,165.3,165.53,2884,2021-07-06 13:51:00,CNXC
165.2275,165.34,165.2275,165.34,200,2021-07-06 13:53:00,CNXC
165.34,165.34,165.34,165.34,200,2021-07-06 13:54:00,CNXC
165.0,165.0,165.0,165.0,327,2021-07-06 13:55:00,CNXC
164.615,164.615,164.615,164.615,303,2021-07-06 13:56:00,CNXC
164.36,164.875,164.35,164.41,2104,2021-07-06 13:57:00,CNXC
164.645,165.47,164.44,165.47,1971,2021-07-06 13:58:00,CNXC
165.4,165.4,164.8,165.04,1674,2021-07-06 13:59:00,CNXC
164.04,164.04,164.04,164.04,100,2021-07-06 14:01:00,CNXC
164.04,164.04,163.5,163.5,600,2021-07-06 14:02:00,CNXC
163.84,163.88,163.84,163.85,1670,2021-07-06 14:03:00,CNXC
163.68,163.68,163.61,163.64,500,2021-07-06 14:07:00,CNXC
164.1735,164.1735,164.1735,164.1735,220,2021-07-06 14:08:00,CNXC
163.91,163.91,163.91,163.91,100,2021-07-06 14:09:00,CNXC
163.86,163.86,162.96,162.96,900,2021-07-06 14:10:00,CNXC
162.5,162.5,162.1,162.1,670,2021-07-06 14:12:00,CNXC
161.47,161.47,161.07,161.08,1157,2021-07-06 14:13:00,CNXC
160.85,160.85,160.275,160.275,200,2021-07-06 14:15:00,CNXC
160.3,160.3,159.46,159.51,2000,2021-07-06 14:16:00,CNXC
159.83,160.12,158.89,158.89,1700,2021-07-06 14:18:00,CNXC
159.275,159.275,159.03,159.1677,868,2021-07-06 14:19:00,CNXC
159.505,159.505,159.27,159.27,200,2021-07-06 14:20:00,CNXC
159.43,159.715,159.12,159.12,500,2021-07-06 14:21:00,CNXC
159.26,160.04,159.26,159.87,1538,2021-07-06 14:22:00,CNXC
159.16,159.775,159.16,159.775,700,2021-07-06 14:23:00,CNXC
159.99,159.99,159.99,159.99,100,2021-07-06 14:25:00,CNXC
160.0,160.09,159.905,160.08,600,2021-07-06 14:26:00,CNXC
160.665,160.665,160.665,160.665,300,2021-07-06 14:27:00,CNXC
160.94,161.42,160.94,161.42,600,2021-07-06 14:28:00,CNXC
161.775,161.94,161.33,161.33,1300,2021-07-06 14:29:00,CNXC
161.37,161.885,160.925,161.885,1300,2021-07-06 14:30:00,CNXC
161.385,161.3993,160.7,160.7,1000,2021-07-06 14:31:00,CNXC
160.75,161.64,160.71,161.3694,1400,2021-07-06 14:32:00,CNXC
161.655,161.655,161.08,161.08,1180,2021-07-06 14:33:00,CNXC
161.42,161.72,161.42,161.72,400,2021-07-06 14:34:00,CNXC
161.75,161.825,161.73,161.825,400,2021-07-06 14:35:00,CNXC
161.53,162.025,161.53,162.025,400,2021-07-06 14:36:00,CNXC
161.91,162.635,161.71,162.23,1900,2021-07-06 14:37:00,CNXC
162.05,162.05,162.05,162.05,100,2021-07-06 14:38:00,CNXC
161.91,162.01,161.91,162.01,400,2021-07-06 14:39:00,CNXC
161.595,161.98,161.3289,161.3289,2242,2021-07-06 14:40:00,CNXC
161.3706,161.445,161.3706,161.445,400,2021-07-06 14:41:00,CNXC
161.13,161.26,161.08,161.26,300,2021-07-06 14:42:00,CNXC
161.16,161.19,161.095,161.095,540,2021-07-06 14:44:00,CNXC
160.8568,161.075,160.8568,160.87,300,2021-07-06 14:46:00,CNXC
161.065,161.065,160.85,160.86,600,2021-07-06 14:47:00,CNXC
160.71,161.04,160.71,161.04,400,2021-07-06 14:48:00,CNXC
160.8,160.855,160.8,160.855,200,2021-07-06 14:49:00,CNXC
160.75,160.75,160.69,160.69,200,2021-07-06 14:50:00,CNXC
160.59,160.79,160.57,160.79,300,2021-07-06 14:54:00,CNXC
160.3,160.38,160.3,160.38,200,2021-07-06 14:55:00,CNXC
160.13,160.13,160.0,160.0,1100,2021-07-06 14:56:00,CNXC
160.19,160.29,160.19,160.29,365,2021-07-06 14:57:00,CNXC
160.0,160.27,159.96,160.0,500,2021-07-06 15:02:00,CNXC
159.99,159.99,159.99,159.99,100,2021-07-06 15:03:00,CNXC
159.955,160.15,159.955,160.15,2844,2021-07-06 15:06:00,CNXC
160.06,160.06,160.06,160.06,100,2021-07-06 15:08:00,CNXC
159.9,159.9,159.9,159.9,100,2021-07-06 15:09:00,CNXC
160.0,160.0,159.95,159.95,200,2021-07-06 15:10:00,CNXC
159.985,160.23,159.985,160.23,400,2021-07-06 15:11:00,CNXC
160.075,160.23,160.075,160.23,300,2021-07-06 15:12:00,CNXC
160.23,160.4,160.23,160.4,900,2021-07-06 15:13:00,CNXC
160.24,160.36,160.22,160.29,600,2021-07-06 15:14:00,CNXC
160.445,160.445,160.445,160.445,100,2021-07-06 15:15:00,CNXC
160.14,160.37,160.14,160.37,600,2021-07-06 15:16:00,CNXC
159.905,159.905,159.905,159.905,100,2021-07-06 15:17:00,CNXC
160.0,160.0,159.995,159.995,500,2021-07-06 15:18:00,CNXC
160.0,160.0,160.0,160.0,100,2021-07-06 15:19:00,CNXC
160.16,160.16,159.8,160.0,2500,2021-07-06 15:20:00,CNXC
160.08,160.15,159.93,160.15,1200,2021-07-06 15:21:00,CNXC
160.0,160.13,159.96,160.05,2000,2021-07-06 15:22:00,CNXC
160.145,160.145,160.145,160.145,100,2021-07-06 15:23:00,CNXC
159.955,159.955,159.955,159.955,100,2021-07-06 15:24:00,CNXC
160.07,160.07,160.055,160.055,400,2021-07-06 15:25:00,CNXC
160.0,160.025,160.0,160.02,1115,2021-07-06 15:26:00,CNXC
160.2,160.57,160.2,160.5,2656,2021-07-06 15:27:00,CNXC
160.28,160.495,160.28,160.345,1600,2021-07-06 15:28:00,CNXC
160.32,160.32,160.32,160.32,100,2021-07-06 15:29:00,CNXC
160.24,160.46,160.24,160.46,300,2021-07-06 15:30:00,CNXC
160.46,160.73,160.46,160.54,1600,2021-07-06 15:31:00,CNXC
160.38,160.63,160.38,160.63,300,2021-07-06 15:32:00,CNXC
160.26,160.26,160.26,160.26,100,2021-07-06 15:33:00,CNXC
160.385,160.51,160.385,160.51,500,2021-07-06 15:34:00,CNXC
160.5,160.58,160.4,160.5006,2284,2021-07-06 15:35:00,CNXC
160.44,160.6,160.28,160.48,1800,2021-07-06 15:36:00,CNXC
160.51,160.67,160.51,160.67,400,2021-07-06 15:37:00,CNXC
160.475,160.475,160.475,160.475,100,2021-07-06 15:38:00,CNXC
160.455,160.455,160.455,160.455,200,2021-07-06 15:39:00,CNXC
160.225,160.455,160.225,160.455,800,2021-07-06 15:40:00,CNXC
160.3,160.3,160.3,160.3,100,2021-07-06 15:42:00,CNXC
160.485,160.485,160.475,160.475,200,2021-07-06 15:43:00,CNXC
160.44,160.44,160.41,160.41,300,2021-07-06 15:44:00,CNXC
160.28,160.5,160.0,160.5,2990,2021-07-06 15:45:00,CNXC
160.3,160.44,160.29,160.37,700,2021-07-06 15:46:00,CNXC
160.375,160.48,160.375,160.46,1675,2021-07-06 15:47:00,CNXC
160.43,160.54,160.42,160.5,3815,2021-07-06 15:48:00,CNXC
160.5,160.5,160.43,160.46,400,2021-07-06 15:49:00,CNXC
160.46,160.46,160.3325,160.3325,797,2021-07-06 15:50:00,CNXC
160.205,160.21,160.0,160.21,1489,2021-07-06 15:51:00,CNXC
160.23,160.23,160.23,160.23,470,2021-07-06 15:52:00,CNXC
160.25,160.4,160.25,160.4,2500,2021-07-06 15:53:00,CNXC
160.48,160.5,160.14,160.14,900,2021-07-06 15:54:00,CNXC
160.11,160.285,160.1,160.285,800,2021-07-06 15:55:00,CNXC
160.28,160.28,160.28,160.28,100,2021-07-06 15:56:00,CNXC
160.2,160.22,160.2,160.22,400,2021-07-06 15:57:00,CNXC
160.21,160.3,160.21,160.3,500,2021-07-06 15:59:00,CNXC
160.175,160.175,160.175,160.175,200,2021-07-06 16:03:00,CNXC
160.195,160.265,160.0,160.0,500,2021-07-06 16:05:00,CNXC
160.32,160.32,160.22,160.22,217,2021-07-06 16:07:00,CNXC
160.22,160.22,160.22,160.22,100,2021-07-06 16:08:00,CNXC
160.215,160.22,160.12,160.22,1900,2021-07-06 16:09:00,CNXC
160.22,160.245,160.22,160.245,200,2021-07-06 16:10:00,CNXC
160.17,160.3,160.16,160.3,647,2021-07-06 16:11:00,CNXC
160.21,160.21,160.21,160.21,100,2021-07-06 16:12:00,CNXC
160.21,160.21,160.21,160.21,300,2021-07-06 16:13:00,CNXC
160.205,160.21,159.94,160.05,500,2021-07-06 16:14:00,CNXC
160.04,160.04,160.04,160.04,100,2021-07-06 16:15:00,CNXC
160.04,160.04,160.0,160.0,300,2021-07-06 16:16:00,CNXC
160.06,160.13,160.06,160.13,200,2021-07-06 16:17:00,CNXC
160.18,160.18,160.08,160.18,1100,2021-07-06 16:18:00,CNXC
160.2,160.55,160.2,160.55,4000,2021-07-06 16:19:00,CNXC
160.57,160.81,160.57,160.81,300,2021-07-06 16:20:00,CNXC
160.72,161.115,160.72,161.07,1200,2021-07-06 16:22:00,CNXC
161.22,161.35,161.205,161.205,900,2021-07-06 16:24:00,CNXC
161.02,161.13,160.92,160.92,700,2021-07-06 16:25:00,CNXC
160.85,160.85,160.19,160.19,4007,2021-07-06 16:26:00,CNXC
160.33,160.485,160.25,160.485,1296,2021-07-06 16:27:00,CNXC
160.62,160.62,160.62,160.62,200,2021-07-06 16:28:00,CNXC
160.57,160.57,160.57,160.57,100,2021-07-06 16:29:00,CNXC
160.3,160.405,160.3,160.405,200,2021-07-06 16:30:00,CNXC
160.395,160.5,160.35,160.44,796,2021-07-06 16:32:00,CNXC
160.37,160.43,160.305,160.305,635,2021-07-06 16:33:00,CNXC
160.43,160.43,160.135,160.18,3726,2021-07-06 16:34:00,CNXC
160.18,160.4999,160.15,160.365,3120,2021-07-06 16:35:00,CNXC
160.33,160.485,160.14,160.14,5900,2021-07-06 16:36:00,CNXC
160.45,160.4994,160.39,160.4994,352,2021-07-06 16:37:00,CNXC
160.38,160.45,160.3525,160.3525,400,2021-07-06 16:38:00,CNXC
160.2584,160.55,160.23,160.4465,1200,2021-07-06 16:39:00,CNXC
160.4,160.5,160.4,160.5,1092,2021-07-06 16:40:00,CNXC
160.5,160.5,160.39,160.39,705,2021-07-06 16:41:00,CNXC
160.47,160.5,160.47,160.5,300,2021-07-06 16:42:00,CNXC
160.31,160.5,160.31,160.5,1300,2021-07-06 16:45:00,CNXC
160.43,160.56,160.315,160.315,3126,2021-07-06 16:46:00,CNXC
160.41,160.55,160.41,160.55,562,2021-07-06 16:47:00,CNXC
160.69,160.69,160.69,160.69,200,2021-07-06 16:51:00,CNXC
160.61,160.85,160.61,160.85,300,2021-07-06 16:54:00,CNXC
160.74,160.92,160.7,160.7,400,2021-07-06 16:57:00,CNXC
160.89,160.95,160.805,160.88,500,2021-07-06 16:59:00,CNXC
160.87,160.87,160.87,160.87,100,2021-07-06 17:00:00,CNXC
160.89,160.96,160.76,160.76,300,2021-07-06 17:02:00,CNXC
160.78,160.78,160.78,160.78,100,2021-07-06 17:04:00,CNXC
160.795,160.795,160.795,160.795,3200,2021-07-06 17:06:00,CNXC
160.97,160.97,160.77,160.77,347,2021-07-06 17:07:00,CNXC
160.77,160.77,160.77,160.77,555,2021-07-06 17:08:00,CNXC
160.75,160.75,160.75,160.75,130,2021-07-06 17:09:00,CNXC
160.705,160.81,160.705,160.8,300,2021-07-06 17:10:00,CNXC
160.77,160.78,160.77,160.78,500,2021-07-06 17:11:00,CNXC
160.83,160.865,160.83,160.865,400,2021-07-06 17:12:00,CNXC
160.87,160.87,160.81,160.81,300,2021-07-06 17:13:00,CNXC
160.775,160.775,160.7,160.7,200,2021-07-06 17:14:00,CNXC
160.7,160.7,160.695,160.695,200,2021-07-06 17:15:00,CNXC
160.85,160.9,160.85,160.895,400,2021-07-06 17:16:00,CNXC
160.895,160.895,160.895,160.895,100,2021-07-06 17:17:00,CNXC
160.895,160.895,160.895,160.895,100,2021-07-06 17:18:00,CNXC
160.82,160.82,160.82,160.82,100,2021-07-06 17:19:00,CNXC
160.835,160.835,160.835,160.835,100,2021-07-06 17:20:00,CNXC
160.735,160.82,160.735,160.82,500,2021-07-06 17:21:00,CNXC
160.805,160.805,160.805,160.805,100,2021-07-06 17:22:00,CNXC
160.805,160.805,160.805,160.805,200,2021-07-06 17:23:00,CNXC
160.805,160.805,160.805,160.805,100,2021-07-06 17:24:00,CNXC
160.805,160.805,160.805,160.805,100,2021-07-06 17:28:00,CNXC
160.705,160.705,160.705,160.705,100,2021-07-06 17:30:00,CNXC
160.71,160.71,160.71,160.71,100,2021-07-06 17:33:00,CNXC
160.67,160.715,160.67,160.715,200,2021-07-06 17:34:00,CNXC
160.64,160.64,160.46,160.46,500,2021-07-06 17:35:00,CNXC
160.42,160.42,160.41,160.41,200,2021-07-06 17:36:00,CNXC
160.42,160.45,160.42,160.45,700,2021-07-06 17:38:00,CNXC
160.405,160.405,160.405,160.405,100,2021-07-06 17:40:00,CNXC
160.41,160.41,160.41,160.41,100,2021-07-06 17:41:00,CNXC
160.57,160.885,160.57,160.885,743,2021-07-06 17:44:00,CNXC
160.785,160.785,160.785,160.785,100,2021-07-06 17:45:00,CNXC
160.6,160.6,160.6,160.6,100,2021-07-06 17:50:00,CNXC
160.83,160.83,160.6,160.61,400,2021-07-06 17:51:00,CNXC
160.61,160.61,160.61,160.61,100,2021-07-06 17:53:00,CNXC
160.625,160.625,160.625,160.625,100,2021-07-06 17:56:00,CNXC
160.655,160.915,160.5,160.915,1300,2021-07-06 17:59:00,CNXC
160.9,160.9,160.9,160.9,100,2021-07-06 18:00:00,CNXC
160.795,160.795,160.795,160.795,100,2021-07-06 18:01:00,CNXC
160.68,160.865,160.65,160.785,600,2021-07-06 18:02:00,CNXC
160.6,160.62,160.6,160.62,200,2021-07-06 18:04:00,CNXC
160.82,160.82,160.68,160.68,200,2021-07-06 18:07:00,CNXC
160.765,160.765,160.765,160.765,100,2021-07-06 18:09:00,CNXC
160.66,160.74,160.56,160.74,1293,2021-07-06 18:11:00,CNXC
160.75,160.83,160.75,160.83,1006,2021-07-06 18:12:00,CNXC
160.805,160.92,160.805,160.81,2200,2021-07-06 18:13:00,CNXC
160.8,160.8,160.7404,160.7404,700,2021-07-06 18:14:00,CNXC
160.84,160.88,160.84,160.88,200,2021-07-06 18:15:00,CNXC
160.95,160.95,160.9,160.9,400,2021-07-06 18:16:00,CNXC
160.945,160.945,160.945,160.945,100,2021-07-06 18:18:00,CNXC
160.955,161.08,160.955,161.08,400,2021-07-06 18:20:00,CNXC
161.115,161.13,161.115,161.13,200,2021-07-06 18:21:00,CNXC
161.155,161.57,161.155,161.57,5200,2021-07-06 18:24:00,CNXC
161.51,161.51,161.445,161.445,800,2021-07-06 18:25:00,CNXC
161.34,161.41,161.18,161.25,2513,2021-07-06 18:27:00,CNXC
161.14,161.14,161.02,161.02,520,2021-07-06 18:28:00,CNXC
160.94,160.94,160.79,160.935,3365,2021-07-06 18:29:00,CNXC
160.895,160.895,160.895,160.895,100,2021-07-06 18:30:00,CNXC
160.895,161.09,160.855,161.09,1700,2021-07-06 18:31:00,CNXC
161.05,161.05,161.01,161.01,200,2021-07-06 18:32:00,CNXC
160.91,160.91,160.91,160.91,100,2021-07-06 18:35:00,CNXC
160.7,160.7243,160.615,160.615,300,2021-07-06 18:36:00,CNXC
160.7,160.7,160.7,160.7,200,2021-07-06 18:38:00,CNXC
160.67,160.67,160.53,160.65,500,2021-07-06 18:39:00,CNXC
160.4,160.51,160.39,160.39,300,2021-07-06 18:40:00,CNXC
160.475,160.475,160.475,160.475,200,2021-07-06 18:41:00,CNXC
160.48,160.48,160.48,160.48,100,2021-07-06 18:42:00,CNXC
160.41,160.43,160.41,160.43,200,2021-07-06 18:43:00,CNXC
160.41,160.485,160.41,160.485,681,2021-07-06 18:44:00,CNXC
160.4,160.4,160.4,160.4,100,2021-07-06 18:46:00,CNXC
160.455,160.51,160.455,160.455,1200,2021-07-06 18:47:00,CNXC
160.5,160.61,160.455,160.54,900,2021-07-06 18:48:00,CNXC
160.5,160.5,160.5,160.5,2061,2021-07-06 18:49:00,CNXC
160.5,160.5,160.5,160.5,200,2021-07-06 18:50:00,CNXC
160.48,160.5,160.39,160.4498,1500,2021-07-06 18:51:00,CNXC
160.5,160.56,160.3,160.5,5900,2021-07-06 18:52:00,CNXC
160.5,160.605,160.5,160.605,300,2021-07-06 18:53:00,CNXC
160.37,160.445,160.37,160.445,300,2021-07-06 18:54:00,CNXC
160.69,160.69,160.69,160.69,100,2021-07-06 18:56:00,CNXC
160.67,160.71,160.635,160.71,600,2021-07-06 18:58:00,CNXC
160.6,160.6,160.6,160.6,100,2021-07-06 18:59:00,CNXC
160.575,160.575,160.45,160.45,200,2021-07-06 19:00:00,CNXC
160.63,160.64,160.63,160.64,400,2021-07-06 19:01:00,CNXC
160.43,160.43,160.43,160.43,100,2021-07-06 19:02:00,CNXC
160.48,160.565,160.48,160.565,200,2021-07-06 19:03:00,CNXC
160.535,160.535,160.45,160.45,288,2021-07-06 19:04:00,CNXC
160.45,160.45,160.45,160.45,200,2021-07-06 19:07:00,CNXC
160.59,160.6,160.44,160.44,1223,2021-07-06 19:08:00,CNXC
160.465,160.5,160.46,160.5,1300,2021-07-06 19:09:00,CNXC
160.49,160.49,160.49,160.49,100,2021-07-06 19:10:00,CNXC
160.465,160.465,160.465,160.465,100,2021-07-06 19:12:00,CNXC
160.48,160.48,160.45,160.45,420,2021-07-06 19:13:00,CNXC
160.48,160.48,160.48,160.48,100,2021-07-06 19:14:00,CNXC
160.54,160.54,160.5,160.5,577,2021-07-06 19:15:00,CNXC
160.605,160.605,160.46,160.47,500,2021-07-06 19:16:00,CNXC
160.47,160.47,160.47,160.47,100,2021-07-06 19:17:00,CNXC
160.475,160.525,160.45,160.495,2996,2021-07-06 19:18:00,CNXC
160.55,160.65,160.55,160.65,300,2021-07-06 19:19:00,CNXC
160.6,160.6,160.44,160.44,200,2021-07-06 19:20:00,CNXC
160.55,160.55,160.53,160.54,700,2021-07-06 19:21:00,CNXC
160.61,160.61,160.61,160.61,100,2021-07-06 19:22:00,CNXC
160.525,160.56,160.525,160.56,200,2021-07-06 19:23:00,CNXC
160.52,160.52,160.455,160.455,300,2021-07-06 19:24:00,CNXC
160.52,160.575,160.52,160.575,300,2021-07-06 19:25:00,CNXC
160.6,160.66,160.595,160.595,400,2021-07-06 19:26:00,CNXC
160.56,160.56,160.56,160.56,100,2021-07-06 19:27:00,CNXC
160.49,160.49,160.45,160.49,496,2021-07-06 19:28:00,CNXC
160.525,160.525,160.525,160.525,100,2021-07-06 19:29:00,CNXC
160.525,160.525,160.42,160.46,1000,2021-07-06 19:30:00,CNXC
160.44,160.44,160.43,160.43,200,2021-07-06 19:31:00,CNXC
160.46,160.545,160.44,160.545,1354,2021-07-06 19:32:00,CNXC
160.53,160.66,160.5006,160.575,1700,2021-07-06 19:33:00,CNXC
160.41,160.47,160.4,160.47,400,2021-07-06 19:34:00,CNXC
160.47,160.47,160.355,160.355,400,2021-07-06 19:35:00,CNXC
160.46,160.47,160.46,160.47,300,2021-07-06 19:36:00,CNXC
160.46,160.46,160.46,160.46,200,2021-07-06 19:37:00,CNXC
160.49,160.63,160.48,160.63,700,2021-07-06 19:39:00,CNXC
160.55,160.55,160.43,160.43,600,2021-07-06 19:43:00,CNXC
160.415,160.46,160.31,160.46,400,2021-07-06 19:44:00,CNXC
160.5,160.5,160.33,160.41,500,2021-07-06 19:45:00,CNXC
160.41,160.635,160.41,160.555,2081,2021-07-06 19:46:00,CNXC
160.45,160.57,160.45,160.5,1100,2021-07-06 19:47:00,CNXC
160.45,160.45,160.43,160.43,987,2021-07-06 19:48:00,CNXC
160.48,160.52,160.3,160.3,4230,2021-07-06 19:49:00,CNXC
160.305,160.36,160.305,160.36,300,2021-07-06 19:50:00,CNXC
160.31,160.47,160.31,160.44,1037,2021-07-06 19:51:00,CNXC
160.455,160.645,160.325,160.645,2957,2021-07-06 19:52:00,CNXC
160.455,160.59,160.455,160.48,1091,2021-07-06 19:53:00,CNXC
160.495,160.87,160.45,160.76,2501,2021-07-06 19:54:00,CNXC
161.16,161.4,161.16,161.39,1500,2021-07-06 19:55:00,CNXC
161.42,161.435,161.2,161.2,1560,2021-07-06 19:56:00,CNXC
161.36,161.63,161.2,161.63,6640,2021-07-06 19:57:00,CNXC
161.63,161.78,161.41,161.58,5347,2021-07-06 19:58:00,CNXC
161.65,161.65,161.01,161.35,10101,2021-07-06 19:59:00,CNXC
161.36,161.36,161.36,161.36,252720,2021-07-06 20:00:00,CNXC
161.36,161.36,161.36,161.36,1460,2021-07-06 20:01:00,CNXC
161.36,161.36,161.36,161.36,740,2021-07-07 12:37:00,CNXC
162.0,162.0,159.1378,159.5,6228,2021-07-07 13:30:00,CNXC
160.7001,160.7001,160.7001,160.7001,303,2021-07-07 13:32:00,CNXC
163.6212,163.6212,159.93,159.93,737,2021-07-07 13:33:00,CNXC
160.13,160.13,160.13,160.13,100,2021-07-07 13:34:00,CNXC
162.51,162.51,162.51,162.51,100,2021-07-07 13:35:00,CNXC
160.0,160.0,160.0,160.0,100,2021-07-07 13:36:00,CNXC
162.86,162.86,162.86,162.86,100,2021-07-07 13:39:00,CNXC
161.44,161.44,161.44,161.44,100,2021-07-07 13:41:00,CNXC
162.1577,162.17,162.1577,162.17,200,2021-07-07 13:43:00,CNXC
161.7852,161.7852,161.34,161.715,800,2021-07-07 13:44:00,CNXC
162.02,162.02,162.02,162.02,100,2021-07-07 13:45:00,CNXC
161.745,162.2,161.745,162.2,484,2021-07-07 13:46:00,CNXC
162.395,162.95,162.395,162.95,456,2021-07-07 13:47:00,CNXC
163.3,163.3,163.3,163.3,100,2021-07-07 13:49:00,CNXC
163.015,163.015,163.015,163.015,100,2021-07-07 13:50:00,CNXC
163.3538,163.3538,163.3538,163.3538,100,2021-07-07 13:51:00,CNXC
163.29,163.2995,163.015,163.015,300,2021-07-07 13:55:00,CNXC
164.0735,164.0735,164.0735,164.0735,200,2021-07-07 13:59:00,CNXC
163.17,163.17,163.165,163.165,200,2021-07-07 14:02:00,CNXC
163.86,163.86,162.46,162.46,400,2021-07-07 14:04:00,CNXC
162.76,162.76,162.76,162.76,100,2021-07-07 14:08:00,CNXC
162.655,162.655,162.46,162.46,210,2021-07-07 14:09:00,CNXC
162.295,162.295,162.295,162.295,100,2021-07-07 14:10:00,CNXC
162.121,162.18,162.121,162.18,900,2021-07-07 14:13:00,CNXC
162.48,162.48,162.48,162.48,100,2021-07-07 14:14:00,CNXC
162.5,162.5,162.5,162.5,100,2021-07-07 14:16:00,CNXC
162.07,162.07,162.07,162.07,100,2021-07-07 14:17:00,CNXC
161.7,161.7,161.7,161.7,100,2021-07-07 14:19:00,CNXC
161.57,161.57,161.57,161.57,100,2021-07-07 14:23:00,CNXC
162.19,162.19,162.19,162.19,100,2021-07-07 14:24:00,CNXC
161.61,161.61,161.61,161.61,100,2021-07-07 14:26:00,CNXC
161.6,161.6,160.61,161.07,2322,2021-07-07 14:29:00,CNXC
160.76,160.76,160.72,160.76,400,2021-07-07 14:30:00,CNXC
160.5801,160.5801,160.5801,160.5801,200,2021-07-07 14:33:00,CNXC
160.61,160.83,160.61,160.83,200,2021-07-07 14:34:00,CNXC
160.6,160.6,160.6,160.6,100,2021-07-07 14:35:00,CNXC
160.4,160.71,160.26,160.54,684,2021-07-07 14:36:00,CNXC
160.485,160.485,160.485,160.485,140,2021-07-07 14:37:00,CNXC
160.065,160.065,160.065,160.065,100,2021-07-07 14:38:00,CNXC
159.5,159.985,159.5,159.985,450,2021-07-07 14:39:00,CNXC
159.91,159.91,159.91,159.91,100,2021-07-07 14:40:00,CNXC
159.935,159.935,159.935,159.935,800,2021-07-07 14:41:00,CNXC
159.81,160.07,159.81,159.955,721,2021-07-07 14:42:00,CNXC
160.15,160.28,160.15,160.1648,3100,2021-07-07 14:43:00,CNXC
159.83,159.83,159.83,159.83,800,2021-07-07 14:44:00,CNXC
160.07,160.07,159.72,159.72,200,2021-07-07 14:45:00,CNXC
160.0,160.0,160.0,160.0,200,2021-07-07 14:50:00,CNXC
160.48,160.735,160.48,160.735,300,2021-07-07 14:51:00,CNXC
160.54,160.54,160.2,160.2,200,2021-07-07 14:53:00,CNXC
160.385,160.385,160.385,160.385,100,2021-07-07 14:55:00,CNXC
160.76,160.76,160.23,160.23,200,2021-07-07 14:57:00,CNXC
160.67,160.67,160.67,160.67,100,2021-07-07 14:59:00,CNXC
160.61,160.61,160.61,160.61,100,2021-07-07 15:00:00,CNXC
160.66,160.66,160.66,160.66,100,2021-07-07 15:01:00,CNXC
160.65,160.65,160.5,160.5,324,2021-07-07 15:05:00,CNXC
160.77,160.77,160.77,160.77,100,2021-07-07 15:09:00,CNXC
160.47,160.47,160.47,160.47,100,2021-07-07 15:11:00,CNXC
160.4,160.64,160.4,160.64,250,2021-07-07 15:12:00,CNXC
160.84,161.24,160.47,161.24,1062,2021-07-07 15:15:00,CNXC
161.0,161.0,161.0,161.0,310,2021-07-07 15:19:00,CNXC
160.665,160.665,160.665,160.665,100,2021-07-07 15:26:00,CNXC
160.57,160.93,160.57,160.93,300,2021-07-07 15:28:00,CNXC
160.94,160.94,160.93,160.93,200,2021-07-07 15:29:00,CNXC
160.91,160.94,160.91,160.94,800,2021-07-07 15:30:00,CNXC
160.905,161.07,160.905,161.07,200,2021-07-07 15:36:00,CNXC
161.26,161.26,161.26,161.26,100,2021-07-07 15:38:00,CNXC
161.53,161.54,161.36,161.36,300,2021-07-07 15:43:00,CNXC
161.74,161.74,161.74,161.74,100,2021-07-07 15:46:00,CNXC
161.42,161.71,161.42,161.71,200,2021-07-07 15:52:00,CNXC
161.295,161.295,161.295,161.295,100,2021-07-07 15:56:00,CNXC
161.045,161.38,161.045,161.38,200,2021-07-07 16:01:00,CNXC
161.12,161.12,161.12,161.12,100,2021-07-07 16:04:00,CNXC
161.55,161.55,161.55,161.55,100,2021-07-07 16:06:00,CNXC
161.51,161.51,161.13,161.13,200,2021-07-07 16:07:00,CNXC
161.51,161.51,161.51,161.51,100,2021-07-07 16:08:00,CNXC
161.525,161.525,161.525,161.525,100,2021-07-07 16:10:00,CNXC
161.55,161.55,161.55,161.55,100,2021-07-07 16:13:00,CNXC
161.86,161.86,161.75,161.75,400,2021-07-07 16:17:00,CNXC
161.875,161.875,161.875,161.875,100,2021-07-07 16:26:00,CNXC
161.875,161.875,161.875,161.875,100,2021-07-07 16:27:00,CNXC
161.71,161.71,161.6,161.6,300,2021-07-07 16:29:00,CNXC
161.58,161.58,161.58,161.58,100,2021-07-07 16:33:00,CNXC
161.65,161.65,161.65,161.65,100,2021-07-07 16:34:00,CNXC
161.83,161.83,161.71,161.71,400,2021-07-07 16:36:00,CNXC
161.98,161.98,161.98,161.98,100,2021-07-07 16:37:00,CNXC
161.62,161.62,161.62,161.62,100,2021-07-07 16:42:00,CNXC
162.06,162.06,162.06,162.06,300,2021-07-07 16:43:00,CNXC
162.06,162.06,162.06,162.06,100,2021-07-07 16:44:00,CNXC
161.62,161.62,161.62,161.62,100,2021-07-07 16:46:00,CNXC
162.04,162.04,161.78,161.78,200,2021-07-07 16:48:00,CNXC
162.06,162.31,162.06,162.31,300,2021-07-07 16:49:00,CNXC
161.71,162.18,161.71,162.04,300,2021-07-07 16:55:00,CNXC
162.2,162.2,162.2,162.2,100,2021-07-07 16:56:00,CNXC
162.35,162.35,162.125,162.125,200,2021-07-07 16:58:00,CNXC
161.92,161.92,161.9,161.9,200,2021-07-07 16:59:00,CNXC
161.93,161.93,161.92,161.92,200,2021-07-07 17:02:00,CNXC
161.73,161.73,161.73,161.73,100,2021-07-07 17:03:00,CNXC
161.72,161.72,161.63,161.63,200,2021-07-07 17:04:00,CNXC
161.62,161.62,161.62,161.62,100,2021-07-07 17:08:00,CNXC
161.66,161.66,161.65,161.65,200,2021-07-07 17:09:00,CNXC
161.46,161.46,161.46,161.46,100,2021-07-07 17:11:00,CNXC
161.49,161.49,161.49,161.49,100,2021-07-07 17:15:00,CNXC
161.76,161.76,161.76,161.76,100,2021-07-07 17:18:00,CNXC
161.36,161.36,161.36,161.36,100,2021-07-07 17:19:00,CNXC
161.86,161.86,161.68,161.68,200,2021-07-07 17:20:00,CNXC
161.625,161.625,161.625,161.625,100,2021-07-07 17:24:00,CNXC
161.46,161.46,161.46,161.46,100,2021-07-07 17:28:00,CNXC
161.79,161.79,161.79,161.79,100,2021-07-07 17:29:00,CNXC
161.46,161.46,161.46,161.46,100,2021-07-07 17:32:00,CNXC
161.62,161.62,161.62,161.62,100,2021-07-07 17:33:00,CNXC
161.64,161.64,161.48,161.48,200,2021-07-07 17:35:00,CNXC
161.615,161.615,161.615,161.615,200,2021-07-07 17:37:00,CNXC
161.6,161.6,161.44,161.44,200,2021-07-07 17:39:00,CNXC
161.6,161.6,161.42,161.42,1428,2021-07-07 17:40:00,CNXC
161.29,161.29,161.29,161.29,100,2021-07-07 17:43:00,CNXC
161.495,161.615,161.495,161.615,300,2021-07-07 17:45:00,CNXC
161.43,161.43,161.43,161.43,100,2021-07-07 17:46:00,CNXC
161.48,161.48,161.46,161.46,200,2021-07-07 17:47:00,CNXC
161.45,161.45,161.45,161.45,100,2021-07-07 17:48:00,CNXC
161.56,161.56,161.56,161.56,100,2021-07-07 17:49:00,CNXC
161.29,161.29,161.29,161.29,100,2021-07-07 17:50:00,CNXC
161.51,161.51,161.51,161.51,100,2021-07-07 17:52:00,CNXC
161.28,161.28,161.28,161.28,100,2021-07-07 17:53:00,CNXC
161.08,161.08,161.08,161.08,100,2021-07-07 17:57:00,CNXC
161.34,161.35,161.34,161.35,300,2021-07-07 18:00:00,CNXC
161.08,161.08,161.08,161.08,100,2021-07-07 18:01:00,CNXC
161.22,161.22,161.22,161.22,260,2021-07-07 18:05:00,CNXC
161.06,161.31,161.06,161.31,200,2021-07-07 18:08:00,CNXC
161.36,161.56,161.32,161.56,600,2021-07-07 18:10:00,CNXC
161.06,161.06,161.06,161.06,100,2021-07-07 18:12:00,CNXC
161.255,161.44,161.255,161.36,500,2021-07-07 18:13:00,CNXC
161.33,161.33,161.33,161.33,100,2021-07-07 18:15:00,CNXC
161.33,161.33,161.33,161.33,200,2021-07-07 18:16:00,CNXC
161.29,161.43,161.29,161.43,200,2021-07-07 18:17:00,CNXC
161.03,161.235,161.03,161.235,300,2021-07-07 18:18:00,CNXC
161.305,161.305,161.305,161.305,300,2021-07-07 18:19:00,CNXC
161.31,161.31,161.235,161.28,300,2021-07-07 18:20:00,CNXC
161.3,161.3,161.03,161.03,300,2021-07-07 18:21:00,CNXC
160.9,160.9,160.74,160.74,800,2021-07-07 18:22:00,CNXC
160.82,160.825,160.82,160.825,200,2021-07-07 18:24:00,CNXC
161.07,161.07,161.07,161.07,200,2021-07-07 18:26:00,CNXC
161.27,161.27,161.11,161.11,200,2021-07-07 18:28:00,CNXC
161.38,161.75,161.365,161.75,1100,2021-07-07 18:30:00,CNXC
161.33,161.33,161.33,161.33,100,2021-07-07 18:32:00,CNXC
161.32,161.32,161.3,161.3,280,2021-07-07 18:33:00,CNXC
161.225,161.225,161.225,161.225,100,2021-07-07 18:37:00,CNXC
161.215,161.35,161.215,161.35,600,2021-07-07 18:38:00,CNXC
161.39,161.39,161.39,161.39,100,2021-07-07 18:40:00,CNXC
161.4,161.4,161.4,161.4,100,2021-07-07 18:41:00,CNXC
161.46,161.46,161.46,161.46,100,2021-07-07 18:43:00,CNXC
161.65,161.65,161.39,161.65,500,2021-07-07 18:46:00,CNXC
161.54,161.54,161.54,161.54,100,2021-07-07 18:49:00,CNXC
161.71,161.71,161.71,161.71,200,2021-07-07 18:50:00,CNXC
161.76,161.76,161.76,161.76,100,2021-07-07 18:55:00,CNXC
161.86,161.86,161.86,161.86,100,2021-07-07 18:56:00,CNXC
162.14,162.14,162.14,162.14,100,2021-07-07 18:58:00,CNXC
162.15,162.15,162.15,162.15,200,2021-07-07 19:00:00,CNXC
162.13,162.13,162.13,162.13,100,2021-07-07 19:01:00,CNXC
162.36,162.36,162.36,162.36,100,2021-07-07 19:02:00,CNXC
162.245,162.245,162.245,162.245,100,2021-07-07 19:05:00,CNXC
162.48,162.62,162.45,162.62,728,2021-07-07 19:10:00,CNXC
162.52,162.52,162.52,162.52,100,2021-07-07 19:11:00,CNXC
162.55,162.55,162.54,162.54,200,2021-07-07 19:14:00,CNXC
162.71,162.71,162.71,162.71,100,2021-07-07 19:17:00,CNXC
162.42,162.42,162.41,162.41,200,2021-07-07 19:18:00,CNXC
162.64,162.64,162.52,162.64,600,2021-07-07 19:22:00,CNXC
162.53,162.53,162.52,162.52,200,2021-07-07 19:26:00,CNXC
162.535,162.535,162.535,162.535,635,2021-07-07 19:28:00,CNXC
162.335,162.335,162.335,162.335,100,2021-07-07 19:29:00,CNXC
162.35,162.485,162.35,162.48,300,2021-07-07 19:31:00,CNXC
162.49,162.49,162.3,162.3,200,2021-07-07 19:32:00,CNXC
162.45,162.455,162.445,162.455,400,2021-07-07 19:38:00,CNXC
162.45,162.45,162.45,162.45,100,2021-07-07 19:39:00,CNXC
162.495,162.5,162.495,162.5,400,2021-07-07 19:40:00,CNXC
162.495,162.495,162.495,162.495,100,2021-07-07 19:41:00,CNXC
162.56,162.57,162.56,162.57,300,2021-07-07 19:42:00,CNXC
162.48,162.6,162.48,162.6,200,2021-07-07 19:43:00,CNXC
162.48,162.51,161.92,162.085,9197,2021-07-07 19:44:00,CNXC
162.27,162.27,162.105,162.105,200,2021-07-07 19:45:00,CNXC
162.4,162.4,162.24,162.245,500,2021-07-07 19:46:00,CNXC
162.3,162.39,162.3,162.39,200,2021-07-07 19:47:00,CNXC
162.39,162.51,162.36,162.51,600,2021-07-07 19:48:00,CNXC
162.395,162.395,162.395,162.395,400,2021-07-07 19:49:00,CNXC
162.395,162.435,162.385,162.435,300,2021-07-07 19:50:00,CNXC
162.35,163.4,162.28,163.325,9125,2021-07-07 19:51:00,CNXC
163.16,163.16,162.94,162.94,300,2021-07-07 19:52:00,CNXC
162.93,163.06,162.84,162.98,2000,2021-07-07 19:53:00,CNXC
162.8,163.08,162.44,162.57,2291,2021-07-07 19:54:00,CNXC
162.4,162.56,162.26,162.395,2452,2021-07-07 19:55:00,CNXC
162.28,162.76,162.235,162.6,1800,2021-07-07 19:56:00,CNXC
162.47,162.51,162.19,162.35,3590,2021-07-07 19:57:00,CNXC
162.21,162.61,162.16,162.16,5548,2021-07-07 19:58:00,CNXC
162.31,162.77,162.14,162.45,7972,2021-07-07 19:59:00,CNXC
162.31,162.78,162.31,162.31,77710,2021-07-07 20:00:00,CNXC
162.31,162.31,162.31,162.31,692,2021-07-07 20:01:00,CNXC
159.5,159.5,156.0,156.98,8632,2021-07-08 13:30:00,CNXC
158.8,159.85,157.04,157.75,1244,2021-07-08 13:31:00,CNXC
158.25,158.515,158.25,158.515,560,2021-07-08 13:32:00,CNXC
158.72,159.4,158.72,158.72,1098,2021-07-08 13:33:00,CNXC
159.505,159.505,159.505,159.505,150,2021-07-08 13:34:00,CNXC
159.0,159.0,158.97,158.97,200,2021-07-08 13:36:00,CNXC
159.02,159.15,159.02,159.15,1800,2021-07-08 13:41:00,CNXC
159.25,159.26,159.25,159.25,1500,2021-07-08 13:42:00,CNXC
159.3,159.3,159.3,159.3,1795,2021-07-08 13:43:00,CNXC
159.26,159.35,159.25,159.35,1000,2021-07-08 13:44:00,CNXC
159.58,159.6,159.58,159.59,1300,2021-07-08 13:45:00,CNXC
159.42,159.42,159.42,159.42,100,2021-07-08 13:46:00,CNXC
159.41,159.42,159.4,159.41,1435,2021-07-08 13:47:00,CNXC
159.41,159.47,159.4,159.47,900,2021-07-08 13:48:00,CNXC
159.4,159.46,159.3,159.3,7893,2021-07-08 13:49:00,CNXC
159.3,159.35,159.3,159.35,3136,2021-07-08 13:50:00,CNXC
159.39,159.39,159.39,159.39,100,2021-07-08 13:51:00,CNXC
159.4,159.4,159.4,159.4,100,2021-07-08 13:52:00,CNXC
159.41,159.71,159.36,159.36,50480,2021-07-08 13:53:00,CNXC
159.36,159.36,159.3,159.3,300,2021-07-08 13:54:00,CNXC
159.6381,159.6381,159.3,159.37,1000,2021-07-08 13:55:00,CNXC
159.49,159.51,159.49,159.51,800,2021-07-08 13:56:00,CNXC
159.17,159.17,158.69,158.69,300,2021-07-08 13:57:00,CNXC
158.905,158.905,158.905,158.905,100,2021-07-08 13:58:00,CNXC
159.46,159.71,159.46,159.71,300,2021-07-08 13:59:00,CNXC
159.69,159.69,159.69,159.69,200,2021-07-08 14:04:00,CNXC
159.75,159.75,159.75,159.75,100,2021-07-08 14:06:00,CNXC
159.89,159.89,159.89,159.89,100,2021-07-08 14:12:00,CNXC
160.03,160.03,160.03,160.03,100,2021-07-08 14:15:00,CNXC
159.42,159.42,159.38,159.38,200,2021-07-08 14:26:00,CNXC
159.38,159.625,159.3,159.405,1200,2021-07-08 14:27:00,CNXC
159.4934,159.52,159.4934,159.51,610,2021-07-08 14:28:00,CNXC
159.79,159.885,159.79,159.885,500,2021-07-08 14:29:00,CNXC
160.37,160.37,160.37,160.37,150,2021-07-08 14:37:00,CNXC
160.28,160.28,160.28,160.28,100,2021-07-08 14:42:00,CNXC
159.83,159.83,159.83,159.83,100,2021-07-08 14:49:00,CNXC
159.79,159.79,159.79,159.79,200,2021-07-08 14:51:00,CNXC
159.5,159.5,159.5,159.5,100,2021-07-08 14:58:00,CNXC
159.5,159.675,159.5,159.625,900,2021-07-08 15:00:00,CNXC
160.145,160.145,160.145,160.145,100,2021-07-08 15:04:00,CNXC
160.22,160.41,160.195,160.41,921,2021-07-08 15:06:00,CNXC
160.435,160.435,160.435,160.435,200,2021-07-08 15:08:00,CNXC
160.47,160.55,160.47,160.55,300,2021-07-08 15:09:00,CNXC
160.73,160.73,160.73,160.73,100,2021-07-08 15:15:00,CNXC
160.82,160.82,160.82,160.82,100,2021-07-08 15:21:00,CNXC
161.03,161.03,161.03,161.03,100,2021-07-08 15:22:00,CNXC
160.67,160.67,160.67,160.67,100,2021-07-08 15:24:00,CNXC
160.56,160.56,160.56,160.56,100,2021-07-08 15:25:00,CNXC
160.64,160.64,160.64,160.64,200,2021-07-08 15:26:00,CNXC
160.13,160.13,160.13,160.13,100,2021-07-08 15:33:00,CNXC
160.005,160.22,160.005,160.22,200,2021-07-08 15:36:00,CNXC
160.29,160.29,160.29,160.29,200,2021-07-08 15:37:00,CNXC
160.26,160.26,160.26,160.26,100,2021-07-08 15:38:00,CNXC
160.39,160.39,160.39,160.39,200,2021-07-08 15:41:00,CNXC
160.61,160.61,160.61,160.61,100,2021-07-08 15:46:00,CNXC
160.93,160.93,160.93,160.93,100,2021-07-08 15:51:00,CNXC
160.75,160.75,160.6,160.6,200,2021-07-08 15:53:00,CNXC
160.57,160.79,160.57,160.79,300,2021-07-08 15:54:00,CNXC
160.72,160.72,160.72,160.72,100,2021-07-08 15:55:00,CNXC
160.88,160.98,160.88,160.98,300,2021-07-08 15:57:00,CNXC
160.855,160.885,160.62,160.63,4600,2021-07-08 16:07:00,CNXC
160.77,160.77,160.77,160.77,100,2021-07-08 16:12:00,CNXC
160.35,160.49,160.17,160.2875,3830,2021-07-08 16:15:00,CNXC
160.535,160.535,160.535,160.535,471,2021-07-08 16:16:00,CNXC
160.395,160.84,160.395,160.84,700,2021-07-08 16:33:00,CNXC
161.06,161.06,161.06,161.06,200,2021-07-08 16:43:00,CNXC
160.91,160.91,160.89,160.89,200,2021-07-08 16:46:00,CNXC
160.73,160.73,160.73,160.73,100,2021-07-08 16:55:00,CNXC
160.72,160.72,160.71,160.71,200,2021-07-08 16:59:00,CNXC
160.87,160.87,160.87,160.87,100,2021-07-08 17:07:00,CNXC
160.52,160.62,160.52,160.62,400,2021-07-08 17:29:00,CNXC
160.77,160.9501,160.77,160.9501,270,2021-07-08 17:30:00,CNXC
161.04,161.05,160.955,161.05,300,2021-07-08 17:36:00,CNXC
161.04,161.04,161.02,161.02,200,2021-07-08 17:37:00,CNXC
160.88,160.89,160.88,160.89,500,2021-07-08 17:46:00,CNXC
160.5,160.71,160.5,160.71,600,2021-07-08 17:49:00,CNXC
160.65,160.65,160.65,160.65,100,2021-07-08 17:56:00,CNXC
160.44,160.44,160.39,160.39,200,2021-07-08 17:58:00,CNXC
160.41,160.41,160.41,160.41,100,2021-07-08 18:03:00,CNXC
160.67,160.69,160.67,160.69,200,2021-07-08 18:06:00,CNXC
160.59,160.6,160.59,160.6,300,2021-07-08 18:08:00,CNXC
160.63,160.68,160.63,160.655,300,2021-07-08 18:21:00,CNXC
160.66,160.66,160.66,160.66,100,2021-07-08 18:22:00,CNXC
160.5505,160.64,160.5505,160.64,203,2021-07-08 18:23:00,CNXC
160.47,160.47,160.47,160.47,100,2021-07-08 18:28:00,CNXC
160.465,160.465,160.465,160.465,100,2021-07-08 18:30:00,CNXC
160.29,160.29,160.29,160.29,100,2021-07-08 18:32:00,CNXC
160.7522,160.7522,160.7522,160.7522,212,2021-07-08 18:34:00,CNXC
160.42,160.76,160.42,160.76,300,2021-07-08 18:36:00,CNXC
160.63,160.63,160.63,160.63,100,2021-07-08 18:37:00,CNXC
160.71,160.71,160.7,160.7,250,2021-07-08 18:38:00,CNXC
160.56,160.56,160.56,160.56,299,2021-07-08 18:39:00,CNXC
160.56,160.56,160.56,160.56,300,2021-07-08 18:42:00,CNXC
160.56,160.56,160.56,160.56,178,2021-07-08 18:46:00,CNXC
160.75,160.75,160.75,160.75,100,2021-07-08 18:48:00,CNXC
160.7,160.71,160.7,160.71,300,2021-07-08 18:49:00,CNXC
160.59,160.59,160.56,160.56,300,2021-07-08 18:52:00,CNXC
160.56,160.56,160.56,160.56,100,2021-07-08 18:53:00,CNXC
160.6,160.61,160.59,160.59,600,2021-07-08 18:54:00,CNXC
160.37,160.37,160.37,160.37,100,2021-07-08 18:59:00,CNXC
160.17,160.17,160.13,160.13,200,2021-07-08 19:00:00,CNXC
160.5,160.5,160.5,160.5,1800,2021-07-08 19:03:00,CNXC
160.215,160.48,160.215,160.48,578,2021-07-08 19:04:00,CNXC
160.48,160.48,160.48,160.48,100,2021-07-08 19:08:00,CNXC
160.35,160.35,160.35,160.35,300,2021-07-08 19:09:00,CNXC
160.53,160.82,160.53,160.82,300,2021-07-08 19:10:00,CNXC
160.85,160.85,160.85,160.85,100,2021-07-08 19:11:00,CNXC
160.765,160.765,160.765,160.765,100,2021-07-08 19:14:00,CNXC
160.32,160.32,160.32,160.32,200,2021-07-08 19:15:00,CNXC
160.36,160.36,160.36,160.36,200,2021-07-08 19:18:00,CNXC
160.53,160.53,160.53,160.53,100,2021-07-08 19:21:00,CNXC
160.44,160.44,160.44,160.44,100,2021-07-08 19:22:00,CNXC
160.57,160.57,160.57,160.57,100,2021-07-08 19:24:00,CNXC
160.57,160.57,160.555,160.555,200,2021-07-08 19:25:00,CNXC
160.68,160.68,160.64,160.64,200,2021-07-08 19:26:00,CNXC
160.47,160.47,160.47,160.47,100,2021-07-08 19:27:00,CNXC
160.601,160.601,160.601,160.601,640,2021-07-08 19:28:00,CNXC
160.67,160.67,160.67,160.67,100,2021-07-08 19:29:00,CNXC
160.39,160.39,160.18,160.18,200,2021-07-08 19:30:00,CNXC
160.35,160.35,160.35,160.35,370,2021-07-08 19:31:00,CNXC
160.2625,160.2625,160.2625,160.2625,100,2021-07-08 19:32:00,CNXC
160.16,160.34,160.16,160.19,500,2021-07-08 19:36:00,CNXC
160.34,160.37,160.34,160.37,200,2021-07-08 19:37:00,CNXC
160.52,160.52,160.52,160.52,100,2021-07-08 19:41:00,CNXC
160.24,160.24,160.18,160.18,200,2021-07-08 19:43:00,CNXC
160.41,160.41,160.09,160.09,200,2021-07-08 19:46:00,CNXC
160.38,160.4,160.11,160.11,632,2021-07-08 19:47:00,CNXC
160.34,160.34,160.2,160.2,200,2021-07-08 19:48:00,CNXC
160.245,160.245,160.245,160.245,100,2021-07-08 19:49:00,CNXC
160.07,160.13,160.02,160.02,1336,2021-07-08 19:50:00,CNXC
160.01,160.01,159.76,160.0,900,2021-07-08 19:51:00,CNXC
159.905,160.0,159.83,159.83,600,2021-07-08 19:52:00,CNXC
159.8,159.88,159.8,159.88,200,2021-07-08 19:53:00,CNXC
159.78,160.04,159.75,159.75,1203,2021-07-08 19:54:00,CNXC
159.765,159.9,159.765,159.9,200,2021-07-08 19:55:00,CNXC
159.975,160.14,159.8,160.08,1000,2021-07-08 19:57:00,CNXC
160.125,160.195,160.08,160.195,700,2021-07-08 19:58:00,CNXC
160.2,160.57,160.18,160.37,1476,2021-07-08 19:59:00,CNXC
160.17,160.17,160.17,160.17,14719,2021-07-08 20:00:00,CNXC
160.17,160.17,160.17,160.17,395,2021-07-08 20:01:00,CNXC
160.38,160.38,160.38,160.38,1327,2021-07-09 13:30:00,CNXC
160.38,160.38,160.38,160.38,100,2021-07-09 13:52:00,CNXC
161.99,161.99,161.99,161.99,100,2021-07-09 14:07:00,CNXC
162.61,163.04,162.61,163.04,30100,2021-07-09 14:20:00,CNXC
162.46,162.46,162.46,162.46,100,2021-07-09 14:22:00,CNXC
162.22,162.22,162.22,162.22,100,2021-07-09 14:24:00,CNXC
161.485,161.485,161.485,161.485,100,2021-07-09 14:28:00,CNXC
161.485,161.485,161.48,161.48,324,2021-07-09 14:29:00,CNXC
161.5,161.5,161.44,161.44,200,2021-07-09 14:31:00,CNXC
161.695,161.695,161.695,161.695,100,2021-07-09 14:34:00,CNXC
161.485,161.64,161.485,161.64,200,2021-07-09 14:36:00,CNXC
161.545,161.545,161.25,161.25,200,2021-07-09 14:37:00,CNXC
161.535,161.535,161.535,161.535,103,2021-07-09 14:38:00,CNXC
161.535,161.535,161.535,161.535,200,2021-07-09 14:39:00,CNXC
161.535,161.535,161.535,161.535,100,2021-07-09 14:41:00,CNXC
161.67,161.68,161.67,161.68,200,2021-07-09 14:42:00,CNXC
161.58,161.69,161.5,161.69,866,2021-07-09 14:45:00,CNXC
161.6,161.6,161.6,161.6,100,2021-07-09 14:47:00,CNXC
161.902,161.902,161.71,161.71,200,2021-07-09 14:49:00,CNXC
161.595,161.595,161.595,161.595,100,2021-07-09 14:50:00,CNXC
161.44,161.44,161.44,161.44,275,2021-07-09 14:55:00,CNXC
161.515,161.515,161.515,161.515,200,2021-07-09 14:56:00,CNXC
161.525,161.525,161.525,161.525,100,2021-07-09 14:58:00,CNXC
161.09,161.09,161.09,161.09,100,2021-07-09 15:00:00,CNXC
161.145,161.145,161.145,161.145,100,2021-07-09 15:01:00,CNXC
161.58,161.58,161.53,161.53,300,2021-07-09 15:02:00,CNXC
161.6,161.64,161.55,161.55,400,2021-07-09 15:05:00,CNXC
161.595,161.63,161.595,161.611,368,2021-07-09 15:06:00,CNXC
161.475,161.475,161.475,161.475,100,2021-07-09 15:07:00,CNXC
161.87,161.87,161.87,161.87,100,2021-07-09 15:08:00,CNXC
161.69,161.69,161.69,161.69,100,2021-07-09 15:10:00,CNXC
161.785,161.895,161.785,161.895,300,2021-07-09 15:12:00,CNXC
161.735,161.735,161.735,161.735,100,2021-07-09 15:21:00,CNXC
161.84,161.915,161.84,161.895,600,2021-07-09 15:25:00,CNXC
161.75,161.95,161.75,161.95,300,2021-07-09 15:27:00,CNXC
162.0681,162.0681,161.995,161.995,610,2021-07-09 15:28:00,CNXC
161.8,162.06,161.8,162.0,400,2021-07-09 15:29:00,CNXC
162.23,162.23,162.23,162.23,100,2021-07-09 15:30:00,CNXC
161.845,161.845,161.845,161.845,200,2021-07-09 15:31:00,CNXC
161.96,161.96,161.96,161.96,100,2021-07-09 15:32:00,CNXC
161.92,161.965,161.84,161.965,1000,2021-07-09 15:33:00,CNXC
162.07,162.07,161.9,162.0,1338,2021-07-09 15:34:00,CNXC
161.955,161.955,161.955,161.955,121,2021-07-09 15:35:00,CNXC
161.87,161.99,161.87,161.99,2419,2021-07-09 15:36:00,CNXC
161.785,161.785,161.785,161.785,100,2021-07-09 15:37:00,CNXC
162.01,162.06,162.01,162.06,300,2021-07-09 15:38:00,CNXC
162.0,162.0,162.0,162.0,300,2021-07-09 15:40:00,CNXC
162.25,162.25,162.25,162.25,100,2021-07-09 15:44:00,CNXC
161.94,161.97,161.94,161.97,400,2021-07-09 15:49:00,CNXC
161.895,162.12,161.895,162.12,500,2021-07-09 15:50:00,CNXC
162.12,162.12,162.12,162.12,100,2021-07-09 15:55:00,CNXC
162.3954,162.3954,161.96,161.96,550,2021-07-09 15:56:00,CNXC
162.19,162.19,162.19,162.19,100,2021-07-09 15:57:00,CNXC
162.05,162.05,162.05,162.05,100,2021-07-09 15:58:00,CNXC
162.04,162.04,162.04,162.04,100,2021-07-09 16:00:00,CNXC
161.92,161.99,161.92,161.99,206,2021-07-09 16:04:00,CNXC
161.99,162.09,161.99,162.0279,330,2021-07-09 16:14:00,CNXC
161.975,161.975,161.975,161.975,100,2021-07-09 16:16:00,CNXC
161.99,161.99,161.99,161.99,100,2021-07-09 16:21:00,CNXC
161.86,161.86,161.86,161.86,100,2021-07-09 16:22:00,CNXC
162.11,162.11,162.11,162.11,100,2021-07-09 16:24:00,CNXC
162.03,162.03,162.03,162.03,300,2021-07-09 16:34:00,CNXC
162.18,162.18,162.18,162.18,200,2021-07-09 16:35:00,CNXC
162.11,162.11,162.11,162.11,200,2021-07-09 16:37:00,CNXC
162.06,162.11,162.06,162.11,400,2021-07-09 16:38:00,CNXC
162.1,162.1,161.8,161.8,900,2021-07-09 16:48:00,CNXC
161.89,162.0,161.89,162.0,800,2021-07-09 16:49:00,CNXC
161.985,161.985,161.985,161.985,900,2021-07-09 16:52:00,CNXC
161.985,161.985,161.985,161.985,102,2021-07-09 16:53:00,CNXC
161.79,161.79,161.79,161.79,440,2021-07-09 16:54:00,CNXC
161.98,161.98,161.98,161.98,100,2021-07-09 16:55:00,CNXC
161.915,161.915,161.915,161.915,100,2021-07-09 16:57:00,CNXC
161.915,161.915,161.915,161.915,200,2021-07-09 16:58:00,CNXC
162.0,162.0,161.96,161.96,300,2021-07-09 16:59:00,CNXC
161.95,161.95,161.95,161.95,200,2021-07-09 17:00:00,CNXC
162.01,162.01,162.0004,162.0004,200,2021-07-09 17:02:00,CNXC
161.93,161.93,161.93,161.93,100,2021-07-09 17:05:00,CNXC
162.31,162.31,162.29,162.29,300,2021-07-09 17:24:00,CNXC
162.18,162.28,162.18,162.28,300,2021-07-09 17:34:00,CNXC
162.3,162.3,162.3,162.3,472,2021-07-09 17:35:00,CNXC
162.05,162.05,162.05,162.05,100,2021-07-09 17:38:00,CNXC
162.15,162.15,162.15,162.15,100,2021-07-09 17:41:00,CNXC
162.15,162.16,162.15,162.16,300,2021-07-09 17:48:00,CNXC
162.02,162.02,161.99,161.99,200,2021-07-09 17:51:00,CNXC
162.055,162.055,162.055,162.055,100,2021-07-09 18:02:00,CNXC
162.08,162.08,162.08,162.08,100,2021-07-09 18:04:00,CNXC
161.99,162.385,161.99,162.385,700,2021-07-09 18:06:00,CNXC
162.195,162.195,162.195,162.195,103,2021-07-09 18:07:00,CNXC
162.17,162.17,162.17,162.17,100,2021-07-09 18:13:00,CNXC
162.32,162.4,162.32,162.4,400,2021-07-09 18:16:00,CNXC
162.44,162.44,162.44,162.44,100,2021-07-09 18:20:00,CNXC
162.4,162.4,162.4,162.4,100,2021-07-09 18:22:00,CNXC
162.28,162.4,162.26,162.36,400,2021-07-09 18:26:00,CNXC
162.4,162.4,162.4,162.4,100,2021-07-09 18:29:00,CNXC
162.43,162.43,162.43,162.43,100,2021-07-09 18:31:00,CNXC
162.57,162.57,162.475,162.475,200,2021-07-09 18:33:00,CNXC
162.37,162.37,162.31,162.35,400,2021-07-09 18:34:00,CNXC
162.46,162.46,162.46,162.46,200,2021-07-09 18:45:00,CNXC
162.48,162.48,162.48,162.48,100,2021-07-09 18:49:00,CNXC
162.4,162.4,162.4,162.4,100,2021-07-09 18:53:00,CNXC
162.4,162.4,162.4,162.4,200,2021-07-09 19:00:00,CNXC
162.46,162.46,162.32,162.32,543,2021-07-09 19:01:00,CNXC
162.29,162.29,162.29,162.29,100,2021-07-09 19:02:00,CNXC
162.29,162.29,162.29,162.29,100,2021-07-09 19:06:00,CNXC
162.39,162.59,162.39,162.59,500,2021-07-09 19:12:00,CNXC
162.61,162.62,162.58,162.58,459,2021-07-09 19:17:00,CNXC
162.4422,162.4422,162.4422,162.4422,133,2021-07-09 19:18:00,CNXC
162.77,162.77,162.77,162.77,100,2021-07-09 19:21:00,CNXC
162.59,162.59,162.59,162.59,300,2021-07-09 19:23:00,CNXC
162.62,162.62,162.62,162.62,200,2021-07-09 19:26:00,CNXC
162.68,162.68,162.68,162.68,200,2021-07-09 19:27:00,CNXC
162.7,162.7,162.56,162.58,730,2021-07-09 19:28:00,CNXC
162.62,162.62,162.605,162.605,367,2021-07-09 19:33:00,CNXC
162.78,162.78,162.78,162.78,100,2021-07-09 19:35:00,CNXC
162.78,162.78,162.78,162.78,100,2021-07-09 19:36:00,CNXC
162.64,162.78,162.64,162.78,200,2021-07-09 19:37:00,CNXC
162.635,162.635,162.635,162.635,100,2021-07-09 19:38:00,CNXC
162.78,162.79,162.72,162.79,600,2021-07-09 19:39:00,CNXC
162.66,162.66,162.66,162.66,200,2021-07-09 19:40:00,CNXC
162.58,162.64,162.49,162.64,500,2021-07-09 19:42:00,CNXC
162.47,162.47,162.47,162.47,100,2021-07-09 19:44:00,CNXC
162.475,162.55,162.475,162.55,516,2021-07-09 19:46:00,CNXC
162.57,162.63,162.44,162.505,1591,2021-07-09 19:47:00,CNXC
162.53,162.54,162.53,162.54,200,2021-07-09 19:48:00,CNXC
162.52,162.52,162.42,162.5,400,2021-07-09 19:49:00,CNXC
162.56,162.65,162.52,162.6,1671,2021-07-09 19:50:00,CNXC
162.64,162.64,162.64,162.64,100,2021-07-09 19:52:00,CNXC
162.69,162.69,162.61,162.63,832,2021-07-09 19:53:00,CNXC
162.65,162.69,162.55,162.55,1805,2021-07-09 19:54:00,CNXC
162.54,162.64,162.54,162.625,1496,2021-07-09 19:55:00,CNXC
162.615,162.62,162.55,162.615,400,2021-07-09 19:56:00,CNXC
162.61,162.61,162.57,162.57,200,2021-07-09 19:57:00,CNXC
162.43,162.575,162.43,162.49,2453,2021-07-09 19:58:00,CNXC
162.47,162.74,162.45,162.66,6102,2021-07-09 19:59:00,CNXC
162.64,162.64,162.64,162.64,30855,2021-07-09 20:00:00,CNXC
162.64,162.64,162.64,162.64,167,2021-07-09 20:01:00,CNXC
162.4,162.4,162.4,162.4,1084,2021-07-12 13:30:00,CNXC
163.67,163.67,163.67,163.67,100,2021-07-12 13:33:00,CNXC
163.2732,163.2732,163.2732,163.2732,100,2021-07-12 13:35:00,CNXC
162.28,162.28,162.28,162.28,100,2021-07-12 13:37:00,CNXC
161.065,161.56,160.9,161.16,12908,2021-07-12 13:50:00,CNXC
161.17,161.22,160.895,160.895,700,2021-07-12 13:51:00,CNXC
160.895,161.21,160.65,161.21,500,2021-07-12 13:52:00,CNXC
161.36,161.36,160.365,160.65,4200,2021-07-12 13:54:00,CNXC
160.365,160.65,160.365,160.58,3038,2021-07-12 13:55:00,CNXC
161.17,161.215,160.75,161.0,2036,2021-07-12 13:56:00,CNXC
161.0,161.0,160.985,160.985,550,2021-07-12 13:57:00,CNXC
160.76,161.17,160.42,161.17,2799,2021-07-12 13:58:00,CNXC
160.95,161.25,160.95,161.245,575,2021-07-12 14:01:00,CNXC
160.975,160.975,160.975,160.975,116,2021-07-12 14:03:00,CNXC
161.01,161.01,160.94,160.94,600,2021-07-12 14:04:00,CNXC
160.85,160.8975,160.85,160.8975,200,2021-07-12 14:05:00,CNXC
160.83,160.835,160.83,160.835,300,2021-07-12 14:06:00,CNXC
161.05,161.19,161.05,161.19,308,2021-07-12 14:08:00,CNXC
161.71,161.71,161.71,161.71,100,2021-07-12 14:10:00,CNXC
161.51,161.51,161.51,161.51,100,2021-07-12 14:11:00,CNXC
161.54,161.58,161.54,161.58,200,2021-07-12 14:13:00,CNXC
161.03,161.03,161.03,161.03,100,2021-07-12 14:14:00,CNXC
161.51,161.51,161.51,161.51,100,2021-07-12 14:15:00,CNXC
161.53,161.53,161.53,161.53,100,2021-07-12 14:19:00,CNXC
161.29,161.29,161.29,161.29,100,2021-07-12 14:20:00,CNXC
161.375,161.375,161.375,161.375,100,2021-07-12 14:22:00,CNXC
161.5,161.5,161.5,161.5,200,2021-07-12 14:24:00,CNXC
161.53,161.53,161.53,161.53,125,2021-07-12 14:26:00,CNXC
161.53,162.02,161.53,162.02,937,2021-07-12 14:29:00,CNXC
161.98,161.98,161.98,161.98,100,2021-07-12 14:31:00,CNXC
161.99,161.99,161.99,161.99,100,2021-07-12 14:33:00,CNXC
161.695,161.99,161.695,161.99,200,2021-07-12 14:37:00,CNXC
161.67,161.67,161.67,161.67,200,2021-07-12 14:41:00,CNXC
161.92,161.92,161.4131,161.4131,200,2021-07-12 14:42:00,CNXC
161.73,161.73,161.73,161.73,100,2021-07-12 14:44:00,CNXC
161.475,161.475,161.475,161.475,100,2021-07-12 14:48:00,CNXC
161.51,161.51,161.51,161.51,100,2021-07-12 14:51:00,CNXC
161.315,161.315,161.315,161.315,100,2021-07-12 14:52:00,CNXC
161.52,161.52,161.315,161.315,200,2021-07-12 14:53:00,CNXC
161.57,161.57,161.57,161.57,215,2021-07-12 14:56:00,CNXC
161.42,161.745,161.42,161.745,977,2021-07-12 14:57:00,CNXC
161.96,161.96,161.96,161.96,100,2021-07-12 14:58:00,CNXC
161.97,161.97,161.97,161.97,200,2021-07-12 15:00:00,CNXC
161.52,161.52,161.52,161.52,100,2021-07-12 15:02:00,CNXC
161.83,161.83,161.83,161.83,100,2021-07-12 15:03:00,CNXC
161.88,161.88,161.88,161.88,100,2021-07-12 15:05:00,CNXC
161.78,161.78,161.78,161.78,100,2021-07-12 15:08:00,CNXC
161.35,161.35,161.35,161.35,100,2021-07-12 15:09:00,CNXC
161.5,161.5,161.5,161.5,175,2021-07-12 15:10:00,CNXC
161.43,161.45,161.42,161.42,500,2021-07-12 15:11:00,CNXC
161.36,161.36,161.2,161.315,400,2021-07-12 15:15:00,CNXC
161.285,161.285,161.285,161.285,100,2021-07-12 15:16:00,CNXC
161.48,161.56,161.48,161.56,200,2021-07-12 15:18:00,CNXC
161.39,161.39,161.39,161.39,100,2021-07-12 15:19:00,CNXC
161.6,161.6,161.24,161.24,1829,2021-07-12 15:21:00,CNXC
161.268,161.268,161.268,161.268,200,2021-07-12 15:22:00,CNXC
161.19,161.19,161.19,161.19,100,2021-07-12 15:24:00,CNXC
161.39,161.39,161.225,161.225,200,2021-07-12 15:26:00,CNXC
161.26,161.26,161.26,161.26,100,2021-07-12 15:27:00,CNXC
161.41,161.41,161.41,161.41,100,2021-07-12 15:28:00,CNXC
161.3,161.3,161.3,161.3,100,2021-07-12 15:30:00,CNXC
161.35,161.35,161.35,161.35,100,2021-07-12 15:33:00,CNXC
161.22,161.22,161.22,161.22,100,2021-07-12 15:35:00,CNXC
161.175,161.175,161.175,161.175,100,2021-07-12 15:37:00,CNXC
161.31,161.31,161.0328,161.0328,200,2021-07-12 15:38:00,CNXC
161.33,161.33,161.33,161.33,100,2021-07-12 15:45:00,CNXC
161.33,161.33,161.33,161.33,100,2021-07-12 15:46:00,CNXC
161.345,161.49,161.345,161.49,3576,2021-07-12 15:48:00,CNXC
161.49,161.695,161.49,161.695,700,2021-07-12 15:49:00,CNXC
161.73,161.73,161.73,161.73,100,2021-07-12 15:51:00,CNXC
161.75,161.75,161.47,161.47,900,2021-07-12 15:52:00,CNXC
161.565,161.565,161.565,161.565,100,2021-07-12 15:54:00,CNXC
161.47,161.47,161.47,161.47,444,2021-07-12 15:55:00,CNXC
161.45,161.45,161.325,161.325,200,2021-07-12 15:57:00,CNXC
161.32,161.32,161.32,161.32,100,2021-07-12 15:58:00,CNXC
161.29,161.29,161.29,161.29,100,2021-07-12 16:03:00,CNXC
161.21,161.21,161.21,161.21,100,2021-07-12 16:09:00,CNXC
161.31,161.31,161.31,161.31,100,2021-07-12 16:11:00,CNXC
161.35,161.41,161.35,161.41,392,2021-07-12 16:14:00,CNXC
161.42,161.42,161.42,161.42,100,2021-07-12 16:16:00,CNXC
161.45,161.45,161.45,161.45,100,2021-07-12 16:17:00,CNXC
161.37,161.37,161.36,161.36,400,2021-07-12 16:18:00,CNXC
161.42,161.45,161.42,161.45,200,2021-07-12 16:22:00,CNXC
161.45,161.45,161.45,161.45,200,2021-07-12 16:23:00,CNXC
161.24,161.26,161.24,161.26,200,2021-07-12 16:32:00,CNXC
161.5,161.5,161.5,161.5,100,2021-07-12 16:33:00,CNXC
161.51,161.51,161.51,161.51,100,2021-07-12 16:36:00,CNXC
161.63,161.63,161.63,161.63,100,2021-07-12 16:42:00,CNXC
161.62,161.62,161.62,161.62,100,2021-07-12 16:43:00,CNXC
161.82,161.82,161.82,161.82,100,2021-07-12 16:48:00,CNXC
162.04,162.04,162.04,162.04,100,2021-07-12 16:55:00,CNXC
161.97,161.97,161.97,161.97,100,2021-07-12 16:57:00,CNXC
161.785,161.89,161.785,161.89,200,2021-07-12 17:01:00,CNXC
162.09,162.11,162.09,162.11,200,2021-07-12 17:07:00,CNXC
162.12,162.12,162.12,162.12,300,2021-07-12 17:08:00,CNXC
161.99,161.99,161.93,161.93,200,2021-07-12 17:16:00,CNXC
161.64,161.75,161.64,161.67,1359,2021-07-12 17:17:00,CNXC
161.705,161.705,161.705,161.705,100,2021-07-12 17:22:00,CNXC
161.98,161.98,161.98,161.98,300,2021-07-12 17:27:00,CNXC
162.09,162.09,162.09,162.09,100,2021-07-12 17:34:00,CNXC
161.99,161.99,161.99,161.99,100,2021-07-12 17:36:00,CNXC
162.19,162.19,162.19,162.19,200,2021-07-12 17:44:00,CNXC
162.27,162.27,162.27,162.27,100,2021-07-12 17:49:00,CNXC
162.435,162.435,162.435,162.435,100,2021-07-12 17:52:00,CNXC
162.4,162.4,162.38,162.38,200,2021-07-12 17:59:00,CNXC
162.61,162.61,162.61,162.61,100,2021-07-12 18:03:00,CNXC
162.55,162.55,162.55,162.55,100,2021-07-12 18:09:00,CNXC
162.36,162.36,162.36,162.36,100,2021-07-12 18:10:00,CNXC
162.2,162.2,162.2,162.2,100,2021-07-12 18:21:00,CNXC
162.48,162.48,162.48,162.48,100,2021-07-12 18:27:00,CNXC
162.57,162.695,162.42,162.42,1000,2021-07-12 18:29:00,CNXC
162.12,162.24,162.01,162.2,13854,2021-07-12 18:30:00,CNXC
162.2,162.44,162.05,162.4,1603,2021-07-12 18:31:00,CNXC
162.44,162.51,162.1,162.1,1459,2021-07-12 18:32:00,CNXC
161.9,161.9,161.9,161.9,100,2021-07-12 18:39:00,CNXC
162.0,162.03,162.0,162.03,200,2021-07-12 18:43:00,CNXC
161.73,161.73,161.73,161.73,200,2021-07-12 18:45:00,CNXC
161.68,161.68,161.68,161.68,300,2021-07-12 18:48:00,CNXC
161.67,161.67,161.67,161.67,100,2021-07-12 18:49:00,CNXC
161.68,161.81,161.68,161.81,200,2021-07-12 18:50:00,CNXC
161.82,161.82,161.82,161.82,100,2021-07-12 18:53:00,CNXC
161.96,161.96,161.96,161.96,100,2021-07-12 18:56:00,CNXC
161.8,161.82,161.8,161.82,200,2021-07-12 18:58:00,CNXC
161.81,161.81,161.81,161.81,100,2021-07-12 19:01:00,CNXC
161.56,161.56,161.5,161.5,250,2021-07-12 19:02:00,CNXC
161.635,161.635,161.635,161.635,100,2021-07-12 19:03:00,CNXC
161.64,161.64,161.64,161.64,428,2021-07-12 19:09:00,CNXC
161.76,161.9,161.76,161.9,200,2021-07-12 19:11:00,CNXC
161.89,161.89,161.89,161.89,496,2021-07-12 19:12:00,CNXC
161.95,161.95,161.82,161.82,200,2021-07-12 19:13:00,CNXC
161.79,161.79,161.78,161.78,200,2021-07-12 19:14:00,CNXC
161.79,161.79,161.79,161.79,100,2021-07-12 19:15:00,CNXC
161.82,161.82,161.82,161.82,100,2021-07-12 19:18:00,CNXC
161.59,161.59,161.59,161.59,100,2021-07-12 19:23:00,CNXC
161.66,161.66,161.66,161.66,100,2021-07-12 19:25:00,CNXC
161.55,161.55,161.49,161.49,300,2021-07-12 19:27:00,CNXC
161.29,161.435,161.29,161.435,243,2021-07-12 19:28:00,CNXC
161.435,161.435,161.43,161.435,500,2021-07-12 19:30:00,CNXC
161.625,161.77,161.625,161.77,200,2021-07-12 19:32:00,CNXC
161.56,161.56,161.56,161.56,100,2021-07-12 19:33:00,CNXC
161.68,161.68,161.66,161.66,400,2021-07-12 19:35:00,CNXC
161.66,161.67,161.49,161.67,600,2021-07-12 19:36:00,CNXC
161.62,161.62,161.62,161.62,100,2021-07-12 19:37:00,CNXC
161.525,161.61,161.5075,161.525,400,2021-07-12 19:38:00,CNXC
161.56,161.56,161.49,161.56,1015,2021-07-12 19:39:00,CNXC
161.63,161.79,161.63,161.66,400,2021-07-12 19:40:00,CNXC
161.76,161.79,161.76,161.79,200,2021-07-12 19:41:00,CNXC
161.76,161.7899,161.64,161.7899,810,2021-07-12 19:42:00,CNXC
161.77,161.77,161.635,161.635,300,2021-07-12 19:43:00,CNXC
161.645,161.74,161.645,161.74,200,2021-07-12 19:44:00,CNXC
161.54,161.54,161.54,161.54,100,2021-07-12 19:45:00,CNXC
161.65,161.65,161.65,161.65,100,2021-07-12 19:46:00,CNXC
161.81,161.81,161.67,161.67,200,2021-07-12 19:47:00,CNXC
161.67,161.67,161.66,161.66,200,2021-07-12 19:48:00,CNXC
161.67,161.73,161.66,161.73,300,2021-07-12 19:49:00,CNXC
161.54,161.7,161.54,161.69,800,2021-07-12 19:50:00,CNXC
161.65,161.65,161.625,161.625,200,2021-07-12 19:51:00,CNXC
161.61,161.93,161.56,161.93,2393,2021-07-12 19:52:00,CNXC
161.75,162.11,161.75,162.11,1352,2021-07-12 19:53:00,CNXC
162.01,162.31,161.37,161.66,13433,2021-07-12 19:54:00,CNXC
161.87,162.08,161.57,161.925,4562,2021-07-12 19:55:00,CNXC
162.03,162.03,161.725,161.76,2296,2021-07-12 19:56:00,CNXC
161.94,162.08,161.785,162.0,2900,2021-07-12 19:57:00,CNXC
162.0,162.2,161.985,162.08,5036,2021-07-12 19:58:00,CNXC
162.02,162.15,161.93,162.0,4836,2021-07-12 19:59:00,CNXC
162.0,162.0,162.0,162.0,61713,2021-07-12 20:00:00,CNXC
161.31,163.5595,161.31,163.5595,1147,2021-07-13 13:30:00,CNXC
162.48,163.1,162.48,163.1,955,2021-07-13 13:31:00,CNXC
161.75,161.75,161.75,161.75,100,2021-07-13 13:32:00,CNXC
161.75,162.59,161.75,162.59,476,2021-07-13 13:33:00,CNXC
162.55,162.75,162.55,162.56,500,2021-07-13 13:34:00,CNXC
162.55,162.55,162.55,162.55,700,2021-07-13 13:35:00,CNXC
162.5693,163.02,162.55,163.02,2084,2021-07-13 13:36:00,CNXC
162.83,162.83,162.83,162.83,100,2021-07-13 13:39:00,CNXC
162.88,163.15,162.81,162.88,500,2021-07-13 13:40:00,CNXC
163.145,163.49,163.12,163.29,1178,2021-07-13 13:42:00,CNXC
163.3,163.61,162.84,162.86,500,2021-07-13 13:43:00,CNXC
163.18,163.21,163.18,163.21,200,2021-07-13 13:44:00,CNXC
163.61,163.72,163.28,163.71,1640,2021-07-13 13:47:00,CNXC
163.72,164.07,163.72,163.76,1655,2021-07-13 13:48:00,CNXC
164.2,164.2,163.29,163.29,544,2021-07-13 13:59:00,CNXC
162.8,163.18,162.8,163.03,957,2021-07-13 14:02:00,CNXC
163.03,163.03,163.03,163.03,100,2021-07-13 14:04:00,CNXC
163.03,163.03,163.03,163.03,100,2021-07-13 14:05:00,CNXC
163.15,163.15,163.0,163.15,400,2021-07-13 14:06:00,CNXC
163.1001,163.15,163.1001,163.15,200,2021-07-13 14:08:00,CNXC
163.15,163.15,163.15,163.15,100,2021-07-13 14:09:00,CNXC
163.0,163.29,163.0,163.29,1600,2021-07-13 14:10:00,CNXC
163.145,163.22,163.145,163.22,300,2021-07-13 14:11:00,CNXC
163.145,163.48,163.145,163.48,25308,2021-07-13 14:12:00,CNXC
163.415,163.415,163.415,163.415,100,2021-07-13 14:14:00,CNXC
163.19,163.38,163.0,163.0,692,2021-07-13 14:20:00,CNXC
163.03,163.03,163.03,163.03,100,2021-07-13 14:22:00,CNXC
163.06,163.06,163.06,163.06,100,2021-07-13 14:23:00,CNXC
163.07,163.07,163.03,163.03,300,2021-07-13 14:24:00,CNXC
163.0,163.0,163.0,163.0,100,2021-07-13 14:25:00,CNXC
163.0,163.0,163.0,163.0,200,2021-07-13 14:26:00,CNXC
163.03,163.03,163.03,163.03,100,2021-07-13 14:27:00,CNXC
163.15,163.32,163.09,163.32,400,2021-07-13 14:28:00,CNXC
163.2,163.315,163.2,163.315,400,2021-07-13 14:31:00,CNXC
163.055,163.29,163.055,163.29,200,2021-07-13 14:33:00,CNXC
163.4022,163.4022,163.4022,163.4022,360,2021-07-13 14:38:00,CNXC
163.45,163.95,163.45,163.77,900,2021-07-13 14:39:00,CNXC
163.88,164.08,163.873,164.08,429,2021-07-13 14:42:00,CNXC
164.025,164.025,164.025,164.025,100,2021-07-13 14:43:00,CNXC
163.9,163.91,163.9,163.9,532,2021-07-13 14:44:00,CNXC
163.7,163.94,163.7,163.905,400,2021-07-13 14:46:00,CNXC
163.7,163.83,163.7,163.83,300,2021-07-13 14:47:00,CNXC
163.94,163.9994,163.94,163.9994,200,2021-07-13 14:48:00,CNXC
163.85,164.02,163.85,164.02,200,2021-07-13 14:53:00,CNXC
164.14,164.22,164.0,164.0,300,2021-07-13 14:54:00,CNXC
164.127,164.225,164.127,164.225,700,2021-07-13 14:56:00,CNXC
163.98,163.98,163.92,163.92,200,2021-07-13 14:58:00,CNXC
163.71,163.71,163.71,163.71,100,2021-07-13 15:00:00,CNXC
163.7,163.74,163.7,163.74,400,2021-07-13 15:03:00,CNXC
163.69,163.69,163.69,163.69,100,2021-07-13 15:04:00,CNXC
163.65,163.65,163.65,163.65,200,2021-07-13 15:05:00,CNXC
163.65,163.65,163.65,163.65,100,2021-07-13 15:06:00,CNXC
163.72,163.76,163.72,163.76,300,2021-07-13 15:07:00,CNXC
163.62,163.825,163.62,163.825,300,2021-07-13 15:13:00,CNXC
163.63,163.63,163.63,163.63,100,2021-07-13 15:15:00,CNXC
163.63,163.63,163.63,163.63,100,2021-07-13 15:16:00,CNXC
163.8,163.8,163.8,163.8,100,2021-07-13 15:19:00,CNXC
163.87,164.08,163.87,163.875,700,2021-07-13 15:28:00,CNXC
163.865,163.865,163.865,163.865,100,2021-07-13 15:29:00,CNXC
163.85,163.85,163.85,163.85,100,2021-07-13 15:33:00,CNXC
163.65,163.65,163.65,163.65,150,2021-07-13 15:35:00,CNXC
163.77,163.83,163.75,163.82,400,2021-07-13 15:42:00,CNXC
163.82,163.82,163.73,163.73,700,2021-07-13 15:43:00,CNXC
163.65,163.65,163.65,163.65,100,2021-07-13 15:52:00,CNXC
163.765,163.89,163.765,163.82,1200,2021-07-13 15:56:00,CNXC
163.75,163.75,163.75,163.75,100,2021-07-13 15:57:00,CNXC
163.705,163.705,163.705,163.705,100,2021-07-13 16:00:00,CNXC
163.65,163.76,163.65,163.75,1800,2021-07-13 16:01:00,CNXC
163.71,163.71,163.64,163.64,600,2021-07-13 16:02:00,CNXC
163.63,163.63,163.5,163.5,300,2021-07-13 16:03:00,CNXC
163.53,163.53,163.53,163.53,187,2021-07-13 16:04:00,CNXC
163.53,163.83,163.51,163.83,3504,2021-07-13 16:05:00,CNXC
163.83,163.83,163.83,163.83,100,2021-07-13 16:12:00,CNXC
163.855,163.855,163.855,163.855,100,2021-07-13 16:19:00,CNXC
163.86,163.895,163.86,163.895,200,2021-07-13 16:22:00,CNXC
163.79,163.79,163.79,163.79,100,2021-07-13 16:24:00,CNXC
163.75,163.75,163.75,163.75,200,2021-07-13 16:25:00,CNXC
163.8,163.8,163.8,163.8,100,2021-07-13 16:28:00,CNXC
163.815,163.87,163.815,163.87,300,2021-07-13 16:36:00,CNXC
164.13,164.28,164.02,164.28,500,2021-07-13 16:40:00,CNXC
164.19,164.19,164.17,164.17,300,2021-07-13 16:43:00,CNXC
164.34,164.34,164.34,164.34,100,2021-07-13 16:47:00,CNXC
164.1,164.1,164.1,164.1,100,2021-07-13 16:49:00,CNXC
164.12,164.12,164.12,164.12,100,2021-07-13 16:50:00,CNXC
163.96,163.96,163.95,163.95,200,2021-07-13 17:03:00,CNXC
163.745,163.84,163.745,163.84,300,2021-07-13 17:05:00,CNXC
163.85,163.85,163.85,163.85,400,2021-07-13 17:13:00,CNXC
163.61,163.61,163.61,163.61,100,2021-07-13 17:16:00,CNXC
163.6,163.69,163.6,163.66,600,2021-07-13 17:17:00,CNXC
163.62,163.62,163.6,163.6,500,2021-07-13 17:18:00,CNXC
163.28,163.29,163.28,163.29,200,2021-07-13 17:23:00,CNXC
163.27,163.27,163.27,163.27,100,2021-07-13 17:24:00,CNXC
163.17,163.17,163.09,163.09,200,2021-07-13 17:25:00,CNXC
163.14,163.43,162.92,163.43,2505,2021-07-13 17:26:00,CNXC
163.21,163.21,163.21,163.21,300,2021-07-13 17:28:00,CNXC
163.28,163.28,163.28,163.28,100,2021-07-13 17:30:00,CNXC
163.35,163.35,163.34,163.34,200,2021-07-13 17:31:00,CNXC
163.33,163.33,163.33,163.33,100,2021-07-13 17:34:00,CNXC
163.42,163.62,163.32,163.62,4411,2021-07-13 17:35:00,CNXC
163.61,163.61,163.61,163.61,200,2021-07-13 17:36:00,CNXC
163.57,163.57,163.57,163.57,200,2021-07-13 17:38:00,CNXC
163.565,163.565,163.565,163.565,100,2021-07-13 17:41:00,CNXC
163.56,163.56,162.66,163.08,57060,2021-07-13 17:42:00,CNXC
163.075,163.24,163.075,163.24,3500,2021-07-13 17:43:00,CNXC
163.24,163.24,163.24,163.24,200,2021-07-13 17:44:00,CNXC
163.26,163.34,163.25,163.34,600,2021-07-13 17:45:00,CNXC
163.29,163.29,163.29,163.29,300,2021-07-13 17:46:00,CNXC
163.315,163.315,163.235,163.235,200,2021-07-13 17:52:00,CNXC
163.29,163.29,163.235,163.235,2800,2021-07-13 17:53:00,CNXC
163.33,163.33,163.33,163.33,600,2021-07-13 17:54:00,CNXC
163.47,163.47,163.43,163.43,200,2021-07-13 17:57:00,CNXC
163.3,163.3,163.3,163.3,100,2021-07-13 17:58:00,CNXC
163.4,163.4,163.32,163.32,200,2021-07-13 18:00:00,CNXC
163.17,163.3,163.17,163.28,1100,2021-07-13 18:01:00,CNXC
163.35,163.38,163.32,163.32,500,2021-07-13 18:02:00,CNXC
163.36,163.365,163.35,163.35,500,2021-07-13 18:03:00,CNXC
163.21,163.21,163.21,163.21,100,2021-07-13 18:04:00,CNXC
163.305,163.4075,163.305,163.4075,500,2021-07-13 18:05:00,CNXC
163.305,163.33,163.305,163.33,1200,2021-07-13 18:06:00,CNXC
163.33,163.4758,163.33,163.4758,1400,2021-07-13 18:07:00,CNXC
163.26,163.455,163.26,163.45,885,2021-07-13 18:08:00,CNXC
163.45,163.45,163.45,163.45,300,2021-07-13 18:09:00,CNXC
163.49,163.5,163.49,163.5,225,2021-07-13 18:10:00,CNXC
163.5,163.56,163.5,163.56,200,2021-07-13 18:11:00,CNXC
163.69,163.785,163.55,163.55,400,2021-07-13 18:13:00,CNXC
163.77,163.84,163.77,163.84,300,2021-07-13 18:14:00,CNXC
163.88,163.88,163.88,163.88,100,2021-07-13 18:15:00,CNXC
163.79,163.92,163.75,163.75,600,2021-07-13 18:18:00,CNXC
163.71,163.73,163.71,163.73,600,2021-07-13 18:20:00,CNXC
163.73,163.73,163.73,163.73,100,2021-07-13 18:21:00,CNXC
163.85,163.85,163.85,163.85,100,2021-07-13 18:22:00,CNXC
163.86,163.86,163.86,163.86,100,2021-07-13 18:23:00,CNXC
164.025,164.025,164.025,164.025,100,2021-07-13 18:25:00,CNXC
164.015,164.06,164.015,164.06,200,2021-07-13 18:27:00,CNXC
164.01,164.01,164.01,164.01,100,2021-07-13 18:28:00,CNXC
163.985,164.0,163.985,164.0,200,2021-07-13 18:29:00,CNXC
164.0,164.0,164.0,164.0,300,2021-07-13 18:30:00,CNXC
164.145,164.145,164.025,164.03,300,2021-07-13 18:33:00,CNXC
163.89,163.89,163.89,163.89,100,2021-07-13 18:36:00,CNXC
163.985,163.985,163.88,163.9,400,2021-07-13 18:37:00,CNXC
164.08,164.08,163.87,163.87,600,2021-07-13 18:39:00,CNXC
164.04,164.04,164.04,164.04,100,2021-07-13 18:42:00,CNXC
164.03,164.03,164.03,164.03,100,2021-07-13 18:43:00,CNXC
163.77,163.77,163.75,163.75,200,2021-07-13 18:44:00,CNXC
163.75,163.75,163.75,163.75,100,2021-07-13 18:46:00,CNXC
163.875,164.09,163.875,163.92,600,2021-07-13 18:47:00,CNXC
163.92,163.92,163.92,163.92,300,2021-07-13 18:48:00,CNXC
163.905,163.905,163.905,163.905,100,2021-07-13 18:49:00,CNXC
163.91,163.91,163.91,163.91,388,2021-07-13 18:50:00,CNXC
163.76,163.76,163.76,163.76,100,2021-07-13 18:51:00,CNXC
163.86,163.87,163.79,163.87,400,2021-07-13 18:52:00,CNXC
163.825,163.89,163.825,163.89,600,2021-07-13 18:53:00,CNXC
163.875,163.875,163.875,163.875,100,2021-07-13 18:54:00,CNXC
163.97,163.97,163.97,163.97,200,2021-07-13 18:57:00,CNXC
163.955,163.97,163.87,163.9,500,2021-07-13 18:58:00,CNXC
163.99,163.99,163.99,163.99,100,2021-07-13 18:59:00,CNXC
163.88,163.88,163.88,163.88,100,2021-07-13 19:01:00,CNXC
163.92,163.92,163.92,163.92,100,2021-07-13 19:02:00,CNXC
163.875,163.89,163.875,163.89,300,2021-07-13 19:04:00,CNXC
163.99,163.99,163.79,163.99,1500,2021-07-13 19:05:00,CNXC
163.81,163.82,163.81,163.82,304,2021-07-13 19:07:00,CNXC
163.89,163.89,163.89,163.89,100,2021-07-13 19:08:00,CNXC
163.885,163.885,163.885,163.885,100,2021-07-13 19:09:00,CNXC
163.82,163.9,163.8,163.9,300,2021-07-13 19:10:00,CNXC
163.885,163.885,163.8,163.87,800,2021-07-13 19:11:00,CNXC
163.88,164.08,163.88,164.02,800,2021-07-13 19:13:00,CNXC
163.92,164.01,163.92,164.01,200,2021-07-13 19:15:00,CNXC
163.99,164.005,163.99,164.005,300,2021-07-13 19:16:00,CNXC
164.01,164.01,163.92,163.92,800,2021-07-13 19:17:00,CNXC
163.78,163.78,163.74,163.74,1000,2021-07-13 19:18:00,CNXC
163.735,163.735,163.735,163.735,200,2021-07-13 19:19:00,CNXC
163.61,163.63,163.61,163.63,200,2021-07-13 19:20:00,CNXC
163.33,163.61,163.205,163.6,2000,2021-07-13 19:22:00,CNXC
163.6,163.74,163.6,163.74,1500,2021-07-13 19:23:00,CNXC
163.705,163.71,163.705,163.71,200,2021-07-13 19:24:00,CNXC
163.7,163.7,163.7,163.7,600,2021-07-13 19:25:00,CNXC
163.75,163.75,163.7,163.7,700,2021-07-13 19:27:00,CNXC
163.75,163.91,163.75,163.91,1400,2021-07-13 19:28:00,CNXC
163.85,163.95,163.85,163.87,1325,2021-07-13 19:29:00,CNXC
163.85,163.85,163.78,163.78,500,2021-07-13 19:30:00,CNXC
163.82,163.82,163.82,163.82,300,2021-07-13 19:32:00,CNXC
163.82,163.82,163.76,163.76,300,2021-07-13 19:33:00,CNXC
163.87,163.915,163.87,163.915,200,2021-07-13 19:35:00,CNXC
163.84,163.84,163.8,163.83,700,2021-07-13 19:36:00,CNXC
163.9,163.91,163.9,163.91,200,2021-07-13 19:37:00,CNXC
163.87,163.92,163.87,163.9,400,2021-07-13 19:38:00,CNXC
163.93,163.95,163.85,163.8925,500,2021-07-13 19:39:00,CNXC
163.895,163.895,163.85,163.885,800,2021-07-13 19:40:00,CNXC
163.885,163.89,163.885,163.89,500,2021-07-13 19:41:00,CNXC
163.85,163.86,163.84,163.84,600,2021-07-13 19:42:00,CNXC
163.835,163.86,163.835,163.86,900,2021-07-13 19:43:00,CNXC
163.86,164.04,163.86,164.0,1500,2021-07-13 19:44:00,CNXC
164.0,164.0,163.98,163.98,400,2021-07-13 19:46:00,CNXC
163.87,163.87,163.76,163.76,200,2021-07-13 19:48:00,CNXC
163.86,163.86,163.83,163.83,500,2021-07-13 19:49:00,CNXC
163.75,163.84,163.75,163.82,2300,2021-07-13 19:50:00,CNXC
163.75,163.86,163.75,163.76,1900,2021-07-13 19:51:00,CNXC
163.75,163.8,163.38,163.38,40700,2021-07-13 19:52:00,CNXC
163.11,163.53,163.01,163.5,3300,2021-07-13 19:53:00,CNXC
163.41,163.5,163.35,163.5,2908,2021-07-13 19:54:00,CNXC
163.5,163.51,163.46,163.46,4000,2021-07-13 19:55:00,CNXC
163.4852,163.79,163.4,163.42,14710,2021-07-13 19:56:00,CNXC
163.47,163.585,163.46,163.52,800,2021-07-13 19:57:00,CNXC
163.47,163.685,163.47,163.58,3212,2021-07-13 19:58:00,CNXC
163.67,163.94,163.57,163.835,7258,2021-07-13 19:59:00,CNXC
163.76,163.76,163.76,163.76,13306,2021-07-13 20:00:00,CNXC
163.01,163.08,163.01,163.08,310,2021-07-14 12:19:00,CNXC
164.33,164.33,163.42,163.42,2040,2021-07-14 13:30:00,CNXC
164.67,164.67,164.67,164.67,100,2021-07-14 13:31:00,CNXC
163.77,164.96,163.77,164.96,200,2021-07-14 13:32:00,CNXC
164.625,164.625,164.03,164.285,1200,2021-07-14 13:34:00,CNXC
164.54,164.715,164.43,164.715,700,2021-07-14 13:35:00,CNXC
164.9827,164.9827,164.9827,164.9827,100,2021-07-14 13:36:00,CNXC
164.7,164.7,164.665,164.665,1200,2021-07-14 13:37:00,CNXC
164.33,164.33,164.33,164.33,100,2021-07-14 13:39:00,CNXC
164.78,165.0,164.78,165.0,560,2021-07-14 13:40:00,CNXC
164.525,164.525,164.525,164.525,100,2021-07-14 13:41:00,CNXC
164.505,164.505,164.505,164.505,100,2021-07-14 13:43:00,CNXC
164.5,164.5,164.5,164.5,100,2021-07-14 13:46:00,CNXC
165.48,165.48,165.48,165.48,100,2021-07-14 13:48:00,CNXC
164.34,164.34,164.34,164.34,271,2021-07-14 13:52:00,CNXC
164.0301,164.0301,164.0301,164.0301,250,2021-07-14 13:54:00,CNXC
164.83,164.83,164.83,164.83,100,2021-07-14 13:55:00,CNXC
164.805,164.805,164.2,164.2,200,2021-07-14 14:01:00,CNXC
164.825,164.825,164.825,164.825,100,2021-07-14 14:07:00,CNXC
165.2917,165.2917,165.2917,165.2917,100,2021-07-14 14:19:00,CNXC
164.85,165.025,164.51,165.025,22135,2021-07-14 14:21:00,CNXC
165.065,165.065,164.5,164.805,5850,2021-07-14 14:25:00,CNXC
164.805,164.805,164.735,164.735,2033,2021-07-14 14:26:00,CNXC
164.69,164.99,164.54,164.925,5080,2021-07-14 14:27:00,CNXC
164.88,164.88,164.5,164.5,2776,2021-07-14 14:28:00,CNXC
164.51,164.51,164.5,164.51,500,2021-07-14 14:29:00,CNXC
164.5,164.59,164.5,164.59,1784,2021-07-14 14:30:00,CNXC
164.585,164.585,164.585,164.585,100,2021-07-14 14:31:00,CNXC
164.5017,164.5017,164.5017,164.5017,251,2021-07-14 14:32:00,CNXC
164.585,164.585,164.585,164.585,100,2021-07-14 14:33:00,CNXC
164.585,164.59,164.51,164.585,900,2021-07-14 14:34:00,CNXC
164.66,164.66,164.66,164.66,200,2021-07-14 14:35:00,CNXC
164.52,164.65,164.52,164.65,200,2021-07-14 14:36:00,CNXC
164.76,164.975,164.76,164.975,250,2021-07-14 14:40:00,CNXC
164.88,164.88,164.86,164.86,200,2021-07-14 14:41:00,CNXC
165.0,165.0,164.785,164.785,800,2021-07-14 14:42:00,CNXC
164.89,164.89,164.89,164.89,100,2021-07-14 14:43:00,CNXC
164.93,164.93,164.93,164.93,100,2021-07-14 14:46:00,CNXC
164.915,165.41,164.915,165.41,1600,2021-07-14 14:47:00,CNXC
165.41,166.03,165.41,166.03,500,2021-07-14 14:51:00,CNXC
165.93,165.93,165.93,165.93,300,2021-07-14 14:52:00,CNXC
166.0,166.26,166.0,166.26,1021,2021-07-14 14:53:00,CNXC
166.65,166.65,165.69,165.69,3034,2021-07-14 14:57:00,CNXC
165.7,165.7,165.681,165.681,400,2021-07-14 14:58:00,CNXC
165.72,165.72,165.49,165.49,300,2021-07-14 15:01:00,CNXC
164.98,164.98,164.98,164.98,200,2021-07-14 15:03:00,CNXC
164.975,164.975,164.975,164.975,140,2021-07-14 15:04:00,CNXC
164.975,165.0,164.96,165.0,800,2021-07-14 15:07:00,CNXC
165.0,165.0,164.82,164.82,300,2021-07-14 15:08:00,CNXC
164.91,165.07,164.91,164.915,2114,2021-07-14 15:09:00,CNXC
164.775,164.775,164.775,164.775,225,2021-07-14 15:10:00,CNXC
164.92,164.97,164.86,164.965,750,2021-07-14 15:13:00,CNXC
165.0,165.0,164.95,164.95,542,2021-07-14 15:14:00,CNXC
164.885,164.885,164.765,164.765,700,2021-07-14 15:20:00,CNXC
164.79,164.97,164.79,164.97,3892,2021-07-14 15:21:00,CNXC
164.855,164.86,164.83,164.83,417,2021-07-14 15:22:00,CNXC
164.79,164.84,164.64,164.655,1100,2021-07-14 15:23:00,CNXC
164.715,164.9,164.715,164.9,700,2021-07-14 15:24:00,CNXC
164.925,164.925,164.9107,164.925,1035,2021-07-14 15:25:00,CNXC
164.9,164.9,164.9,164.9,400,2021-07-14 15:26:00,CNXC
164.91,164.91,164.81,164.88,500,2021-07-14 15:28:00,CNXC
164.635,164.635,164.5676,164.5676,500,2021-07-14 15:29:00,CNXC
164.53,164.54,164.53,164.54,400,2021-07-14 15:30:00,CNXC
164.59,164.59,164.59,164.59,200,2021-07-14 15:31:00,CNXC
164.57,164.63,164.57,164.63,517,2021-07-14 15:32:00,CNXC
164.56,164.56,164.56,164.56,100,2021-07-14 15:35:00,CNXC
164.5,164.5,164.25,164.25,2854,2021-07-14 15:36:00,CNXC
164.04,164.04,163.97,163.97,600,2021-07-14 15:37:00,CNXC
164.13,164.14,164.07,164.12,800,2021-07-14 15:38:00,CNXC
164.01,164.01,164.0,164.0,400,2021-07-14 15:39:00,CNXC
164.12,164.12,164.12,164.12,200,2021-07-14 15:40:00,CNXC
164.01,164.18,164.0,164.18,1198,2021-07-14 15:41:00,CNXC
164.27,164.27,164.27,164.27,100,2021-07-14 15:42:00,CNXC
164.25,164.28,164.25,164.28,200,2021-07-14 15:44:00,CNXC
164.21,164.21,164.21,164.21,100,2021-07-14 15:45:00,CNXC
164.13,164.13,164.13,164.13,300,2021-07-14 15:47:00,CNXC
164.155,164.155,164.01,164.07,3200,2021-07-14 15:48:00,CNXC
164.22,164.22,164.15,164.22,4000,2021-07-14 15:50:00,CNXC
164.24,164.25,164.235,164.25,400,2021-07-14 15:51:00,CNXC
164.16,164.47,164.15,164.235,1971,2021-07-14 15:55:00,CNXC
164.58,164.58,164.36,164.36,200,2021-07-14 15:56:00,CNXC
164.36,164.36,164.36,164.36,100,2021-07-14 15:57:00,CNXC
164.53,164.88,163.17,163.17,73954,2021-07-14 15:59:00,CNXC
163.39,163.45,163.39,163.45,200,2021-07-14 16:00:00,CNXC
163.12,163.12,162.5,162.5,860,2021-07-14 16:04:00,CNXC
162.47,162.47,162.35,162.41,900,2021-07-14 16:05:00,CNXC
162.34,162.39,162.11,162.11,2300,2021-07-14 16:06:00,CNXC
162.075,162.075,161.7134,161.7134,1069,2021-07-14 16:07:00,CNXC
161.71,162.05,161.71,162.05,1652,2021-07-14 16:08:00,CNXC
161.405,161.405,160.18,160.5828,1061,2021-07-14 16:10:00,CNXC
160.635,160.88,160.61,160.825,1010,2021-07-14 16:11:00,CNXC
160.84,160.84,160.84,160.84,100,2021-07-14 16:12:00,CNXC
161.02,161.02,161.02,161.02,100,2021-07-14 16:13:00,CNXC
160.835,160.835,160.305,160.475,1610,2021-07-14 16:14:00,CNXC
160.78,160.78,160.6,160.6,200,2021-07-14 16:15:00,CNXC
160.885,161.18,160.885,161.17,500,2021-07-14 16:16:00,CNXC
161.245,161.245,161.245,161.245,100,2021-07-14 16:17:00,CNXC
161.13,161.13,160.93,160.93,2600,2021-07-14 16:19:00,CNXC
160.82,160.82,160.81,160.81,300,2021-07-14 16:20:00,CNXC
160.7,160.7,160.5,160.5,300,2021-07-14 16:23:00,CNXC
160.65,160.8611,160.65,160.8611,435,2021-07-14 16:24:00,CNXC
160.9006,161.0,160.9006,161.0,900,2021-07-14 16:25:00,CNXC
160.89,160.89,160.7,160.7,300,2021-07-14 16:26:00,CNXC
160.83,160.83,160.83,160.83,110,2021-07-14 16:27:00,CNXC
160.76,160.76,160.735,160.735,349,2021-07-14 16:28:00,CNXC
160.96,161.01,160.96,161.0,831,2021-07-14 16:29:00,CNXC
161.0,161.0,160.985,160.985,600,2021-07-14 16:31:00,CNXC
161.08,161.23,161.08,161.23,200,2021-07-14 16:32:00,CNXC
161.36,161.36,161.36,161.36,100,2021-07-14 16:39:00,CNXC
161.34,161.74,161.31,161.74,400,2021-07-14 16:42:00,CNXC
161.925,161.925,161.925,161.925,100,2021-07-14 16:45:00,CNXC
161.63,161.63,161.55,161.55,400,2021-07-14 16:48:00,CNXC
161.59,161.6,161.59,161.6,200,2021-07-14 16:49:00,CNXC
161.68,161.68,161.32,161.415,1100,2021-07-14 17:10:00,CNXC
161.46,161.46,161.46,161.46,300,2021-07-14 17:12:00,CNXC
161.475,161.475,161.475,161.475,300,2021-07-14 17:15:00,CNXC
161.24,161.465,161.24,161.465,349,2021-07-14 17:19:00,CNXC
161.47,161.47,161.47,161.47,100,2021-07-14 17:21:00,CNXC
161.6,161.82,161.6,161.67,700,2021-07-14 17:22:00,CNXC
161.34,161.34,161.34,161.34,100,2021-07-14 17:27:00,CNXC
161.5,161.5,161.34,161.36,1300,2021-07-14 17:29:00,CNXC
161.4,161.4,161.4,161.4,100,2021-07-14 17:30:00,CNXC
161.395,161.395,161.395,161.395,100,2021-07-14 17:32:00,CNXC
161.55,161.55,161.55,161.55,100,2021-07-14 17:38:00,CNXC
161.6,161.6,161.6,161.6,100,2021-07-14 17:43:00,CNXC
161.62,161.62,161.62,161.62,100,2021-07-14 17:44:00,CNXC
161.71,161.71,161.71,161.71,470,2021-07-14 17:48:00,CNXC
161.69,161.69,161.69,161.69,100,2021-07-14 17:50:00,CNXC
161.76,161.76,161.76,161.76,100,2021-07-14 17:54:00,CNXC
161.684,161.93,161.684,161.93,400,2021-07-14 17:56:00,CNXC
161.58,161.58,161.58,161.58,100,2021-07-14 17:59:00,CNXC
161.95,161.95,161.95,161.95,200,2021-07-14 18:00:00,CNXC
161.755,161.755,161.755,161.755,100,2021-07-14 18:04:00,CNXC
161.84,161.8496,161.84,161.8496,200,2021-07-14 18:05:00,CNXC
161.82,161.82,161.82,161.82,100,2021-07-14 18:07:00,CNXC
161.82,162.14,161.82,162.14,700,2021-07-14 18:10:00,CNXC
161.84,161.84,161.82,161.82,400,2021-07-14 18:11:00,CNXC
161.92,161.92,161.92,161.92,200,2021-07-14 18:12:00,CNXC
161.886,161.886,161.886,161.886,150,2021-07-14 18:13:00,CNXC
162.03,162.03,162.03,162.03,200,2021-07-14 18:17:00,CNXC
162.05,162.05,162.05,162.05,100,2021-07-14 18:18:00,CNXC
161.985,161.985,161.985,161.985,100,2021-07-14 18:21:00,CNXC
161.93,161.93,161.93,161.93,100,2021-07-14 18:22:00,CNXC
161.88,161.88,161.88,161.88,100,2021-07-14 18:26:00,CNXC
161.82,161.82,161.7,161.71,744,2021-07-14 18:27:00,CNXC
161.61,161.61,161.6,161.6,300,2021-07-14 18:28:00,CNXC
161.59,161.59,161.46,161.46,600,2021-07-14 18:31:00,CNXC
161.435,161.435,161.435,161.435,490,2021-07-14 18:35:00,CNXC
161.57,161.57,161.57,161.57,200,2021-07-14 18:37:00,CNXC
161.68,161.68,161.59,161.59,200,2021-07-14 18:38:00,CNXC
161.59,161.59,161.47,161.47,300,2021-07-14 18:45:00,CNXC
161.73,161.82,161.73,161.82,400,2021-07-14 18:50:00,CNXC
161.6629,161.6629,161.6629,161.6629,120,2021-07-14 18:52:00,CNXC
161.79,161.79,161.71,161.71,300,2021-07-14 18:58:00,CNXC
161.59,161.59,161.58,161.58,200,2021-07-14 18:59:00,CNXC
161.54,161.54,161.54,161.54,100,2021-07-14 19:00:00,CNXC
161.58,161.58,161.58,161.58,200,2021-07-14 19:03:00,CNXC
161.57,161.57,161.48,161.48,300,2021-07-14 19:06:00,CNXC
161.39,161.39,161.39,161.39,600,2021-07-14 19:12:00,CNXC
160.9,160.9,160.9,160.9,100,2021-07-14 19:14:00,CNXC
161.16,161.16,161.16,161.16,100,2021-07-14 19:17:00,CNXC
160.96,160.96,160.96,160.96,200,2021-07-14 19:18:00,CNXC
161.0425,161.0425,161.0425,161.0425,100,2021-07-14 19:20:00,CNXC
160.93,160.93,160.9,160.9,300,2021-07-14 19:21:00,CNXC
160.6801,160.6801,160.6801,160.6801,100,2021-07-14 19:22:00,CNXC
160.815,160.815,160.815,160.815,100,2021-07-14 19:24:00,CNXC
160.72,160.73,160.65,160.73,800,2021-07-14 19:25:00,CNXC
160.715,160.715,160.715,160.715,100,2021-07-14 19:27:00,CNXC
160.65,160.82,160.65,160.74,1433,2021-07-14 19:28:00,CNXC
160.85,160.86,160.85,160.86,400,2021-07-14 19:29:00,CNXC
160.865,160.865,160.865,160.865,100,2021-07-14 19:30:00,CNXC
160.77,160.775,160.755,160.755,300,2021-07-14 19:33:00,CNXC
160.81,160.81,160.755,160.755,200,2021-07-14 19:34:00,CNXC
160.82,160.9,160.82,160.9,800,2021-07-14 19:35:00,CNXC
160.95,160.99,160.95,160.99,400,2021-07-14 19:36:00,CNXC
161.04,161.05,161.04,161.05,200,2021-07-14 19:37:00,CNXC
160.995,160.995,160.995,160.995,100,2021-07-14 19:38:00,CNXC
160.995,160.995,160.995,160.995,200,2021-07-14 19:39:00,CNXC
160.98,161.03,160.98,161.03,200,2021-07-14 19:40:00,CNXC
160.985,160.985,160.86,160.96,725,2021-07-14 19:41:00,CNXC
160.97,160.97,160.97,160.97,200,2021-07-14 19:42:00,CNXC
160.97,160.97,160.87,160.87,600,2021-07-14 19:43:00,CNXC
160.885,160.885,160.855,160.855,540,2021-07-14 19:44:00,CNXC
160.92,160.92,160.895,160.895,400,2021-07-14 19:45:00,CNXC
161.05,161.05,160.91,160.91,462,2021-07-14 19:46:00,CNXC
161.23,161.23,161.21,161.21,200,2021-07-14 19:47:00,CNXC
161.05,161.05,160.955,160.955,300,2021-07-14 19:48:00,CNXC
160.97,161.06,160.97,161.04,600,2021-07-14 19:49:00,CNXC
161.09,161.09,160.97,160.97,200,2021-07-14 19:50:00,CNXC
161.09,161.09,161.09,161.09,400,2021-07-14 19:51:00,CNXC
160.995,161.04,160.98,161.03,900,2021-07-14 19:52:00,CNXC
161.03,161.07,161.03,161.06,300,2021-07-14 19:53:00,CNXC
161.01,161.1,160.87,160.87,700,2021-07-14 19:54:00,CNXC
160.87,160.87,160.83,160.84,800,2021-07-14 19:55:00,CNXC
160.84,161.02,160.82,160.82,1400,2021-07-14 19:56:00,CNXC
160.89,160.89,160.83,160.83,1105,2021-07-14 19:57:00,CNXC
160.82,160.9,160.7,160.73,1789,2021-07-14 19:58:00,CNXC
160.885,160.92,160.72,160.77,4153,2021-07-14 19:59:00,CNXC
160.7,160.7,160.7,160.7,28170,2021-07-14 20:00:00,CNXC
160.42,160.42,160.42,160.42,903,2021-07-15 13:30:00,CNXC
160.28,160.28,160.28,160.28,100,2021-07-15 13:42:00,CNXC
160.93,160.93,160.93,160.93,100,2021-07-15 13:43:00,CNXC
160.04,160.2,159.29,159.865,1664,2021-07-15 13:44:00,CNXC
159.55,160.38,159.55,160.38,300,2021-07-15 13:47:00,CNXC
159.66,160.49,159.65,160.49,4035,2021-07-15 13:49:00,CNXC
161.06,161.06,161.06,161.06,100,2021-07-15 13:50:00,CNXC
161.04,161.04,161.04,161.04,100,2021-07-15 13:55:00,CNXC
161.72,161.72,161.67,161.67,600,2021-07-15 14:00:00,CNXC
162.11,162.11,162.11,162.11,300,2021-07-15 14:01:00,CNXC
162.07,162.07,161.83,161.86,920,2021-07-15 14:02:00,CNXC
162.0,162.0,162.0,162.0,100,2021-07-15 14:03:00,CNXC
161.64,161.99,161.64,161.67,1900,2021-07-15 14:04:00,CNXC
161.21,161.59,161.21,161.59,250,2021-07-15 14:05:00,CNXC
161.94,161.94,161.94,161.94,100,2021-07-15 14:09:00,CNXC
161.75,161.75,161.75,161.75,100,2021-07-15 14:10:00,CNXC
162.13,162.13,162.13,162.13,1600,2021-07-15 14:11:00,CNXC
162.185,162.185,162.185,162.185,100,2021-07-15 14:12:00,CNXC
162.13,162.13,162.13,162.13,100,2021-07-15 14:13:00,CNXC
161.66,162.24,161.66,162.24,200,2021-07-15 14:22:00,CNXC
162.125,162.125,162.125,162.125,100,2021-07-15 14:23:00,CNXC
161.69,161.69,161.43,161.43,400,2021-07-15 14:28:00,CNXC
161.51,161.51,161.51,161.51,100,2021-07-15 14:36:00,CNXC
160.635,160.97,160.63,160.63,300,2021-07-15 14:43:00,CNXC
160.37,160.7,160.37,160.49,539,2021-07-15 14:57:00,CNXC
160.635,160.635,160.635,160.635,100,2021-07-15 14:58:00,CNXC
160.93,160.93,160.93,160.93,100,2021-07-15 15:02:00,CNXC
160.33,160.33,160.33,160.33,200,2021-07-15 15:04:00,CNXC
160.569,160.569,160.31,160.31,833,2021-07-15 15:10:00,CNXC
160.43,160.455,160.38,160.455,562,2021-07-15 15:12:00,CNXC
160.74,160.74,160.585,160.74,400,2021-07-15 15:13:00,CNXC
160.53,160.53,160.53,160.53,100,2021-07-15 15:32:00,CNXC
160.78,160.78,160.78,160.78,100,2021-07-15 15:39:00,CNXC
161.04,161.75,160.9,161.75,300,2021-07-15 15:40:00,CNXC
161.47,161.47,161.47,161.47,100,2021-07-15 15:48:00,CNXC
161.17,161.17,161.17,161.17,353,2021-07-15 15:50:00,CNXC
161.075,161.075,161.075,161.075,100,2021-07-15 15:51:00,CNXC
161.11,161.12,160.56,160.62,800,2021-07-15 15:53:00,CNXC
160.62,161.23,160.62,161.145,3910,2021-07-15 15:54:00,CNXC
161.455,161.46,161.31,161.31,476,2021-07-15 15:55:00,CNXC
161.54,161.54,161.54,161.54,100,2021-07-15 15:56:00,CNXC
161.13,161.13,161.13,161.13,100,2021-07-15 15:57:00,CNXC
161.13,161.13,160.93,160.93,300,2021-07-15 15:59:00,CNXC
160.57,160.57,160.57,160.57,100,2021-07-15 16:05:00,CNXC
160.5909,160.5909,160.5909,160.5909,200,2021-07-15 16:08:00,CNXC
160.51,160.51,160.295,160.44,600,2021-07-15 16:09:00,CNXC
160.42,160.42,160.295,160.295,200,2021-07-15 16:10:00,CNXC
160.4,160.78,160.4,160.78,600,2021-07-15 16:11:00,CNXC
160.55,160.825,160.55,160.825,300,2021-07-15 16:20:00,CNXC
160.57,160.73,160.54,160.73,1687,2021-07-15 16:21:00,CNXC
160.485,160.89,160.485,160.89,1168,2021-07-15 16:22:00,CNXC
160.89,160.89,160.82,160.82,300,2021-07-15 16:23:00,CNXC
160.87,160.87,160.87,160.87,100,2021-07-15 16:29:00,CNXC
160.93,160.93,160.93,160.93,300,2021-07-15 16:30:00,CNXC
160.815,160.815,160.815,160.815,900,2021-07-15 16:31:00,CNXC
160.71,160.97,160.71,160.97,700,2021-07-15 16:32:00,CNXC
160.985,161.58,160.985,161.57,800,2021-07-15 16:33:00,CNXC
161.405,161.405,161.405,161.405,100,2021-07-15 16:35:00,CNXC
161.41,161.54,161.41,161.54,300,2021-07-15 16:36:00,CNXC
161.245,161.245,161.24,161.24,2000,2021-07-15 16:42:00,CNXC
161.06,161.06,161.06,161.06,100,2021-07-15 16:47:00,CNXC
160.99,160.99,160.89,160.89,400,2021-07-15 16:49:00,CNXC
160.98,160.99,160.84,160.84,700,2021-07-15 16:51:00,CNXC
160.99,160.99,160.75,160.75,2995,2021-07-15 16:53:00,CNXC
160.85,161.27,160.81,160.895,2100,2021-07-15 16:54:00,CNXC
160.895,160.895,160.895,160.895,100,2021-07-15 16:56:00,CNXC
160.76,160.99,160.75,160.75,1189,2021-07-15 16:58:00,CNXC
160.9,160.9,160.9,160.9,100,2021-07-15 17:00:00,CNXC
160.99,160.99,160.63,160.63,328,2021-07-15 17:01:00,CNXC
160.9,160.9,160.72,160.72,200,2021-07-15 17:02:00,CNXC
160.91,160.91,160.91,160.91,200,2021-07-15 17:03:00,CNXC
160.71,160.71,160.67,160.67,599,2021-07-15 17:06:00,CNXC
160.66,160.66,160.66,160.66,690,2021-07-15 17:07:00,CNXC
160.64,160.64,160.64,160.64,1000,2021-07-15 17:08:00,CNXC
160.19,160.5,160.19,160.4,595,2021-07-15 17:11:00,CNXC
160.49,160.5,160.49,160.5,200,2021-07-15 17:14:00,CNXC
160.64,160.945,160.64,160.8,1900,2021-07-15 17:19:00,CNXC
160.64,160.67,160.37,160.41,2192,2021-07-15 17:24:00,CNXC
160.44,160.69,160.33,160.33,3190,2021-07-15 17:25:00,CNXC
160.63,160.63,160.33,160.33,800,2021-07-15 17:26:00,CNXC
160.72,160.72,160.46,160.46,683,2021-07-15 17:28:00,CNXC
160.24,160.24,159.825,159.825,1307,2021-07-15 17:32:00,CNXC
160.05,160.05,159.825,160.04,424,2021-07-15 17:33:00,CNXC
160.15,160.15,159.94,159.94,400,2021-07-15 17:34:00,CNXC
160.15,160.37,160.065,160.065,671,2021-07-15 17:35:00,CNXC
160.37,160.37,160.37,160.37,100,2021-07-15 17:36:00,CNXC
160.43,160.45,160.15,160.45,1965,2021-07-15 17:37:00,CNXC
160.35,160.62,160.35,160.5615,1142,2021-07-15 17:38:00,CNXC
160.09,160.5,159.91,159.94,2653,2021-07-15 17:39:00,CNXC
160.06,160.48,159.84,160.46,1893,2021-07-15 17:40:00,CNXC
160.58,160.58,159.99,160.27,4340,2021-07-15 17:41:00,CNXC
160.35,160.375,159.95,160.085,600,2021-07-15 17:42:00,CNXC
160.145,160.145,160.145,160.145,100,2021-07-15 17:43:00,CNXC
160.2,160.2,160.2,160.2,200,2021-07-15 17:44:00,CNXC
160.2,160.2,160.2,160.2,146,2021-07-15 17:45:00,CNXC
160.27,160.27,160.27,160.27,200,2021-07-15 17:46:00,CNXC
160.5,160.5,160.5,160.5,100,2021-07-15 17:48:00,CNXC
160.27,160.27,160.08,160.27,322,2021-07-15 17:49:00,CNXC
160.3,160.3,159.68,159.96,13302,2021-07-15 17:50:00,CNXC
160.22,160.22,160.22,160.22,100,2021-07-15 17:51:00,CNXC
160.16,160.17,159.91,160.14,995,2021-07-15 17:52:00,CNXC
160.11,160.12,159.945,159.945,500,2021-07-15 17:53:00,CNXC
160.05,160.05,159.79,159.98,1300,2021-07-15 17:54:00,CNXC
159.98,159.98,159.2201,159.5,703,2021-07-15 17:55:00,CNXC
159.72,159.77,159.3,159.49,2700,2021-07-15 17:56:00,CNXC
159.29,159.8,159.29,159.5,4584,2021-07-15 17:57:00,CNXC
159.31,159.7,159.31,159.64,25593,2021-07-15 17:58:00,CNXC
159.64,159.7,159.492,159.7,1600,2021-07-15 17:59:00,CNXC
159.605,159.68,159.595,159.595,800,2021-07-15 18:00:00,CNXC
159.94,159.94,159.69,159.71,1000,2021-07-15 18:01:00,CNXC
159.8,159.98,159.8,159.92,800,2021-07-15 18:02:00,CNXC
160.06,160.06,160.06,160.06,200,2021-07-15 18:03:00,CNXC
160.06,160.39,159.79,160.39,1200,2021-07-15 18:04:00,CNXC
160.18,160.37,160.02,160.165,800,2021-07-15 18:05:00,CNXC
160.33,160.33,160.0,160.03,800,2021-07-15 18:06:00,CNXC
159.99,159.99,159.99,159.99,100,2021-07-15 18:09:00,CNXC
159.71,159.71,159.71,159.71,132,2021-07-15 18:10:00,CNXC
159.64,159.64,159.605,159.605,300,2021-07-15 18:15:00,CNXC
159.55,159.55,159.55,159.55,100,2021-07-15 18:20:00,CNXC
159.6659,159.6659,159.6659,159.6659,152,2021-07-15 18:21:00,CNXC
159.64,160.1,159.64,159.85,900,2021-07-15 18:22:00,CNXC
160.0,160.09,159.745,160.07,8922,2021-07-15 18:23:00,CNXC
160.025,160.25,159.803,160.25,480,2021-07-15 18:24:00,CNXC
160.055,160.055,160.055,160.055,100,2021-07-15 18:25:00,CNXC
160.065,160.065,159.88,159.91,1000,2021-07-15 18:27:00,CNXC
159.94,160.11,159.88,160.11,2346,2021-07-15 18:28:00,CNXC
160.03,160.19,160.0,160.06,2732,2021-07-15 18:29:00,CNXC
159.97,160.04,159.965,159.965,500,2021-07-15 18:30:00,CNXC
159.965,160.13,159.965,160.13,200,2021-07-15 18:31:00,CNXC
160.0,160.2,160.0,160.2,300,2021-07-15 18:44:00,CNXC
160.235,160.235,160.09,160.09,500,2021-07-15 18:45:00,CNXC
160.185,160.39,160.185,160.39,700,2021-07-15 18:46:00,CNXC
160.26,160.26,160.26,160.26,100,2021-07-15 18:47:00,CNXC
160.73,160.81,160.61,160.62,700,2021-07-15 18:48:00,CNXC
160.8,161.14,160.615,160.985,1100,2021-07-15 18:49:00,CNXC
160.98,160.98,160.67,160.67,567,2021-07-15 18:50:00,CNXC
160.56,160.705,160.56,160.7,1600,2021-07-15 18:52:00,CNXC
160.705,160.83,160.705,160.83,400,2021-07-15 18:53:00,CNXC
160.79,160.79,160.63,160.63,400,2021-07-15 18:54:00,CNXC
160.8,160.95,160.8,160.95,200,2021-07-15 18:55:00,CNXC
160.95,160.97,160.8,160.945,1060,2021-07-15 18:56:00,CNXC
160.82,160.82,160.56,160.56,619,2021-07-15 18:57:00,CNXC
160.58,160.75,160.58,160.75,300,2021-07-15 18:58:00,CNXC
160.59,160.59,160.59,160.59,100,2021-07-15 19:01:00,CNXC
160.79,160.79,160.79,160.79,200,2021-07-15 19:02:00,CNXC
160.82,160.82,160.61,160.61,200,2021-07-15 19:04:00,CNXC
160.62,160.62,160.56,160.56,300,2021-07-15 19:05:00,CNXC
160.56,160.56,160.56,160.56,200,2021-07-15 19:06:00,CNXC
160.345,160.68,160.345,160.56,1300,2021-07-15 19:07:00,CNXC
160.425,160.595,160.36,160.465,1100,2021-07-15 19:08:00,CNXC
160.38,160.38,160.06,160.07,900,2021-07-15 19:09:00,CNXC
160.225,160.225,160.225,160.225,100,2021-07-15 19:18:00,CNXC
160.0,160.0,160.0,160.0,200,2021-07-15 19:22:00,CNXC
160.04,160.04,160.04,160.04,100,2021-07-15 19:26:00,CNXC
160.07,160.25,160.06,160.25,300,2021-07-15 19:27:00,CNXC
160.07,160.07,160.01,160.01,400,2021-07-15 19:28:00,CNXC
160.23,160.23,160.23,160.23,300,2021-07-15 19:30:00,CNXC
160.44,160.44,160.315,160.315,200,2021-07-15 19:31:00,CNXC
160.12,160.12,160.12,160.12,100,2021-07-15 19:32:00,CNXC
160.1,160.265,160.05,160.05,400,2021-07-15 19:33:00,CNXC
160.1,160.1,160.1,160.1,100,2021-07-15 19:34:00,CNXC
160.09,160.3,160.07,160.11,400,2021-07-15 19:35:00,CNXC
160.29,160.58,160.28,160.53,1000,2021-07-15 19:36:00,CNXC
160.54,160.54,160.41,160.41,500,2021-07-15 19:37:00,CNXC
160.6675,160.6675,160.45,160.545,300,2021-07-15 19:38:00,CNXC
160.54,160.54,160.28,160.28,400,2021-07-15 19:39:00,CNXC
160.53,160.53,160.53,160.53,100,2021-07-15 19:40:00,CNXC
160.45,160.615,160.35,160.605,2800,2021-07-15 19:41:00,CNXC
160.6,160.6,160.52,160.53,1000,2021-07-15 19:42:00,CNXC
160.6,160.685,160.6,160.685,400,2021-07-15 19:43:00,CNXC
160.84,160.89,160.69,160.69,1000,2021-07-15 19:44:00,CNXC
160.635,161.19,160.595,160.99,5980,2021-07-15 19:45:00,CNXC
161.0,161.165,161.0,161.165,5900,2021-07-15 19:46:00,CNXC
161.0,161.035,161.0,161.035,200,2021-07-15 19:47:00,CNXC
161.04,161.04,160.97,160.97,200,2021-07-15 19:48:00,CNXC
160.97,161.16,160.97,161.16,400,2021-07-15 19:49:00,CNXC
160.95,161.4,160.95,161.14,500,2021-07-15 19:50:00,CNXC
161.25,161.44,161.1,161.33,900,2021-07-15 19:51:00,CNXC
161.455,161.508,161.28,161.28,1070,2021-07-15 19:52:00,CNXC
161.11,161.11,160.96,160.96,990,2021-07-15 19:53:00,CNXC
161.045,161.045,160.94,160.99,600,2021-07-15 19:54:00,CNXC
160.9,161.075,160.9,161.075,900,2021-07-15 19:55:00,CNXC
161.145,161.145,160.9682,160.9682,600,2021-07-15 19:56:00,CNXC
161.0,161.0,161.0,161.0,100,2021-07-15 19:57:00,CNXC
160.95,160.995,160.845,160.845,700,2021-07-15 19:58:00,CNXC
160.93,160.96,160.85,160.96,4497,2021-07-15 19:59:00,CNXC
160.85,160.85,160.85,160.85,20430,2021-07-15 20:00:00,CNXC
160.85,160.85,160.85,160.85,578,2021-07-15 20:01:00,CNXC
160.81,161.09,160.81,161.09,2051,2021-07-16 13:30:00,CNXC
162.21,162.21,160.935,160.935,763,2021-07-16 13:31:00,CNXC
163.0,163.0,163.0,163.0,120,2021-07-16 13:33:00,CNXC
160.7,160.7,160.7,160.7,100,2021-07-16 13:38:00,CNXC
161.9,161.9,160.65,160.65,2700,2021-07-16 13:53:00,CNXC
160.56,160.56,160.56,160.56,100,2021-07-16 13:55:00,CNXC
159.95,159.95,159.95,159.95,104,2021-07-16 14:07:00,CNXC
159.59,159.59,159.27,159.27,538,2021-07-16 14:08:00,CNXC
159.2,159.2,159.2,159.2,1593,2021-07-16 14:10:00,CNXC
159.5,159.72,159.43,159.72,900,2021-07-16 14:11:00,CNXC
159.8625,159.8625,159.8625,159.8625,400,2021-07-16 14:17:00,CNXC
159.64,159.64,159.57,159.57,651,2021-07-16 14:21:00,CNXC
159.58,159.58,159.5,159.5,1700,2021-07-16 14:22:00,CNXC
159.5,159.52,159.5,159.5,1200,2021-07-16 14:23:00,CNXC
159.87,159.87,159.87,159.87,300,2021-07-16 14:24:00,CNXC
160.1,160.1,160.1,160.1,100,2021-07-16 14:27:00,CNXC
159.84,159.84,159.84,159.84,100,2021-07-16 14:29:00,CNXC
159.622,159.622,159.622,159.622,150,2021-07-16 14:31:00,CNXC
160.04,160.04,160.04,160.04,300,2021-07-16 14:33:00,CNXC
160.25,160.25,160.25,160.25,100,2021-07-16 14:37:00,CNXC
160.25,160.25,160.25,160.25,100,2021-07-16 14:38:00,CNXC
160.35,160.35,160.35,160.35,100,2021-07-16 14:39:00,CNXC
159.77,159.91,159.77,159.91,200,2021-07-16 14:45:00,CNXC
160.0,160.0,160.0,160.0,500,2021-07-16 14:51:00,CNXC
159.85,159.85,159.85,159.85,100,2021-07-16 14:52:00,CNXC
159.5,159.68,159.5,159.51,1584,2021-07-16 14:58:00,CNXC
159.5,159.74,159.5,159.74,1100,2021-07-16 14:59:00,CNXC
159.5,159.5,159.5,159.5,500,2021-07-16 15:05:00,CNXC
159.71,159.78,159.71,159.78,200,2021-07-16 15:09:00,CNXC
159.83,159.83,159.7725,159.7725,200,2021-07-16 15:11:00,CNXC
159.67,159.67,159.67,159.67,166,2021-07-16 15:13:00,CNXC
159.51,159.64,159.51,159.64,200,2021-07-16 15:16:00,CNXC
159.65,159.81,159.65,159.81,800,2021-07-16 15:17:00,CNXC
159.75,159.75,159.75,159.75,100,2021-07-16 15:23:00,CNXC
159.93,159.93,159.93,159.93,100,2021-07-16 15:27:00,CNXC
159.9,159.9,159.9,159.9,100,2021-07-16 15:31:00,CNXC
160.0,160.0,160.0,160.0,600,2021-07-16 15:34:00,CNXC
159.76,159.83,159.75,159.76,1000,2021-07-16 15:35:00,CNXC
159.98,160.005,159.98,160.0,800,2021-07-16 15:37:00,CNXC
160.09,160.09,160.09,160.09,100,2021-07-16 15:42:00,CNXC
160.06,160.06,160.06,160.06,100,2021-07-16 15:50:00,CNXC
160.21,160.21,160.21,160.21,100,2021-07-16 15:55:00,CNXC
160.17,160.21,160.17,160.21,400,2021-07-16 15:56:00,CNXC
160.12,160.12,160.12,160.12,100,2021-07-16 15:57:00,CNXC
160.15,160.15,160.15,160.15,200,2021-07-16 16:01:00,CNXC
160.16,160.16,160.16,160.16,100,2021-07-16 16:02:00,CNXC
160.275,160.275,160.275,160.275,100,2021-07-16 16:04:00,CNXC
160.17,160.32,160.17,160.32,200,2021-07-16 16:12:00,CNXC
159.975,159.975,159.975,159.975,100,2021-07-16 16:15:00,CNXC
160.22,160.22,160.22,160.22,100,2021-07-16 16:19:00,CNXC
159.99,160.08,159.99,160.065,600,2021-07-16 16:30:00,CNXC
160.2,160.41,160.2,160.25,919,2021-07-16 16:33:00,CNXC
160.11,160.11,160.11,160.11,100,2021-07-16 16:42:00,CNXC
160.115,160.115,160.115,160.115,200,2021-07-16 16:45:00,CNXC
160.0,160.0,159.98,159.98,200,2021-07-16 16:50:00,CNXC
159.96,159.96,159.96,159.96,100,2021-07-16 16:57:00,CNXC
159.96,159.96,159.96,159.96,100,2021-07-16 17:02:00,CNXC
159.945,159.945,159.945,159.945,100,2021-07-16 17:13:00,CNXC
159.915,159.915,159.915,159.915,100,2021-07-16 17:18:00,CNXC
159.815,159.83,159.75,159.8,2200,2021-07-16 17:20:00,CNXC
159.85,159.93,159.85,159.93,300,2021-07-16 17:21:00,CNXC
159.76,159.79,159.2,159.7,5627,2021-07-16 17:22:00,CNXC
159.74,159.74,159.59,159.645,1300,2021-07-16 17:23:00,CNXC
159.655,159.655,159.655,159.655,100,2021-07-16 17:24:00,CNXC
159.59,159.62,159.59,159.62,500,2021-07-16 17:27:00,CNXC
159.65,159.65,159.65,159.65,200,2021-07-16 17:28:00,CNXC
159.6,159.6,159.13,159.4,53900,2021-07-16 17:31:00,CNXC
159.4,159.455,159.4,159.455,300,2021-07-16 17:32:00,CNXC
159.455,159.455,159.455,159.455,300,2021-07-16 17:33:00,CNXC
159.51,159.51,159.4,159.41,894,2021-07-16 17:34:00,CNXC
159.41,159.45,159.41,159.42,600,2021-07-16 17:35:00,CNXC
159.55,159.56,159.55,159.56,200,2021-07-16 17:36:00,CNXC
159.55,159.55,159.5,159.5,1904,2021-07-16 17:38:00,CNXC
159.52,159.555,159.5,159.5,300,2021-07-16 17:41:00,CNXC
159.5,159.5,159.5,159.5,100,2021-07-16 17:42:00,CNXC
159.51,159.51,159.51,159.51,100,2021-07-16 17:43:00,CNXC
159.5,159.5,159.5,159.5,100,2021-07-16 17:45:00,CNXC
159.5,159.6175,159.5,159.6,2100,2021-07-16 17:46:00,CNXC
159.635,159.66,159.635,159.66,400,2021-07-16 17:47:00,CNXC
159.61,159.61,159.61,159.61,100,2021-07-16 17:48:00,CNXC
159.6,159.6,159.6,159.6,100,2021-07-16 17:49:00,CNXC
159.655,159.655,159.655,159.655,300,2021-07-16 17:52:00,CNXC
159.64,159.64,159.64,159.64,100,2021-07-16 17:54:00,CNXC
159.67,159.67,159.6,159.625,1743,2021-07-16 17:56:00,CNXC
159.66,159.66,159.645,159.655,900,2021-07-16 17:57:00,CNXC
159.65,159.65,159.65,159.65,100,2021-07-16 17:58:00,CNXC
159.61,159.63,159.6,159.615,3426,2021-07-16 18:00:00,CNXC
159.6,159.64,159.6,159.6,2478,2021-07-16 18:01:00,CNXC
159.6,159.64,159.6,159.64,3953,2021-07-16 18:02:00,CNXC
159.6,159.6,159.59,159.6,4093,2021-07-16 18:03:00,CNXC
159.605,159.62,159.59,159.62,2932,2021-07-16 18:04:00,CNXC
159.6,159.63,159.6,159.62,400,2021-07-16 18:05:00,CNXC
159.61,159.62,159.61,159.62,200,2021-07-16 18:06:00,CNXC
159.635,159.64,159.635,159.64,543,2021-07-16 18:08:00,CNXC
159.65,159.68,159.625,159.68,500,2021-07-16 18:09:00,CNXC
159.65,159.66,159.65,159.65,2400,2021-07-16 18:10:00,CNXC
159.66,159.67,159.66,159.67,400,2021-07-16 18:11:00,CNXC
159.795,159.795,159.795,159.795,130,2021-07-16 18:15:00,CNXC
159.8,159.8,159.795,159.795,200,2021-07-16 18:16:00,CNXC
159.71,159.75,159.71,159.75,300,2021-07-16 18:19:00,CNXC
159.785,159.785,159.6,159.61,50390,2021-07-16 18:20:00,CNXC
159.79,159.79,159.79,159.79,200,2021-07-16 18:21:00,CNXC
159.7,159.7,159.2,159.2,700,2021-07-16 18:23:00,CNXC
159.135,159.135,159.13,159.13,500,2021-07-16 18:24:00,CNXC
159.135,159.135,158.7601,158.7601,413,2021-07-16 18:26:00,CNXC
159.0,159.11,158.93,159.11,2927,2021-07-16 18:28:00,CNXC
159.105,159.105,159.06,159.06,400,2021-07-16 18:29:00,CNXC
159.13,159.25,159.11,159.22,2000,2021-07-16 18:30:00,CNXC
159.1255,159.1255,159.1255,159.1255,500,2021-07-16 18:31:00,CNXC
159.12,159.12,159.12,159.12,200,2021-07-16 18:37:00,CNXC
159.185,159.185,159.185,159.185,200,2021-07-16 18:38:00,CNXC
159.13,159.16,159.04,159.09,600,2021-07-16 18:39:00,CNXC
159.075,159.255,159.075,159.255,400,2021-07-16 18:40:00,CNXC
159.23,159.23,159.11,159.23,546,2021-07-16 18:41:00,CNXC
159.25,159.25,159.11,159.115,400,2021-07-16 18:42:00,CNXC
159.22,159.22,159.12,159.12,365,2021-07-16 18:43:00,CNXC
159.25,159.25,159.25,159.25,200,2021-07-16 18:45:00,CNXC
159.1925,159.1925,159.19,159.19,200,2021-07-16 18:48:00,CNXC
159.18,159.18,159.18,159.18,100,2021-07-16 18:49:00,CNXC
159.175,159.175,159.175,159.175,100,2021-07-16 18:50:00,CNXC
159.16,159.16,159.1,159.1,1020,2021-07-16 18:51:00,CNXC
159.1,159.1,159.1,159.1,400,2021-07-16 18:52:00,CNXC
159.11,159.11,159.0,159.0,2000,2021-07-16 18:53:00,CNXC
159.12,159.2,159.12,159.2,200,2021-07-16 18:54:00,CNXC
159.14,159.14,159.14,159.14,100,2021-07-16 18:56:00,CNXC
159.14,159.14,159.14,159.14,100,2021-07-16 18:57:00,CNXC
159.21,159.21,159.21,159.21,600,2021-07-16 18:59:00,CNXC
159.11,159.21,159.11,159.21,800,2021-07-16 19:00:00,CNXC
159.14,159.14,159.14,159.14,128,2021-07-16 19:01:00,CNXC
159.13,159.32,159.0,159.1,4156,2021-07-16 19:02:00,CNXC
159.15,159.155,159.15,159.155,400,2021-07-16 19:03:00,CNXC
159.15,159.15,159.15,159.15,100,2021-07-16 19:04:00,CNXC
159.23,159.29,159.21,159.29,400,2021-07-16 19:08:00,CNXC
159.35,159.35,159.35,159.35,100,2021-07-16 19:11:00,CNXC
159.3,159.3,159.235,159.235,400,2021-07-16 19:12:00,CNXC
159.3,159.3,159.3,159.3,200,2021-07-16 19:13:00,CNXC
159.17,159.17,159.17,159.17,100,2021-07-16 19:14:00,CNXC
159.19,159.19,159.155,159.155,200,2021-07-16 19:15:00,CNXC
159.2,159.27,159.2,159.22,613,2021-07-16 19:17:00,CNXC
159.22,159.45,159.22,159.45,900,2021-07-16 19:18:00,CNXC
159.34,159.41,159.34,159.41,200,2021-07-16 19:19:00,CNXC
159.33,159.33,159.33,159.33,100,2021-07-16 19:22:00,CNXC
159.33,159.33,159.33,159.33,100,2021-07-16 19:23:00,CNXC
159.215,159.215,159.215,159.215,200,2021-07-16 19:26:00,CNXC
159.24,159.24,159.24,159.24,100,2021-07-16 19:28:00,CNXC
159.19,159.19,159.19,159.19,100,2021-07-16 19:29:00,CNXC
159.02,159.25,159.02,159.095,400,2021-07-16 19:31:00,CNXC
159.11,159.12,159.11,159.12,200,2021-07-16 19:32:00,CNXC
159.12,159.12,159.12,159.12,295,2021-07-16 19:33:00,CNXC
159.12,159.17,159.12,159.17,300,2021-07-16 19:34:00,CNXC
158.95,159.025,158.855,159.025,700,2021-07-16 19:37:00,CNXC
158.85,158.95,158.85,158.95,400,2021-07-16 19:38:00,CNXC
159.0,159.0,159.0,159.0,166,2021-07-16 19:39:00,CNXC
159.0,159.0,159.0,159.0,700,2021-07-16 19:40:00,CNXC
158.855,159.0075,158.855,159.0,1120,2021-07-16 19:41:00,CNXC
158.99,159.005,158.99,159.005,200,2021-07-16 19:42:00,CNXC
159.005,159.05,159.005,159.05,300,2021-07-16 19:43:00,CNXC
159.22,159.22,158.85,159.17,400,2021-07-16 19:44:00,CNXC
159.11,159.11,158.91,158.91,900,2021-07-16 19:45:00,CNXC
158.915,159.01,158.9,158.95,900,2021-07-16 19:46:00,CNXC
158.89,158.89,158.76,158.855,638,2021-07-16 19:47:00,CNXC
158.855,158.97,158.85,158.9,700,2021-07-16 19:48:00,CNXC
158.88,159.0,158.87,158.87,647,2021-07-16 19:49:00,CNXC
158.79,159.06,158.56,158.83,4335,2021-07-16 19:50:00,CNXC
158.84,159.21,158.82,159.21,930,2021-07-16 19:51:00,CNXC
158.96,159.21,158.81,158.99,1900,2021-07-16 19:52:00,CNXC
159.16,159.72,159.16,159.72,1500,2021-07-16 19:53:00,CNXC
159.51,159.51,159.21,159.44,1020,2021-07-16 19:54:00,CNXC
159.45,159.49,159.42,159.42,600,2021-07-16 19:55:00,CNXC
159.66,159.66,159.27,159.395,840,2021-07-16 19:56:00,CNXC
159.27,159.39,158.98,159.275,600,2021-07-16 19:57:00,CNXC
159.28,159.43,159.01,159.28,2812,2021-07-16 19:58:00,CNXC
159.31,159.55,159.16,159.22,7937,2021-07-16 19:59:00,CNXC
159.11,159.11,159.11,159.11,22799,2021-07-16 20:00:00,CNXC
159.11,159.11,159.11,159.11,5534,2021-07-16 20:01:00,CNXC
159.11,159.11,159.11,159.11,126,2021-07-16 20:03:00,CNXC
156.74,156.74,155.4579,155.58,2596,2021-07-19 13:30:00,CNXC
155.47,155.47,155.47,155.47,100,2021-07-19 13:31:00,CNXC
155.5,156.665,155.46,156.665,400,2021-07-19 13:32:00,CNXC
155.42,155.42,155.42,155.42,100,2021-07-19 13:33:00,CNXC
154.73,154.73,154.73,154.73,100,2021-07-19 13:34:00,CNXC
154.36,154.71,154.36,154.41,1818,2021-07-19 13:35:00,CNXC
155.525,155.525,155.525,155.525,500,2021-07-19 13:36:00,CNXC
154.5,154.5,154.5,154.5,375,2021-07-19 13:37:00,CNXC
154.0,154.0,154.0,154.0,100,2021-07-19 13:38:00,CNXC
154.08,154.08,154.08,154.08,100,2021-07-19 13:39:00,CNXC
154.585,154.585,154.3,154.3,500,2021-07-19 13:40:00,CNXC
154.36,154.46,154.3,154.46,1492,2021-07-19 13:41:00,CNXC
155.0,155.0,154.95,155.0,660,2021-07-19 13:42:00,CNXC
155.72,156.07,155.1286,156.07,636,2021-07-19 13:43:00,CNXC
155.73,155.73,155.47,155.47,598,2021-07-19 13:44:00,CNXC
156.09,156.09,155.005,155.005,580,2021-07-19 13:45:00,CNXC
154.4817,154.4817,154.4817,154.4817,100,2021-07-19 13:47:00,CNXC
155.5,155.5,154.81,154.81,500,2021-07-19 13:52:00,CNXC
154.89,154.89,154.89,154.89,200,2021-07-19 13:53:00,CNXC
154.87,154.87,154.87,154.87,1300,2021-07-19 13:54:00,CNXC
154.87,154.87,154.87,154.87,300,2021-07-19 13:55:00,CNXC
154.8475,155.29,154.8475,155.29,200,2021-07-19 13:57:00,CNXC
154.77,154.875,154.77,154.875,210,2021-07-19 13:58:00,CNXC
155.22,155.22,154.89,154.89,300,2021-07-19 14:00:00,CNXC
154.705,154.705,154.705,154.705,100,2021-07-19 14:02:00,CNXC
154.54,154.89,154.54,154.89,1995,2021-07-19 14:03:00,CNXC
154.75,155.005,154.75,154.89,611,2021-07-19 14:04:00,CNXC
154.871,154.89,154.871,154.89,444,2021-07-19 14:05:00,CNXC
155.14,155.14,154.675,154.675,600,2021-07-19 14:07:00,CNXC
154.665,154.665,154.665,154.665,100,2021-07-19 14:09:00,CNXC
154.44,154.645,153.93,153.93,700,2021-07-19 14:11:00,CNXC
154.31,155.06,154.13,154.685,2503,2021-07-19 14:12:00,CNXC
154.45,154.45,154.45,154.45,100,2021-07-19 14:13:00,CNXC
154.765,154.765,154.69,154.69,200,2021-07-19 14:14:00,CNXC
154.69,154.69,154.46,154.46,600,2021-07-19 14:15:00,CNXC
154.685,154.685,154.38,154.685,700,2021-07-19 14:17:00,CNXC
154.68,155.15,154.37,155.05,2623,2021-07-19 14:20:00,CNXC
155.585,155.585,155.585,155.585,200,2021-07-19 14:23:00,CNXC
154.99,155.795,154.99,155.795,300,2021-07-19 14:24:00,CNXC
155.75,155.75,155.41,155.41,200,2021-07-19 14:25:00,CNXC
155.779,155.78,155.5459,155.6402,500,2021-07-19 14:26:00,CNXC
156.195,156.23,156.195,156.21,300,2021-07-19 14:27:00,CNXC
156.62,156.62,155.74,156.31,318,2021-07-19 14:28:00,CNXC
156.0,156.675,155.99,156.675,300,2021-07-19 14:29:00,CNXC
155.555,155.555,155.555,155.555,1300,2021-07-19 14:31:00,CNXC
155.61,156.24,155.61,155.82,700,2021-07-19 14:32:00,CNXC
155.75,155.75,155.75,155.75,100,2021-07-19 14:33:00,CNXC
155.525,155.86,155.345,155.86,700,2021-07-19 14:34:00,CNXC
156.005,156.465,156.005,156.465,200,2021-07-19 14:36:00,CNXC
155.58,155.58,155.58,155.58,200,2021-07-19 14:38:00,CNXC
156.24,156.24,156.24,156.24,100,2021-07-19 14:47:00,CNXC
155.59,155.59,155.59,155.59,337,2021-07-19 14:48:00,CNXC
155.61,155.61,155.61,155.61,700,2021-07-19 14:52:00,CNXC
155.92,155.92,155.92,155.92,100,2021-07-19 14:53:00,CNXC
155.5,155.5,155.5,155.5,100,2021-07-19 14:54:00,CNXC
155.53,155.72,155.435,155.435,1000,2021-07-19 14:55:00,CNXC
155.56,155.56,155.56,155.56,100,2021-07-19 14:56:00,CNXC
155.84,155.84,155.64,155.805,300,2021-07-19 15:00:00,CNXC
156.46,156.46,156.46,156.46,100,2021-07-19 15:02:00,CNXC
156.4,156.4,156.22,156.39,321,2021-07-19 15:03:00,CNXC
156.06,156.06,156.06,156.06,100,2021-07-19 15:06:00,CNXC
156.54,156.54,156.54,156.54,100,2021-07-19 15:10:00,CNXC
156.97,156.97,156.97,156.97,100,2021-07-19 15:18:00,CNXC
156.3,156.3,156.3,156.3,100,2021-07-19 15:19:00,CNXC
156.71,156.71,155.96,155.96,200,2021-07-19 15:22:00,CNXC
156.26,156.26,156.26,156.26,300,2021-07-19 15:28:00,CNXC
156.29,156.29,156.29,156.29,300,2021-07-19 15:29:00,CNXC
156.13,156.18,155.83,156.17,1217,2021-07-19 15:30:00,CNXC
155.81,156.59,155.81,156.59,2340,2021-07-19 15:31:00,CNXC
156.46,157.27,156.46,157.27,1000,2021-07-19 15:32:00,CNXC
157.0,157.0,157.0,157.0,300,2021-07-19 15:33:00,CNXC
156.47,156.47,156.47,156.47,100,2021-07-19 15:37:00,CNXC
156.975,156.975,156.975,156.975,300,2021-07-19 15:38:00,CNXC
156.47,156.87,156.43,156.635,1800,2021-07-19 15:42:00,CNXC
156.84,156.85,156.84,156.85,200,2021-07-19 15:43:00,CNXC
156.345,156.85,156.345,156.85,295,2021-07-19 15:44:00,CNXC
156.69,156.84,156.69,156.84,300,2021-07-19 15:45:00,CNXC
156.85,156.85,156.85,156.85,100,2021-07-19 15:46:00,CNXC
156.79,156.84,156.79,156.84,300,2021-07-19 15:48:00,CNXC
156.99,156.99,156.99,156.99,100,2021-07-19 15:50:00,CNXC
157.28,157.28,157.28,157.28,100,2021-07-19 15:51:00,CNXC
156.65,156.65,156.65,156.65,100,2021-07-19 15:52:00,CNXC
156.47,156.47,156.25,156.25,304,2021-07-19 15:53:00,CNXC
156.64,156.64,156.64,156.64,125,2021-07-19 15:54:00,CNXC
157.12,157.12,157.12,157.12,100,2021-07-19 15:55:00,CNXC
156.82,157.07,156.82,157.07,200,2021-07-19 15:57:00,CNXC
156.38,156.38,156.38,156.38,100,2021-07-19 16:01:00,CNXC
156.32,156.32,156.32,156.32,100,2021-07-19 16:02:00,CNXC
156.395,156.4,156.395,156.4,2100,2021-07-19 16:06:00,CNXC
155.93,155.93,155.93,155.93,100,2021-07-19 16:07:00,CNXC
156.63,156.63,156.63,156.63,100,2021-07-19 16:09:00,CNXC
156.0,156.0,155.77,155.77,700,2021-07-19 16:12:00,CNXC
155.81,156.35,155.81,156.18,3180,2021-07-19 16:13:00,CNXC
155.93,156.05,155.93,156.035,5800,2021-07-19 16:18:00,CNXC
156.2574,156.2574,155.775,155.775,200,2021-07-19 16:20:00,CNXC
155.36,155.79,155.36,155.79,3254,2021-07-19 16:21:00,CNXC
155.8,155.95,155.44,155.95,3399,2021-07-19 16:22:00,CNXC
156.07,156.07,155.85,155.85,1247,2021-07-19 16:23:00,CNXC
155.2986,155.95,155.2986,155.95,645,2021-07-19 16:24:00,CNXC
155.885,155.885,155.87,155.87,200,2021-07-19 16:27:00,CNXC
155.855,155.855,155.6272,155.6272,1845,2021-07-19 16:28:00,CNXC
155.83,155.83,155.55,155.79,1808,2021-07-19 16:30:00,CNXC
155.755,155.755,155.755,155.755,100,2021-07-19 16:31:00,CNXC
155.735,155.735,155.735,155.735,200,2021-07-19 16:33:00,CNXC
155.635,155.635,155.635,155.635,300,2021-07-19 16:35:00,CNXC
155.635,155.635,155.635,155.635,300,2021-07-19 16:36:00,CNXC
155.73,155.73,155.7,155.7,200,2021-07-19 16:37:00,CNXC
155.85,155.85,155.79,155.79,200,2021-07-19 16:38:00,CNXC
155.725,155.725,155.7,155.7,600,2021-07-19 16:39:00,CNXC
155.69,155.69,155.69,155.69,100,2021-07-19 16:40:00,CNXC
155.88,155.88,155.65,155.65,200,2021-07-19 16:44:00,CNXC
155.75,155.76,155.61,155.75,400,2021-07-19 16:45:00,CNXC
155.72,155.72,155.72,155.72,100,2021-07-19 16:50:00,CNXC
155.73,155.73,155.73,155.73,100,2021-07-19 16:53:00,CNXC
155.74,155.74,155.74,155.74,100,2021-07-19 16:59:00,CNXC
155.74,155.83,155.74,155.75,600,2021-07-19 17:00:00,CNXC
155.63,155.74,155.63,155.74,400,2021-07-19 17:06:00,CNXC
156.17,156.17,156.17,156.17,100,2021-07-19 17:14:00,CNXC
155.75,155.75,155.75,155.75,100,2021-07-19 17:19:00,CNXC
155.715,155.75,155.715,155.75,200,2021-07-19 17:20:00,CNXC
155.84,155.8599,155.72,155.8599,300,2021-07-19 17:23:00,CNXC
155.66,155.74,155.66,155.74,200,2021-07-19 17:25:00,CNXC
155.6075,155.6075,155.6075,155.6075,226,2021-07-19 17:26:00,CNXC
155.33,155.33,155.33,155.33,300,2021-07-19 17:27:00,CNXC
155.32,155.32,154.9,155.22,2533,2021-07-19 17:28:00,CNXC
154.99,155.74,154.99,155.74,2476,2021-07-19 17:29:00,CNXC
155.65,155.65,155.11,155.235,3615,2021-07-19 17:30:00,CNXC
155.52,155.52,155.22,155.46,3300,2021-07-19 17:31:00,CNXC
155.41,155.82,155.41,155.705,1100,2021-07-19 17:32:00,CNXC
155.04,155.04,155.04,155.04,300,2021-07-19 17:34:00,CNXC
155.16,155.37,155.1,155.28,1887,2021-07-19 17:35:00,CNXC
155.29,155.43,155.29,155.43,900,2021-07-19 17:36:00,CNXC
155.6246,155.6246,155.6246,155.6246,200,2021-07-19 17:41:00,CNXC
155.45,155.45,155.275,155.275,476,2021-07-19 17:44:00,CNXC
155.215,155.215,155.215,155.215,100,2021-07-19 17:45:00,CNXC
155.25,155.43,155.25,155.43,400,2021-07-19 17:47:00,CNXC
155.07,155.365,154.97,155.365,1116,2021-07-19 17:49:00,CNXC
155.38,155.75,155.32,155.5,1300,2021-07-19 17:50:00,CNXC
155.08,155.275,155.05,155.21,1164,2021-07-19 17:51:00,CNXC
155.15,155.62,155.15,155.18,17407,2021-07-19 17:52:00,CNXC
155.54,155.54,155.54,155.54,200,2021-07-19 17:53:00,CNXC
155.67,155.84,155.67,155.84,830,2021-07-19 17:54:00,CNXC
155.66,155.66,155.4,155.43,15500,2021-07-19 17:55:00,CNXC
155.67,155.67,155.38,155.38,1300,2021-07-19 17:56:00,CNXC
155.585,155.585,155.575,155.575,200,2021-07-19 17:58:00,CNXC
155.575,155.575,155.53,155.53,7490,2021-07-19 17:59:00,CNXC
155.535,155.535,155.26,155.26,754,2021-07-19 18:00:00,CNXC
155.26,155.26,155.25,155.25,468,2021-07-19 18:01:00,CNXC
155.49,155.9,155.49,155.53,1324,2021-07-19 18:03:00,CNXC
155.5,155.51,155.39,155.39,3700,2021-07-19 18:04:00,CNXC
155.395,155.395,155.395,155.395,1000,2021-07-19 18:05:00,CNXC
155.76,155.79,155.52,155.52,6276,2021-07-19 18:06:00,CNXC
155.625,155.67,155.34,155.47,1000,2021-07-19 18:07:00,CNXC
155.84,156.0,155.7,155.71,500,2021-07-19 18:08:00,CNXC
155.61,156.01,155.61,155.71,3255,2021-07-19 18:09:00,CNXC
155.48,155.61,155.48,155.61,1100,2021-07-19 18:10:00,CNXC
155.97,155.97,155.97,155.97,121,2021-07-19 18:11:00,CNXC
155.73,155.73,155.73,155.73,100,2021-07-19 18:13:00,CNXC
155.515,155.515,155.515,155.515,100,2021-07-19 18:14:00,CNXC
155.6,155.85,155.6,155.66,777,2021-07-19 18:16:00,CNXC
155.64,155.78,155.64,155.78,700,2021-07-19 18:19:00,CNXC
155.565,155.565,155.45,155.515,325,2021-07-19 18:20:00,CNXC
155.735,155.735,155.68,155.68,200,2021-07-19 18:21:00,CNXC
155.665,155.68,155.51,155.6,900,2021-07-19 18:25:00,CNXC
155.695,155.695,155.68,155.68,300,2021-07-19 18:26:00,CNXC
155.8,155.8,155.8,155.8,100,2021-07-19 18:27:00,CNXC
155.93,155.93,155.93,155.93,143,2021-07-19 18:28:00,CNXC
155.93,155.93,155.85,155.85,300,2021-07-19 18:29:00,CNXC
155.6694,155.6694,155.61,155.61,282,2021-07-19 18:32:00,CNXC
155.5,155.675,155.5,155.675,1200,2021-07-19 18:36:00,CNXC
155.665,155.665,155.665,155.665,100,2021-07-19 18:37:00,CNXC
155.65,155.65,155.645,155.645,200,2021-07-19 18:40:00,CNXC
155.655,155.655,155.655,155.655,100,2021-07-19 18:41:00,CNXC
155.75,155.75,155.5,155.645,1331,2021-07-19 18:42:00,CNXC
155.59,155.63,155.59,155.63,1800,2021-07-19 18:43:00,CNXC
155.35,155.615,155.22,155.615,3975,2021-07-19 18:44:00,CNXC
155.615,155.7,155.4667,155.5,3290,2021-07-19 18:45:00,CNXC
155.65,155.65,155.65,155.65,100,2021-07-19 18:46:00,CNXC
155.76,155.83,155.45,155.45,13438,2021-07-19 18:47:00,CNXC
155.86,155.96,155.86,155.96,300,2021-07-19 18:50:00,CNXC
155.98,155.98,155.86,155.94,600,2021-07-19 18:51:00,CNXC
155.685,155.685,155.685,155.685,100,2021-07-19 18:54:00,CNXC
156.07,156.07,156.07,156.07,100,2021-07-19 18:55:00,CNXC
155.68,156.04,155.68,156.04,300,2021-07-19 18:56:00,CNXC
155.83,155.89,155.83,155.89,500,2021-07-19 18:59:00,CNXC
155.63,155.63,155.63,155.63,100,2021-07-19 19:01:00,CNXC
155.81,155.81,155.81,155.81,100,2021-07-19 19:06:00,CNXC
155.69,155.69,155.69,155.69,120,2021-07-19 19:08:00,CNXC
155.57,155.69,155.57,155.69,200,2021-07-19 19:09:00,CNXC
155.73,155.74,155.73,155.74,200,2021-07-19 19:10:00,CNXC
155.78,155.78,155.78,155.78,200,2021-07-19 19:12:00,CNXC
155.59,155.59,155.59,155.59,100,2021-07-19 19:14:00,CNXC
155.59,155.59,155.59,155.59,100,2021-07-19 19:15:00,CNXC
155.56,155.7,155.56,155.7,200,2021-07-19 19:16:00,CNXC
155.68,155.68,155.68,155.68,100,2021-07-19 19:17:00,CNXC
155.71,155.71,155.56,155.56,200,2021-07-19 19:18:00,CNXC
155.71,155.71,155.71,155.71,100,2021-07-19 19:19:00,CNXC
155.67,155.67,155.67,155.67,100,2021-07-19 19:20:00,CNXC
155.69,155.69,155.69,155.69,100,2021-07-19 19:21:00,CNXC
155.56,155.62,155.43,155.495,2470,2021-07-19 19:22:00,CNXC
155.62,155.62,155.525,155.525,200,2021-07-19 19:23:00,CNXC
155.52,155.57,155.52,155.54,1355,2021-07-19 19:24:00,CNXC
155.62,155.62,155.58,155.58,400,2021-07-19 19:25:00,CNXC
155.64,155.64,155.62,155.62,300,2021-07-19 19:26:00,CNXC
155.64,155.64,155.64,155.64,100,2021-07-19 19:27:00,CNXC
155.65,155.65,155.56,155.56,400,2021-07-19 19:28:00,CNXC
155.64,155.64,155.64,155.64,100,2021-07-19 19:29:00,CNXC
155.64,155.64,155.57,155.57,400,2021-07-19 19:30:00,CNXC
155.56,155.79,155.56,155.68,1200,2021-07-19 19:33:00,CNXC
155.73,155.82,155.73,155.82,200,2021-07-19 19:36:00,CNXC
155.8,155.82,155.59,155.82,300,2021-07-19 19:37:00,CNXC
155.8179,155.8179,155.8179,155.8179,450,2021-07-19 19:38:00,CNXC
155.85,156.05,155.85,156.05,600,2021-07-19 19:39:00,CNXC
155.97,155.97,155.84,155.84,300,2021-07-19 19:41:00,CNXC
155.86,155.86,155.86,155.86,100,2021-07-19 19:42:00,CNXC
155.89,155.89,155.65,155.65,200,2021-07-19 19:43:00,CNXC
155.85,155.85,155.66,155.66,200,2021-07-19 19:44:00,CNXC
155.66,155.755,155.66,155.7,500,2021-07-19 19:46:00,CNXC
155.72,155.73,155.7,155.7,350,2021-07-19 19:47:00,CNXC
155.72,155.72,155.72,155.72,100,2021-07-19 19:48:00,CNXC
155.85,155.85,155.72,155.785,300,2021-07-19 19:49:00,CNXC
155.71,155.71,155.64,155.68,1300,2021-07-19 19:50:00,CNXC
155.66,155.66,155.66,155.66,100,2021-07-19 19:51:00,CNXC
155.66,155.86,155.6025,155.86,2000,2021-07-19 19:52:00,CNXC
155.81,155.815,155.75,155.75,500,2021-07-19 19:53:00,CNXC
155.75,155.76,155.29,155.59,7822,2021-07-19 19:54:00,CNXC
155.52,155.58,155.27,155.32,1850,2021-07-19 19:55:00,CNXC
155.34,155.41,155.295,155.41,904,2021-07-19 19:56:00,CNXC
155.43,155.59,155.43,155.48,3432,2021-07-19 19:57:00,CNXC
155.49,155.59,155.445,155.55,4366,2021-07-19 19:58:00,CNXC
155.55,155.94,155.55,155.93,17358,2021-07-19 19:59:00,CNXC
155.75,155.75,155.75,155.75,68062,2021-07-19 20:00:00,CNXC
155.75,155.75,155.75,155.75,39863,2021-07-19 20:01:00,CNXC
155.98,156.065,155.98,156.065,1560,2021-07-20 13:30:00,CNXC
156.025,156.03,156.025,156.03,265,2021-07-20 13:34:00,CNXC
156.04,156.04,156.04,156.04,100,2021-07-20 13:38:00,CNXC
155.53,155.63,155.27,155.63,2449,2021-07-20 13:41:00,CNXC
155.49,155.54,155.38,155.54,1349,2021-07-20 13:42:00,CNXC
156.1,156.28,155.96,155.96,1600,2021-07-20 13:43:00,CNXC
156.09,156.09,156.09,156.09,100,2021-07-20 13:48:00,CNXC
156.795,156.795,156.795,156.795,100,2021-07-20 13:51:00,CNXC
156.96,157.07,156.96,157.07,200,2021-07-20 13:53:00,CNXC
157.55,157.55,157.55,157.55,1925,2021-07-20 13:54:00,CNXC
157.935,157.935,157.935,157.935,500,2021-07-20 13:57:00,CNXC
157.01,157.01,157.01,157.01,100,2021-07-20 14:03:00,CNXC
157.86,157.86,157.03,157.03,700,2021-07-20 14:04:00,CNXC
157.465,157.465,157.465,157.465,100,2021-07-20 14:10:00,CNXC
157.485,157.485,157.485,157.485,100,2021-07-20 14:13:00,CNXC
157.77,157.77,157.77,157.77,738,2021-07-20 14:15:00,CNXC
158.44,158.44,158.44,158.44,100,2021-07-20 14:17:00,CNXC
158.131,158.99,158.131,158.99,400,2021-07-20 14:19:00,CNXC
159.475,159.475,159.095,159.095,700,2021-07-20 14:21:00,CNXC
158.7,158.73,158.2,158.23,1500,2021-07-20 14:22:00,CNXC
158.2,158.2,157.66,157.92,1500,2021-07-20 14:23:00,CNXC
157.89,158.03,157.89,158.03,1000,2021-07-20 14:24:00,CNXC
158.43,158.43,157.94,158.22,1300,2021-07-20 14:25:00,CNXC
158.12,158.12,158.12,158.12,800,2021-07-20 14:26:00,CNXC
158.08,158.375,157.8,157.8,1400,2021-07-20 14:28:00,CNXC
157.85,158.36,157.85,158.36,300,2021-07-20 14:30:00,CNXC
157.88,157.88,157.87,157.87,200,2021-07-20 14:33:00,CNXC
157.41,157.41,157.41,157.41,200,2021-07-20 14:34:00,CNXC
157.39,157.3995,157.39,157.3995,200,2021-07-20 14:35:00,CNXC
157.28,157.28,157.2506,157.2506,200,2021-07-20 14:36:00,CNXC
157.515,157.515,157.475,157.475,300,2021-07-20 14:37:00,CNXC
157.59,157.59,157.59,157.59,400,2021-07-20 14:41:00,CNXC
157.66,157.66,157.66,157.66,100,2021-07-20 14:42:00,CNXC
157.78,157.78,157.78,157.78,224,2021-07-20 14:47:00,CNXC
157.67,157.69,157.59,157.69,600,2021-07-20 14:55:00,CNXC
157.93,157.93,157.93,157.93,100,2021-07-20 14:57:00,CNXC
157.745,157.745,157.745,157.745,100,2021-07-20 15:06:00,CNXC
157.78,157.88,157.78,157.88,500,2021-07-20 15:12:00,CNXC
157.965,157.965,157.965,157.965,396,2021-07-20 15:24:00,CNXC
158.09,158.22,158.09,158.15,1600,2021-07-20 15:25:00,CNXC
158.16,158.16,158.16,158.16,100,2021-07-20 15:28:00,CNXC
157.96,157.96,157.95,157.96,500,2021-07-20 15:31:00,CNXC
157.88,157.88,157.67,157.67,200,2021-07-20 15:32:00,CNXC
157.67,157.67,157.09,157.09,700,2021-07-20 15:33:00,CNXC
157.45,157.45,157.45,157.45,100,2021-07-20 15:34:00,CNXC
157.73,157.73,157.67,157.67,200,2021-07-20 15:36:00,CNXC
157.925,158.1,157.925,158.1,200,2021-07-20 15:37:00,CNXC
157.79,157.79,157.79,157.79,100,2021-07-20 15:38:00,CNXC
158.09,158.09,158.09,158.09,100,2021-07-20 15:39:00,CNXC
157.63,157.77,157.52,157.52,1400,2021-07-20 15:40:00,CNXC
157.76,157.94,157.57,157.74,3376,2021-07-20 15:41:00,CNXC
157.74,157.74,157.2,157.2,807,2021-07-20 15:42:00,CNXC
157.58,157.59,157.44,157.53,2600,2021-07-20 15:43:00,CNXC
157.65,157.84,157.65,157.84,200,2021-07-20 15:44:00,CNXC
157.84,157.84,157.84,157.84,100,2021-07-20 15:45:00,CNXC
157.58,157.75,157.365,157.75,500,2021-07-20 15:46:00,CNXC
157.7,157.78,157.57,157.57,636,2021-07-20 15:47:00,CNXC
157.59,157.59,157.59,157.59,600,2021-07-20 15:48:00,CNXC
157.43,157.65,157.43,157.65,500,2021-07-20 15:49:00,CNXC
157.75,157.75,157.75,157.75,600,2021-07-20 15:50:00,CNXC
157.9,157.93,157.9,157.93,400,2021-07-20 15:51:00,CNXC
157.875,157.875,157.875,157.875,100,2021-07-20 15:52:00,CNXC
157.9699,157.9699,157.72,157.72,300,2021-07-20 15:53:00,CNXC
157.74,157.74,157.74,157.74,200,2021-07-20 15:54:00,CNXC
157.89,157.92,157.75,157.75,600,2021-07-20 15:55:00,CNXC
157.74,157.9,157.73,157.73,400,2021-07-20 15:56:00,CNXC
157.92,157.92,157.92,157.92,100,2021-07-20 15:57:00,CNXC
157.97,157.97,157.97,157.97,100,2021-07-20 15:58:00,CNXC
157.98,157.98,157.98,157.98,100,2021-07-20 15:59:00,CNXC
158.145,158.145,158.145,158.145,400,2021-07-20 16:03:00,CNXC
157.9,157.9,157.86,157.86,200,2021-07-20 16:05:00,CNXC
158.12,158.12,157.72,157.75,1400,2021-07-20 16:06:00,CNXC
157.73,157.73,157.53,157.53,407,2021-07-20 16:07:00,CNXC
157.65,157.79,157.65,157.79,900,2021-07-20 16:08:00,CNXC
157.9,157.9,157.9,157.9,100,2021-07-20 16:09:00,CNXC
158.11,158.11,157.91,157.91,309,2021-07-20 16:11:00,CNXC
158.12,158.12,158.12,158.12,100,2021-07-20 16:12:00,CNXC
158.16,158.16,157.9,157.97,400,2021-07-20 16:14:00,CNXC
157.905,158.02,157.905,158.02,200,2021-07-20 16:18:00,CNXC
158.16,158.16,158.16,158.16,300,2021-07-20 16:21:00,CNXC
158.145,158.145,158.145,158.145,100,2021-07-20 16:24:00,CNXC
158.2,158.2,158.125,158.125,300,2021-07-20 16:31:00,CNXC
158.3,158.3,158.3,158.3,100,2021-07-20 16:32:00,CNXC
159.04,159.05,159.04,159.05,200,2021-07-20 16:34:00,CNXC
159.01,159.01,159.01,159.01,100,2021-07-20 16:35:00,CNXC
158.89,158.89,158.88,158.88,200,2021-07-20 16:37:00,CNXC
158.905,158.905,158.905,158.905,100,2021-07-20 16:48:00,CNXC
159.05,159.06,159.05,159.06,400,2021-07-20 16:51:00,CNXC
159.04,159.15,159.005,159.15,300,2021-07-20 16:52:00,CNXC
158.955,159.195,158.955,159.195,4323,2021-07-20 16:54:00,CNXC
159.05,159.05,159.05,159.05,100,2021-07-20 16:55:00,CNXC
159.33,159.33,159.325,159.33,431,2021-07-20 16:58:00,CNXC
159.15,159.15,158.99,158.99,812,2021-07-20 16:59:00,CNXC
158.92,158.92,158.92,158.92,100,2021-07-20 17:00:00,CNXC
159.22,159.22,158.79,158.81,3863,2021-07-20 17:01:00,CNXC
158.86,158.9,158.7216,158.7216,2800,2021-07-20 17:02:00,CNXC
158.91,158.98,158.48,158.48,2400,2021-07-20 17:03:00,CNXC
158.54,158.55,158.185,158.185,3000,2021-07-20 17:04:00,CNXC
158.19,158.19,158.145,158.145,800,2021-07-20 17:05:00,CNXC
158.02,158.145,157.87,157.915,1200,2021-07-20 17:06:00,CNXC
157.85,157.85,157.69,157.69,600,2021-07-20 17:07:00,CNXC
157.63,157.63,157.49,157.58,800,2021-07-20 17:08:00,CNXC
157.58,157.64,157.12,157.12,1700,2021-07-20 17:09:00,CNXC
157.13,157.39,157.05,157.17,3850,2021-07-20 17:10:00,CNXC
157.41,157.41,157.41,157.41,100,2021-07-20 17:14:00,CNXC
157.44,157.44,157.44,157.44,200,2021-07-20 17:15:00,CNXC
157.51,157.51,157.51,157.51,100,2021-07-20 17:19:00,CNXC
157.38,157.4,157.19,157.22,2112,2021-07-20 17:20:00,CNXC
157.26,157.445,157.195,157.38,1549,2021-07-20 17:21:00,CNXC
157.62,157.97,157.51,157.85,5000,2021-07-20 17:22:00,CNXC
157.85,157.93,157.845,157.845,4100,2021-07-20 17:23:00,CNXC
157.845,157.845,157.42,157.42,3500,2021-07-20 17:24:00,CNXC
157.315,157.315,157.16,157.3,1100,2021-07-20 17:25:00,CNXC
157.26,157.41,157.26,157.38,3200,2021-07-20 17:26:00,CNXC
157.47,157.69,157.465,157.605,2130,2021-07-20 17:27:00,CNXC
157.54,157.8,157.525,157.8,2400,2021-07-20 17:28:00,CNXC
157.66,157.66,157.65,157.65,1200,2021-07-20 17:29:00,CNXC
157.585,157.745,157.585,157.745,1300,2021-07-20 17:30:00,CNXC
157.88,157.88,157.88,157.88,100,2021-07-20 17:31:00,CNXC
158.0,158.0,158.0,158.0,100,2021-07-20 17:32:00,CNXC
158.2,158.2,157.99,158.01,600,2021-07-20 17:33:00,CNXC
158.2,158.26,158.16,158.16,400,2021-07-20 17:35:00,CNXC
158.1,158.1,157.9304,158.01,2787,2021-07-20 17:36:00,CNXC
157.95,158.0,157.79,157.79,1228,2021-07-20 17:37:00,CNXC
157.72,157.93,157.72,157.93,1300,2021-07-20 17:38:00,CNXC
157.88,157.88,157.85,157.88,600,2021-07-20 17:39:00,CNXC
157.83,157.83,157.83,157.83,100,2021-07-20 17:40:00,CNXC
157.835,157.835,157.835,157.835,100,2021-07-20 17:41:00,CNXC
157.8,157.92,157.795,157.795,610,2021-07-20 17:42:00,CNXC
157.85,158.26,157.85,158.26,293,2021-07-20 17:43:00,CNXC
158.41,158.41,158.41,158.41,100,2021-07-20 17:44:00,CNXC
158.455,158.455,158.16,158.16,300,2021-07-20 17:45:00,CNXC
158.17,158.17,158.1004,158.1004,200,2021-07-20 17:46:00,CNXC
158.12,158.3,158.12,158.3,200,2021-07-20 17:48:00,CNXC
158.4,158.51,158.4,158.51,200,2021-07-20 17:50:00,CNXC
158.42,158.42,158.42,158.42,100,2021-07-20 17:51:00,CNXC
158.57,158.57,158.38,158.38,200,2021-07-20 17:58:00,CNXC
158.58,158.74,158.58,158.655,498,2021-07-20 17:59:00,CNXC
158.71,158.9,158.68,158.9,700,2021-07-20 18:00:00,CNXC
158.935,158.935,158.935,158.935,112,2021-07-20 18:02:00,CNXC
159.21,159.21,159.21,159.21,100,2021-07-20 18:04:00,CNXC
159.33,159.49,159.14,159.14,300,2021-07-20 18:05:00,CNXC
159.14,159.14,159.13,159.13,500,2021-07-20 18:06:00,CNXC
158.995,158.995,158.995,158.995,300,2021-07-20 18:09:00,CNXC
158.89,158.9994,158.89,158.9994,200,2021-07-20 18:11:00,CNXC
158.99,158.99,158.99,158.99,100,2021-07-20 18:13:00,CNXC
159.02,159.17,159.02,159.17,549,2021-07-20 18:14:00,CNXC
159.24,159.24,159.24,159.24,100,2021-07-20 18:18:00,CNXC
159.28,159.34,159.28,159.33,655,2021-07-20 18:19:00,CNXC
159.45,159.45,159.45,159.45,100,2021-07-20 18:21:00,CNXC
159.24,159.24,159.13,159.13,800,2021-07-20 18:23:00,CNXC
159.2806,159.2806,159.2806,159.2806,143,2021-07-20 18:24:00,CNXC
159.34,159.34,159.34,159.34,100,2021-07-20 18:29:00,CNXC
159.47,159.48,159.45,159.45,600,2021-07-20 18:34:00,CNXC
159.45,159.45,159.45,159.45,100,2021-07-20 18:36:00,CNXC
159.29,159.29,159.29,159.29,100,2021-07-20 18:39:00,CNXC
159.17,159.17,159.17,159.17,156,2021-07-20 18:40:00,CNXC
159.4,159.42,159.4,159.42,200,2021-07-20 18:42:00,CNXC
159.22,159.22,159.22,159.22,100,2021-07-20 18:45:00,CNXC
159.37,159.37,159.37,159.37,100,2021-07-20 18:46:00,CNXC
159.365,159.365,159.2,159.2,1410,2021-07-20 18:48:00,CNXC
159.3,159.31,159.29,159.31,575,2021-07-20 18:50:00,CNXC
159.315,159.315,159.315,159.315,100,2021-07-20 18:53:00,CNXC
159.32,159.32,159.32,159.32,100,2021-07-20 19:00:00,CNXC
159.33,159.33,159.31,159.31,902,2021-07-20 19:01:00,CNXC
159.37,159.37,159.37,159.37,100,2021-07-20 19:04:00,CNXC
159.31,159.31,159.31,159.31,100,2021-07-20 19:05:00,CNXC
159.215,159.215,159.215,159.215,100,2021-07-20 19:09:00,CNXC
159.3,159.3,159.3,159.3,200,2021-07-20 19:10:00,CNXC
159.23,159.24,159.21,159.24,600,2021-07-20 19:16:00,CNXC
159.32,159.32,159.31,159.31,200,2021-07-20 19:17:00,CNXC
159.47,159.5,159.47,159.5,394,2021-07-20 19:25:00,CNXC
159.34,159.34,159.34,159.34,100,2021-07-20 19:28:00,CNXC
159.53,159.53,159.52,159.52,200,2021-07-20 19:29:00,CNXC
159.375,159.375,159.375,159.375,100,2021-07-20 19:30:00,CNXC
159.345,159.345,159.345,159.345,100,2021-07-20 19:31:00,CNXC
159.29,159.29,159.29,159.29,100,2021-07-20 19:32:00,CNXC
159.215,159.29,159.215,159.29,720,2021-07-20 19:33:00,CNXC
159.25,159.25,159.25,159.25,100,2021-07-20 19:34:00,CNXC
159.275,159.275,159.275,159.275,100,2021-07-20 19:35:00,CNXC
159.38,159.38,159.36,159.36,200,2021-07-20 19:36:00,CNXC
159.28,159.28,159.28,159.28,100,2021-07-20 19:38:00,CNXC
159.17,159.17,159.17,159.17,100,2021-07-20 19:39:00,CNXC
159.105,159.105,159.105,159.105,100,2021-07-20 19:40:00,CNXC
159.08,159.08,158.8527,158.8527,350,2021-07-20 19:41:00,CNXC
158.98,158.98,158.98,158.98,100,2021-07-20 19:42:00,CNXC
159.1,159.36,159.1,159.24,1139,2021-07-20 19:44:00,CNXC
159.135,159.135,159.135,159.135,100,2021-07-20 19:45:00,CNXC
159.27,159.27,159.225,159.225,200,2021-07-20 19:49:00,CNXC
159.13,159.13,158.545,158.64,466,2021-07-20 19:50:00,CNXC
158.43,158.61,158.43,158.61,300,2021-07-20 19:52:00,CNXC
158.58,158.61,158.54,158.61,1186,2021-07-20 19:53:00,CNXC
158.51,158.53,158.41,158.51,900,2021-07-20 19:54:00,CNXC
158.09,158.16,157.975,158.04,589,2021-07-20 19:55:00,CNXC
157.91,158.0,157.8,157.88,2700,2021-07-20 19:56:00,CNXC
157.975,158.04,157.66,157.66,1500,2021-07-20 19:57:00,CNXC
157.78,157.98,157.77,157.93,3054,2021-07-20 19:58:00,CNXC
157.93,158.37,157.93,158.3,8336,2021-07-20 19:59:00,CNXC
158.17,158.17,158.17,158.17,49239,2021-07-20 20:00:00,CNXC
158.17,158.17,158.17,158.17,224,2021-07-20 20:01:00,CNXC
158.17,158.17,158.17,158.17,8235,2021-07-20 20:02:00,CNXC
158.17,158.17,158.17,158.17,509,2021-07-21 13:30:00,CNXC
157.64,157.64,157.64,157.64,100,2021-07-21 13:36:00,CNXC
157.59,157.59,157.59,157.59,100,2021-07-21 13:37:00,CNXC
157.74,159.74,157.74,159.74,530,2021-07-21 13:38:00,CNXC
157.6,158.43,157.6,158.43,200,2021-07-21 13:39:00,CNXC
158.15,158.595,158.15,158.22,897,2021-07-21 13:40:00,CNXC
157.56,158.02,157.56,158.02,1199,2021-07-21 13:41:00,CNXC
157.96,158.51,157.96,158.48,800,2021-07-21 13:42:00,CNXC
158.5,158.54,158.08,158.483,1200,2021-07-21 13:43:00,CNXC
158.265,158.395,158.265,158.395,1000,2021-07-21 13:45:00,CNXC
158.3,158.3,158.3,158.3,1100,2021-07-21 13:46:00,CNXC
158.54,158.54,158.54,158.54,100,2021-07-21 13:48:00,CNXC
158.825,158.825,158.825,158.825,100,2021-07-21 13:50:00,CNXC
158.915,158.915,158.915,158.915,100,2021-07-21 13:58:00,CNXC
158.915,158.915,158.915,158.915,100,2021-07-21 13:59:00,CNXC
159.24,159.24,159.24,159.24,100,2021-07-21 14:01:00,CNXC
159.585,159.585,159.585,159.585,100,2021-07-21 14:05:00,CNXC
159.7245,159.7245,159.7245,159.7245,180,2021-07-21 14:07:00,CNXC
159.2,159.2,159.2,159.2,100,2021-07-21 14:08:00,CNXC
159.03,159.03,159.03,159.03,300,2021-07-21 14:12:00,CNXC
159.04,159.095,159.04,159.095,200,2021-07-21 14:13:00,CNXC
159.28,159.86,159.28,159.86,300,2021-07-21 14:16:00,CNXC
159.4,159.4,159.4,159.4,100,2021-07-21 14:20:00,CNXC
159.16,159.16,158.64,158.845,1031,2021-07-21 14:29:00,CNXC
158.72,158.72,158.72,158.72,100,2021-07-21 14:30:00,CNXC
158.42,158.77,158.42,158.75,1600,2021-07-21 14:36:00,CNXC
158.6806,159.19,158.68,159.19,900,2021-07-21 14:37:00,CNXC
158.96,159.07,158.76,159.07,800,2021-07-21 14:38:00,CNXC
159.01,159.01,159.01,159.01,902,2021-07-21 14:39:00,CNXC
159.35,159.42,159.1935,159.42,603,2021-07-21 14:45:00,CNXC
159.38,159.38,159.38,159.38,250,2021-07-21 14:46:00,CNXC
159.08,159.08,158.93,158.94,1000,2021-07-21 14:54:00,CNXC
158.99,159.33,158.99,159.33,600,2021-07-21 14:55:00,CNXC
159.27,159.27,159.27,159.27,100,2021-07-21 15:01:00,CNXC
159.5,159.5,159.5,159.5,100,2021-07-21 15:02:00,CNXC
159.2,159.2,159.2,159.2,100,2021-07-21 15:06:00,CNXC
159.165,159.165,159.165,159.165,100,2021-07-21 15:16:00,CNXC
159.175,159.175,159.175,159.175,100,2021-07-21 15:18:00,CNXC
159.17,159.17,159.17,159.17,200,2021-07-21 15:22:00,CNXC
159.44,159.44,159.44,159.44,100,2021-07-21 15:24:00,CNXC
159.48,159.48,159.48,159.48,200,2021-07-21 15:25:00,CNXC
159.6777,159.6777,159.6777,159.6777,150,2021-07-21 15:27:00,CNXC
159.57,159.57,159.57,159.57,100,2021-07-21 15:32:00,CNXC
159.53,159.53,159.53,159.53,100,2021-07-21 15:33:00,CNXC
159.525,159.55,159.525,159.55,400,2021-07-21 15:35:00,CNXC
159.4725,159.4725,159.4725,159.4725,164,2021-07-21 15:43:00,CNXC
159.02,159.11,159.01,159.11,400,2021-07-21 15:46:00,CNXC
159.65,159.65,159.65,159.65,100,2021-07-21 15:51:00,CNXC
159.29,159.29,159.29,159.29,100,2021-07-21 15:56:00,CNXC
159.21,159.21,159.21,159.21,128,2021-07-21 15:57:00,CNXC
159.4,159.45,159.4,159.45,300,2021-07-21 15:59:00,CNXC
159.62,159.62,159.62,159.62,122,2021-07-21 16:10:00,CNXC
159.61,159.68,159.61,159.68,300,2021-07-21 16:20:00,CNXC
159.36,159.365,159.36,159.365,300,2021-07-21 16:24:00,CNXC
159.365,159.365,159.29,159.29,204,2021-07-21 16:45:00,CNXC
159.285,159.285,159.285,159.285,100,2021-07-21 16:46:00,CNXC
159.29,159.36,159.29,159.36,202,2021-07-21 16:51:00,CNXC
159.3,159.3425,159.3,159.3,500,2021-07-21 16:54:00,CNXC
159.175,159.18,159.14,159.18,1300,2021-07-21 16:55:00,CNXC
159.145,159.15,159.145,159.15,300,2021-07-21 16:56:00,CNXC
159.3,159.3,159.3,159.3,100,2021-07-21 17:02:00,CNXC
159.235,159.235,159.235,159.235,100,2021-07-21 17:04:00,CNXC
159.3,159.3,159.3,159.3,100,2021-07-21 17:05:00,CNXC
159.41,159.42,159.18,159.18,800,2021-07-21 17:07:00,CNXC
159.235,159.235,159.235,159.235,300,2021-07-21 17:08:00,CNXC
159.1,159.1,159.1,159.1,297,2021-07-21 17:10:00,CNXC
159.17,159.17,159.17,159.17,100,2021-07-21 17:11:00,CNXC
159.415,159.415,159.27,159.27,400,2021-07-21 17:13:00,CNXC
159.27,159.27,159.27,159.27,100,2021-07-21 17:14:00,CNXC
159.145,159.155,159.13,159.13,700,2021-07-21 17:22:00,CNXC
159.2,159.2,159.2,159.2,100,2021-07-21 17:30:00,CNXC
159.18,159.18,159.18,159.18,100,2021-07-21 17:31:00,CNXC
159.14,159.14,159.14,159.14,100,2021-07-21 17:32:00,CNXC
159.35,159.35,159.35,159.35,100,2021-07-21 17:35:00,CNXC
159.16,159.18,159.06,159.06,1000,2021-07-21 17:36:00,CNXC
159.1,159.1,159.095,159.095,200,2021-07-21 17:42:00,CNXC
159.215,159.215,159.215,159.215,100,2021-07-21 17:43:00,CNXC
159.155,159.155,159.155,159.155,300,2021-07-21 17:47:00,CNXC
159.215,159.215,159.215,159.215,100,2021-07-21 17:48:00,CNXC
159.18,159.18,159.18,159.18,200,2021-07-21 17:51:00,CNXC
159.02,159.02,159.02,159.02,100,2021-07-21 17:57:00,CNXC
159.0,159.075,159.0,159.075,400,2021-07-21 17:58:00,CNXC
159.1075,159.1075,159.1075,159.1075,100,2021-07-21 18:00:00,CNXC
159.18,159.18,159.18,159.18,200,2021-07-21 18:01:00,CNXC
159.135,159.135,159.135,159.135,100,2021-07-21 18:02:00,CNXC
159.18,159.18,159.18,159.18,200,2021-07-21 18:05:00,CNXC
159.08,159.185,159.08,159.16,400,2021-07-21 18:09:00,CNXC
159.19,159.19,159.19,159.19,400,2021-07-21 18:10:00,CNXC
159.19,159.19,159.19,159.19,200,2021-07-21 18:11:00,CNXC
159.19,159.19,159.19,159.19,200,2021-07-21 18:12:00,CNXC
159.195,159.195,159.065,159.065,200,2021-07-21 18:13:00,CNXC
159.04,159.045,159.04,159.04,500,2021-07-21 18:20:00,CNXC
159.16,159.16,159.16,159.16,200,2021-07-21 18:21:00,CNXC
159.33,159.33,159.33,159.33,100,2021-07-21 18:22:00,CNXC
159.355,159.355,159.355,159.355,200,2021-07-21 18:23:00,CNXC
159.3,159.37,159.3,159.37,300,2021-07-21 18:34:00,CNXC
159.375,159.375,159.36,159.36,300,2021-07-21 18:36:00,CNXC
159.42,159.42,159.23,159.23,400,2021-07-21 18:37:00,CNXC
159.15,159.15,159.15,159.15,200,2021-07-21 18:38:00,CNXC
159.2,159.2,159.2,159.2,155,2021-07-21 18:42:00,CNXC
159.27,159.27,159.27,159.27,176,2021-07-21 18:45:00,CNXC
159.43,159.43,159.43,159.43,157,2021-07-21 18:47:00,CNXC
159.2,159.2,159.07,159.07,600,2021-07-21 18:55:00,CNXC
159.23,159.24,159.19,159.19,500,2021-07-21 19:02:00,CNXC
159.18,159.26,159.11,159.26,1308,2021-07-21 19:11:00,CNXC
159.255,159.255,159.255,159.255,100,2021-07-21 19:12:00,CNXC
159.18,159.19,159.18,159.19,200,2021-07-21 19:13:00,CNXC
159.165,159.2,159.16,159.185,1200,2021-07-21 19:14:00,CNXC
159.18,159.18,159.18,159.18,200,2021-07-21 19:15:00,CNXC
159.38,159.38,159.38,159.38,100,2021-07-21 19:18:00,CNXC
159.3,159.3,159.3,159.3,100,2021-07-21 19:22:00,CNXC
159.375,159.375,159.375,159.375,100,2021-07-21 19:28:00,CNXC
159.345,159.345,159.18,159.18,400,2021-07-21 19:31:00,CNXC
159.16,159.305,159.16,159.305,200,2021-07-21 19:43:00,CNXC
159.31,159.395,159.31,159.35,500,2021-07-21 19:44:00,CNXC
159.31,159.31,159.31,159.31,100,2021-07-21 19:47:00,CNXC
159.235,159.235,159.235,159.235,100,2021-07-21 19:48:00,CNXC
159.19,159.28,159.09,159.185,1600,2021-07-21 19:50:00,CNXC
159.19,159.19,159.11,159.19,600,2021-07-21 19:51:00,CNXC
159.175,159.2,159.175,159.2,400,2021-07-21 19:52:00,CNXC
159.16,159.2,159.105,159.2,800,2021-07-21 19:53:00,CNXC
159.15,159.36,159.15,159.25,2837,2021-07-21 19:54:00,CNXC
159.31,159.52,159.31,159.435,1324,2021-07-21 19:55:00,CNXC
159.495,159.52,159.39,159.42,1700,2021-07-21 19:56:00,CNXC
159.41,159.455,159.355,159.4,1745,2021-07-21 19:57:00,CNXC
159.41,159.44,159.22,159.22,2849,2021-07-21 19:58:00,CNXC
159.22,159.425,159.14,159.37,3499,2021-07-21 19:59:00,CNXC
159.2,159.2,159.2,159.2,29266,2021-07-21 20:00:00,CNXC
159.28,159.43,159.28,159.43,535,2021-07-22 13:30:00,CNXC
158.26,158.95,158.24,158.95,1000,2021-07-22 13:35:00,CNXC
158.19,159.3,158.19,158.64,1456,2021-07-22 13:36:00,CNXC
158.95,159.16,158.59,159.16,1438,2021-07-22 13:37:00,CNXC
158.81,159.54,158.81,159.54,1053,2021-07-22 13:38:00,CNXC
159.48,159.48,159.48,159.48,400,2021-07-22 13:39:00,CNXC
159.085,159.085,159.085,159.085,100,2021-07-22 14:09:00,CNXC
158.77,158.77,158.77,158.77,205,2021-07-22 14:23:00,CNXC
158.12,158.12,158.12,158.12,100,2021-07-22 14:26:00,CNXC
158.47,158.47,157.94,158.44,726,2021-07-22 14:27:00,CNXC
158.64,158.64,158.64,158.64,300,2021-07-22 14:28:00,CNXC
158.735,158.735,158.735,158.735,100,2021-07-22 14:29:00,CNXC
158.44,158.44,158.11,158.15,1000,2021-07-22 14:32:00,CNXC
158.28,158.28,158.28,158.28,200,2021-07-22 14:33:00,CNXC
158.3,158.445,158.3,158.445,1000,2021-07-22 14:34:00,CNXC
158.66,158.66,158.66,158.66,100,2021-07-22 14:35:00,CNXC
158.61,158.61,158.6004,158.6004,200,2021-07-22 14:36:00,CNXC
158.57,158.57,158.39,158.39,600,2021-07-22 14:37:00,CNXC
158.39,158.39,158.15,158.3,800,2021-07-22 14:38:00,CNXC
158.58,158.59,158.48,158.54,1060,2021-07-22 14:39:00,CNXC
158.69,158.69,158.575,158.68,453,2021-07-22 14:40:00,CNXC
158.49,158.49,158.49,158.49,120,2021-07-22 14:43:00,CNXC
158.1,158.195,158.1,158.19,400,2021-07-22 14:51:00,CNXC
158.26,158.26,158.26,158.26,100,2021-07-22 14:54:00,CNXC
158.24,158.24,158.24,158.24,200,2021-07-22 15:00:00,CNXC
158.055,158.23,158.055,158.23,200,2021-07-22 15:01:00,CNXC
158.095,158.095,158.095,158.095,200,2021-07-22 15:02:00,CNXC
157.935,158.155,157.935,158.155,200,2021-07-22 15:05:00,CNXC
158.09,158.185,158.09,158.175,6419,2021-07-22 15:07:00,CNXC
158.24,158.52,158.24,158.4,1300,2021-07-22 15:08:00,CNXC
158.52,158.66,158.43,158.47,3050,2021-07-22 15:09:00,CNXC
158.46,158.54,158.33,158.51,1430,2021-07-22 15:10:00,CNXC
158.6,158.6,158.6,158.6,100,2021-07-22 15:11:00,CNXC
158.47,158.47,158.29,158.29,2741,2021-07-22 15:12:00,CNXC
158.32,158.53,158.1,158.1,1110,2021-07-22 15:13:00,CNXC
158.34,158.34,158.34,158.34,138,2021-07-22 15:14:00,CNXC
158.43,158.43,158.43,158.43,100,2021-07-22 15:15:00,CNXC
158.31,158.82,158.31,158.82,1350,2021-07-22 15:16:00,CNXC
158.62,158.62,158.47,158.6,1960,2021-07-22 15:17:00,CNXC
158.46,158.49,158.36,158.49,1981,2021-07-22 15:18:00,CNXC
158.39,158.39,158.39,158.39,100,2021-07-22 15:20:00,CNXC
158.2,158.33,158.2,158.33,400,2021-07-22 15:22:00,CNXC
158.34,158.37,158.34,158.37,835,2021-07-22 15:23:00,CNXC
158.44,158.44,158.44,158.44,100,2021-07-22 15:26:00,CNXC
158.4,158.56,158.39,158.51,2000,2021-07-22 15:27:00,CNXC
158.51,158.51,158.4,158.4112,919,2021-07-22 15:28:00,CNXC
158.41,158.41,158.25,158.41,400,2021-07-22 15:29:00,CNXC
158.5,158.55,158.5,158.52,300,2021-07-22 15:31:00,CNXC
158.42,158.42,158.42,158.42,300,2021-07-22 15:32:00,CNXC
158.59,158.59,158.59,158.59,100,2021-07-22 15:33:00,CNXC
158.43,158.6,158.4035,158.6,750,2021-07-22 15:36:00,CNXC
158.6,158.6,158.6,158.6,100,2021-07-22 15:37:00,CNXC
158.64,158.64,158.64,158.64,100,2021-07-22 15:38:00,CNXC
158.48,158.55,158.48,158.55,200,2021-07-22 15:40:00,CNXC
158.5,158.5,158.5,158.5,100,2021-07-22 15:42:00,CNXC
158.53,158.53,158.53,158.53,100,2021-07-22 15:51:00,CNXC
158.555,158.555,158.555,158.555,200,2021-07-22 15:55:00,CNXC
158.55,158.55,158.55,158.55,200,2021-07-22 15:57:00,CNXC
158.72,158.74,158.72,158.74,200,2021-07-22 15:58:00,CNXC
158.49,158.7096,158.49,158.7096,300,2021-07-22 16:00:00,CNXC
158.65,158.65,158.65,158.65,370,2021-07-22 16:04:00,CNXC
158.56,158.56,158.56,158.56,100,2021-07-22 16:05:00,CNXC
158.55,158.55,158.3,158.3,600,2021-07-22 16:06:00,CNXC
158.41,158.4196,158.41,158.4196,200,2021-07-22 16:08:00,CNXC
158.37,158.4196,158.21,158.21,771,2021-07-22 16:09:00,CNXC
158.39,158.43,158.39,158.43,200,2021-07-22 16:11:00,CNXC
158.35,158.35,158.35,158.35,200,2021-07-22 16:12:00,CNXC
158.4,158.4,158.4,158.4,300,2021-07-22 16:13:00,CNXC
158.4,158.4,158.2,158.38,1732,2021-07-22 16:14:00,CNXC
158.575,158.575,158.15,158.39,2900,2021-07-22 16:15:00,CNXC
158.36,158.36,158.36,158.36,100,2021-07-22 16:16:00,CNXC
158.5194,158.65,158.49,158.65,2000,2021-07-22 16:18:00,CNXC
158.64,158.64,158.5801,158.585,1067,2021-07-22 16:19:00,CNXC
158.59,158.59,158.51,158.59,1300,2021-07-22 16:21:00,CNXC
158.5499,158.75,158.5499,158.75,801,2021-07-22 16:23:00,CNXC
159.02,159.02,158.795,158.795,200,2021-07-22 16:30:00,CNXC
158.685,158.685,158.685,158.685,100,2021-07-22 16:38:00,CNXC
158.83,158.83,158.4,158.4,800,2021-07-22 16:45:00,CNXC
158.45,158.72,158.44,158.72,1900,2021-07-22 16:46:00,CNXC
158.795,158.81,158.795,158.81,204,2021-07-22 16:47:00,CNXC
158.595,158.595,158.5617,158.5617,200,2021-07-22 16:48:00,CNXC
158.69,158.69,158.69,158.69,100,2021-07-22 16:49:00,CNXC
158.87,158.87,158.87,158.87,200,2021-07-22 16:54:00,CNXC
159.04,159.04,159.04,159.04,100,2021-07-22 16:59:00,CNXC
159.04,159.04,159.04,159.04,100,2021-07-22 17:01:00,CNXC
159.04,159.04,159.04,159.04,200,2021-07-22 17:05:00,CNXC
159.04,159.04,159.04,159.04,100,2021-07-22 17:08:00,CNXC
159.1419,159.1419,159.1419,159.1419,126,2021-07-22 17:10:00,CNXC
159.21,159.21,159.21,159.21,100,2021-07-22 17:17:00,CNXC
159.2,159.2,159.2,159.2,100,2021-07-22 17:19:00,CNXC
159.03,159.03,159.03,159.03,100,2021-07-22 17:26:00,CNXC
159.185,159.185,159.185,159.185,100,2021-07-22 17:29:00,CNXC
159.27,159.27,159.27,159.27,100,2021-07-22 17:30:00,CNXC
159.15,159.5,159.15,159.5,254,2021-07-22 17:42:00,CNXC
159.31,159.31,159.31,159.31,100,2021-07-22 17:43:00,CNXC
159.12,159.12,159.11,159.11,400,2021-07-22 17:44:00,CNXC
158.935,158.935,158.935,158.935,100,2021-07-22 17:45:00,CNXC
158.91,159.08,158.91,159.08,200,2021-07-22 17:51:00,CNXC
158.57,158.57,158.57,158.57,100,2021-07-22 17:54:00,CNXC
158.36,158.69,158.36,158.69,600,2021-07-22 17:57:00,CNXC
158.72,158.78,158.525,158.75,1500,2021-07-22 17:58:00,CNXC
158.675,158.675,158.65,158.65,300,2021-07-22 17:59:00,CNXC
158.8,158.8,158.47,158.47,200,2021-07-22 18:00:00,CNXC
158.58,158.58,158.58,158.58,148,2021-07-22 18:02:00,CNXC
158.67,158.85,158.67,158.85,400,2021-07-22 18:04:00,CNXC
158.88,158.92,158.88,158.92,210,2021-07-22 18:06:00,CNXC
158.88,158.88,158.795,158.795,400,2021-07-22 18:07:00,CNXC
158.73,158.9245,158.675,158.79,1400,2021-07-22 18:08:00,CNXC
158.95,158.95,158.95,158.95,100,2021-07-22 18:10:00,CNXC
158.58,158.58,158.58,158.58,100,2021-07-22 18:13:00,CNXC
158.84,158.84,158.84,158.84,100,2021-07-22 18:16:00,CNXC
158.74,158.89,158.74,158.89,200,2021-07-22 18:18:00,CNXC
158.99,158.99,158.82,158.82,200,2021-07-22 18:19:00,CNXC
158.985,158.985,158.985,158.985,100,2021-07-22 18:20:00,CNXC
158.78,158.97,158.78,158.97,200,2021-07-22 18:24:00,CNXC
158.73,158.73,158.73,158.73,100,2021-07-22 18:26:00,CNXC
158.73,158.73,158.73,158.73,138,2021-07-22 18:27:00,CNXC
158.62,158.62,158.58,158.58,200,2021-07-22 18:29:00,CNXC
158.79,158.79,158.79,158.79,100,2021-07-22 18:39:00,CNXC
158.73,158.73,158.73,158.73,100,2021-07-22 18:44:00,CNXC
158.79,158.79,158.79,158.79,100,2021-07-22 18:47:00,CNXC
159.04,159.04,159.04,159.04,144,2021-07-22 18:48:00,CNXC
159.04,159.04,159.04,159.04,100,2021-07-22 18:49:00,CNXC
158.84,158.84,158.82,158.825,300,2021-07-22 18:51:00,CNXC
159.06,159.06,159.04,159.04,225,2021-07-22 18:54:00,CNXC
159.11,159.13,158.69,158.69,2642,2021-07-22 18:55:00,CNXC
158.69,159.07,158.66,158.86,1470,2021-07-22 18:56:00,CNXC
158.88,159.015,158.88,158.881,440,2021-07-22 18:59:00,CNXC
158.84,158.84,158.84,158.84,100,2021-07-22 19:01:00,CNXC
159.14,159.14,159.14,159.14,200,2021-07-22 19:05:00,CNXC
159.17,159.17,159.17,159.17,100,2021-07-22 19:09:00,CNXC
158.82,158.82,158.82,158.82,100,2021-07-22 19:12:00,CNXC
158.885,158.885,158.885,158.885,100,2021-07-22 19:16:00,CNXC
158.8,158.8,158.8,158.8,100,2021-07-22 19:19:00,CNXC
159.0,159.0,158.99,158.99,200,2021-07-22 19:20:00,CNXC
158.63,158.63,158.63,158.63,100,2021-07-22 19:30:00,CNXC
158.57,158.57,158.57,158.57,100,2021-07-22 19:31:00,CNXC
158.45,158.45,158.45,158.45,100,2021-07-22 19:32:00,CNXC
158.455,158.455,158.455,158.455,100,2021-07-22 19:34:00,CNXC
158.6,158.6,158.6,158.6,188,2021-07-22 19:36:00,CNXC
158.545,158.545,158.545,158.545,100,2021-07-22 19:38:00,CNXC
158.58,158.76,158.58,158.76,700,2021-07-22 19:39:00,CNXC
158.75,158.75,158.64,158.64,600,2021-07-22 19:40:00,CNXC
158.46,158.46,158.46,158.46,100,2021-07-22 19:41:00,CNXC
158.49,158.705,158.49,158.705,500,2021-07-22 19:42:00,CNXC
158.63,158.695,158.6,158.695,500,2021-07-22 19:43:00,CNXC
158.705,158.705,158.54,158.54,677,2021-07-22 19:44:00,CNXC
158.52,158.52,158.41,158.41,422,2021-07-22 19:45:00,CNXC
158.39,158.39,158.35,158.35,200,2021-07-22 19:46:00,CNXC
158.5,158.5,158.42,158.42,200,2021-07-22 19:47:00,CNXC
158.34,158.34,158.34,158.34,100,2021-07-22 19:48:00,CNXC
158.22,158.22,158.2,158.2,200,2021-07-22 19:49:00,CNXC
158.03,158.03,158.01,158.01,200,2021-07-22 19:50:00,CNXC
158.02,158.02,158.02,158.02,200,2021-07-22 19:51:00,CNXC
158.085,158.185,158.085,158.185,300,2021-07-22 19:52:00,CNXC
157.94,157.94,157.94,157.94,200,2021-07-22 19:53:00,CNXC
157.9,157.9,157.9,157.9,500,2021-07-22 19:54:00,CNXC
157.91,158.07,157.91,158.055,2569,2021-07-22 19:55:00,CNXC
158.05,158.25,158.05,158.11,400,2021-07-22 19:56:00,CNXC
158.04,158.25,158.04,158.245,600,2021-07-22 19:57:00,CNXC
158.285,158.33,158.185,158.33,937,2021-07-22 19:58:00,CNXC
158.24,158.24,158.08,158.08,555,2021-07-22 19:59:00,CNXC
158.27,158.27,158.27,158.27,6009,2021-07-22 20:00:00,CNXC
158.38,158.38,158.38,158.38,462,2021-07-23 13:30:00,CNXC
157.41,157.41,157.41,157.41,100,2021-07-23 13:35:00,CNXC
159.11,159.11,159.11,159.11,100,2021-07-23 13:55:00,CNXC
157.77,157.77,157.77,157.77,200,2021-07-23 14:11:00,CNXC
157.64,157.64,157.06,157.06,900,2021-07-23 14:14:00,CNXC
157.18,157.265,157.18,157.265,200,2021-07-23 14:16:00,CNXC
157.245,157.245,156.83,156.83,200,2021-07-23 14:17:00,CNXC
157.7,157.7,157.7,157.7,100,2021-07-23 14:18:00,CNXC
157.42,157.495,157.42,157.47,500,2021-07-23 14:26:00,CNXC
157.57,157.57,157.15,157.15,300,2021-07-23 14:27:00,CNXC
157.94,157.94,157.69,157.69,1600,2021-07-23 14:28:00,CNXC
157.795,157.795,157.62,157.76,411,2021-07-23 14:29:00,CNXC
157.84,158.115,157.8,158.115,600,2021-07-23 14:30:00,CNXC
158.0,158.0,158.0,158.0,100,2021-07-23 14:31:00,CNXC
157.89,158.34,157.84,158.34,900,2021-07-23 14:32:00,CNXC
158.365,158.4996,158.18,158.18,1651,2021-07-23 14:36:00,CNXC
158.25,158.25,158.25,158.25,100,2021-07-23 14:42:00,CNXC
158.3,158.3,158.3,158.3,100,2021-07-23 14:43:00,CNXC
158.01,158.01,157.35,157.35,400,2021-07-23 14:44:00,CNXC
157.58,157.8,157.58,157.7,800,2021-07-23 14:46:00,CNXC
157.935,157.935,157.935,157.935,900,2021-07-23 14:47:00,CNXC
158.12,158.12,158.12,158.12,100,2021-07-23 14:48:00,CNXC
158.0,158.0,158.0,158.0,100,2021-07-23 14:49:00,CNXC
158.47,158.47,158.05,158.23,300,2021-07-23 14:50:00,CNXC
158.2,158.2,158.2,158.2,152,2021-07-23 14:53:00,CNXC
158.2,158.2,158.2,158.2,200,2021-07-23 14:59:00,CNXC
158.74,158.74,158.74,158.74,100,2021-07-23 15:00:00,CNXC
159.0256,159.0256,159.0256,159.0256,105,2021-07-23 15:06:00,CNXC
158.91,158.91,158.91,158.91,128,2021-07-23 15:08:00,CNXC
159.08,159.08,159.08,159.08,100,2021-07-23 15:10:00,CNXC
158.83,158.87,158.78,158.87,520,2021-07-23 15:12:00,CNXC
158.505,158.505,158.505,158.505,500,2021-07-23 15:18:00,CNXC
158.71,158.71,158.71,158.71,200,2021-07-23 15:20:00,CNXC
158.8725,158.8725,158.8725,158.8725,100,2021-07-23 15:25:00,CNXC
159.04,159.04,158.9,158.9,544,2021-07-23 15:46:00,CNXC
159.015,159.18,159.015,159.07,600,2021-07-23 15:58:00,CNXC
159.2,159.29,159.19,159.24,400,2021-07-23 15:59:00,CNXC
158.84,159.13,158.84,159.13,1900,2021-07-23 16:04:00,CNXC
159.01,159.64,159.01,159.64,1290,2021-07-23 16:05:00,CNXC
159.35,159.42,159.32,159.38,1696,2021-07-23 16:06:00,CNXC
159.285,159.285,159.0601,159.0601,1400,2021-07-23 16:13:00,CNXC
159.195,159.34,159.195,159.26,900,2021-07-23 16:14:00,CNXC
159.365,159.365,159.36,159.36,300,2021-07-23 16:15:00,CNXC
159.69,159.79,159.66,159.66,400,2021-07-23 16:16:00,CNXC
159.45,159.45,159.45,159.45,100,2021-07-23 16:17:00,CNXC
159.49,159.49,159.45,159.45,300,2021-07-23 16:18:00,CNXC
159.69,159.69,159.69,159.69,100,2021-07-23 16:21:00,CNXC
159.2,159.69,159.2,159.69,200,2021-07-23 16:22:00,CNXC
159.4599,159.4599,159.42,159.455,600,2021-07-23 16:24:00,CNXC
159.69,159.69,159.69,159.69,100,2021-07-23 16:25:00,CNXC
159.495,159.495,159.495,159.495,1400,2021-07-23 16:26:00,CNXC
159.66,159.66,159.38,159.38,200,2021-07-23 16:28:00,CNXC
159.67,159.67,159.4,159.4,300,2021-07-23 16:30:00,CNXC
159.69,159.69,159.69,159.69,100,2021-07-23 16:31:00,CNXC
159.54,159.54,159.54,159.54,200,2021-07-23 16:32:00,CNXC
159.37,159.49,159.33,159.49,300,2021-07-23 16:34:00,CNXC
159.32,159.32,159.3,159.3,200,2021-07-23 16:37:00,CNXC
159.445,159.445,159.445,159.445,200,2021-07-23 16:41:00,CNXC
159.44,159.4725,159.44,159.4725,300,2021-07-23 16:42:00,CNXC
159.24,159.24,159.24,159.24,100,2021-07-23 16:43:00,CNXC
159.62,159.62,159.62,159.62,100,2021-07-23 16:44:00,CNXC
159.62,159.62,159.62,159.62,100,2021-07-23 16:45:00,CNXC
159.21,159.21,159.21,159.21,100,2021-07-23 16:46:00,CNXC
159.59,159.59,159.59,159.59,100,2021-07-23 16:47:00,CNXC
159.395,159.395,159.395,159.395,1000,2021-07-23 16:50:00,CNXC
159.34,159.34,159.34,159.34,200,2021-07-23 16:52:00,CNXC
159.46,159.46,159.46,159.46,100,2021-07-23 16:56:00,CNXC
159.69,159.69,159.69,159.69,100,2021-07-23 16:59:00,CNXC
159.73,159.73,159.73,159.73,100,2021-07-23 17:04:00,CNXC
159.72,159.73,159.72,159.73,200,2021-07-23 17:05:00,CNXC
159.84,159.84,159.84,159.84,100,2021-07-23 17:07:00,CNXC
159.89,159.89,159.89,159.89,110,2021-07-23 17:11:00,CNXC
160.0,160.0,160.0,160.0,100,2021-07-23 17:15:00,CNXC
159.89,159.89,159.89,159.89,200,2021-07-23 17:16:00,CNXC
160.07,160.07,160.07,160.07,200,2021-07-23 17:18:00,CNXC
160.2,160.2,160.2,160.2,100,2021-07-23 17:19:00,CNXC
159.96,159.96,159.96,159.96,100,2021-07-23 17:20:00,CNXC
160.13,160.13,160.13,160.13,100,2021-07-23 17:27:00,CNXC
160.03,160.03,160.03,160.03,100,2021-07-23 17:29:00,CNXC
160.19,160.19,160.19,160.19,100,2021-07-23 17:31:00,CNXC
160.22,160.22,160.22,160.22,100,2021-07-23 17:32:00,CNXC
160.26,160.32,160.26,160.32,580,2021-07-23 17:33:00,CNXC
160.37,160.37,160.37,160.37,100,2021-07-23 17:38:00,CNXC
160.56,160.56,160.56,160.56,100,2021-07-23 17:41:00,CNXC
160.62,160.62,160.37,160.37,800,2021-07-23 17:45:00,CNXC
160.29,160.29,160.15,160.15,300,2021-07-23 17:46:00,CNXC
159.9,160.14,159.9,160.14,500,2021-07-23 17:47:00,CNXC
159.96,159.96,159.96,159.96,100,2021-07-23 17:57:00,CNXC
160.105,160.105,160.105,160.105,200,2021-07-23 18:10:00,CNXC
160.21,160.31,160.21,160.31,302,2021-07-23 18:11:00,CNXC
160.46,160.46,160.46,160.46,100,2021-07-23 18:18:00,CNXC
160.41,160.41,160.39,160.39,304,2021-07-23 18:23:00,CNXC
160.24,160.24,160.24,160.24,100,2021-07-23 18:24:00,CNXC
160.2,160.2,160.14,160.14,300,2021-07-23 18:34:00,CNXC
160.15,160.2,160.14,160.14,400,2021-07-23 18:35:00,CNXC
160.2,160.2,160.2,160.2,100,2021-07-23 18:36:00,CNXC
160.15,160.15,160.15,160.15,100,2021-07-23 18:37:00,CNXC
160.21,160.21,160.21,160.21,200,2021-07-23 18:38:00,CNXC
160.26,160.26,160.26,160.26,100,2021-07-23 18:53:00,CNXC
160.29,160.29,160.28,160.28,200,2021-07-23 18:55:00,CNXC
160.325,160.375,160.325,160.375,600,2021-07-23 18:56:00,CNXC
160.53,160.53,160.53,160.53,100,2021-07-23 18:57:00,CNXC
160.47,160.47,160.47,160.47,100,2021-07-23 18:58:00,CNXC
160.54,160.55,160.54,160.55,200,2021-07-23 18:59:00,CNXC
160.57,160.57,160.57,160.57,100,2021-07-23 19:00:00,CNXC
160.515,160.515,160.515,160.515,100,2021-07-23 19:01:00,CNXC
160.47,160.47,160.25,160.25,500,2021-07-23 19:04:00,CNXC
160.37,160.37,160.225,160.36,350,2021-07-23 19:05:00,CNXC
160.23,160.23,160.11,160.11,200,2021-07-23 19:07:00,CNXC
160.215,160.22,160.21,160.22,400,2021-07-23 19:08:00,CNXC
160.33,160.33,160.33,160.33,200,2021-07-23 19:11:00,CNXC
160.36,160.36,160.36,160.36,100,2021-07-23 19:17:00,CNXC
160.305,160.305,160.305,160.305,100,2021-07-23 19:19:00,CNXC
160.365,160.365,160.365,160.365,100,2021-07-23 19:23:00,CNXC
160.435,160.435,160.435,160.435,100,2021-07-23 19:29:00,CNXC
160.42,160.42,160.31,160.31,200,2021-07-23 19:30:00,CNXC
160.41,160.41,160.41,160.41,200,2021-07-23 19:32:00,CNXC
160.5,160.5,160.34,160.34,200,2021-07-23 19:33:00,CNXC
160.44,160.53,160.44,160.53,500,2021-07-23 19:35:00,CNXC
160.55,160.55,160.39,160.39,600,2021-07-23 19:36:00,CNXC
160.48,160.49,160.48,160.49,300,2021-07-23 19:37:00,CNXC
160.65,160.65,160.645,160.645,200,2021-07-23 19:39:00,CNXC
160.905,160.905,160.905,160.905,200,2021-07-23 19:42:00,CNXC
160.9,160.97,160.9,160.97,500,2021-07-23 19:43:00,CNXC
160.9,160.9,160.89,160.89,200,2021-07-23 19:44:00,CNXC
160.87,160.87,160.87,160.87,100,2021-07-23 19:45:00,CNXC
160.88,160.88,160.88,160.88,100,2021-07-23 19:46:00,CNXC
160.88,160.93,160.88,160.93,300,2021-07-23 19:47:00,CNXC
160.89,160.89,160.86,160.86,300,2021-07-23 19:48:00,CNXC
160.87,160.87,160.87,160.87,100,2021-07-23 19:49:00,CNXC
160.85,160.87,160.85,160.86,500,2021-07-23 19:50:00,CNXC
160.87,160.87,160.6107,160.745,1200,2021-07-23 19:51:00,CNXC
160.8,160.85,160.8,160.85,624,2021-07-23 19:52:00,CNXC
160.88,160.98,160.88,160.98,200,2021-07-23 19:53:00,CNXC
160.98,160.98,160.98,160.98,180,2021-07-23 19:54:00,CNXC
160.97,161.04,160.97,161.04,600,2021-07-23 19:55:00,CNXC
161.1,161.31,161.06,161.31,1205,2021-07-23 19:56:00,CNXC
161.37,161.37,160.98,161.0,3284,2021-07-23 19:57:00,CNXC
160.84,160.96,160.79,160.85,1017,2021-07-23 19:58:00,CNXC
160.85,161.26,160.85,161.26,3715,2021-07-23 19:59:00,CNXC
161.31,161.31,161.31,161.31,8489,2021-07-23 20:00:00,CNXC
161.57,161.57,161.57,161.57,711,2021-07-26 13:30:00,CNXC
160.2801,160.2801,160.2801,160.2801,150,2021-07-26 13:34:00,CNXC
161.3112,161.3112,161.3112,161.3112,200,2021-07-26 13:40:00,CNXC
159.8,159.8,159.8,159.8,100,2021-07-26 13:43:00,CNXC
160.71,160.71,160.71,160.71,110,2021-07-26 13:45:00,CNXC
160.08,160.08,160.08,160.08,100,2021-07-26 13:48:00,CNXC
161.4799,161.4799,161.4799,161.4799,300,2021-07-26 14:06:00,CNXC
160.68,160.79,160.68,160.79,726,2021-07-26 14:10:00,CNXC
160.68,161.04,160.48,160.71,2884,2021-07-26 14:11:00,CNXC
161.43,161.43,161.17,161.4,1052,2021-07-26 14:12:00,CNXC
161.29,161.42,161.05,161.42,1588,2021-07-26 14:13:00,CNXC
161.37,161.37,161.37,161.37,500,2021-07-26 14:14:00,CNXC
161.43,161.43,161.43,161.43,100,2021-07-26 14:26:00,CNXC
161.65,161.65,161.65,161.65,100,2021-07-26 14:27:00,CNXC
161.44,161.44,161.03,161.03,615,2021-07-26 14:29:00,CNXC
160.83,160.8396,160.83,160.8396,200,2021-07-26 14:38:00,CNXC
160.53,160.53,160.53,160.53,100,2021-07-26 14:41:00,CNXC
160.0,160.44,160.0,160.44,200,2021-07-26 14:42:00,CNXC
160.42,160.69,160.42,160.42,300,2021-07-26 14:43:00,CNXC
160.64,160.64,160.59,160.59,900,2021-07-26 14:48:00,CNXC
160.43,160.43,160.4,160.4,200,2021-07-26 14:49:00,CNXC
160.48,160.48,160.48,160.48,100,2021-07-26 14:50:00,CNXC
160.38,160.43,160.38,160.43,500,2021-07-26 14:53:00,CNXC
160.47,160.47,160.21,160.21,700,2021-07-26 14:56:00,CNXC
160.425,160.425,160.425,160.425,400,2021-07-26 14:58:00,CNXC
159.94,159.94,159.94,159.94,100,2021-07-26 15:04:00,CNXC
159.25,159.25,159.2,159.2,200,2021-07-26 15:08:00,CNXC
159.99,159.99,159.99,159.99,200,2021-07-26 15:14:00,CNXC
160.33,160.33,159.92,159.92,292,2021-07-26 15:19:00,CNXC
160.26,160.26,160.26,160.26,100,2021-07-26 15:28:00,CNXC
159.91,159.91,159.91,159.91,100,2021-07-26 15:31:00,CNXC
160.36,160.36,160.28,160.28,200,2021-07-26 15:33:00,CNXC
160.7,160.7,160.7,160.7,100,2021-07-26 15:39:00,CNXC
160.0,160.0,160.0,160.0,100,2021-07-26 15:41:00,CNXC
159.96,160.7,159.96,160.7,200,2021-07-26 15:44:00,CNXC
160.185,160.185,160.185,160.185,200,2021-07-26 15:45:00,CNXC
160.71,160.71,160.71,160.71,100,2021-07-26 15:50:00,CNXC
160.5,160.5,160.5,160.5,100,2021-07-26 15:53:00,CNXC
160.76,160.76,160.76,160.76,100,2021-07-26 15:55:00,CNXC
160.77,160.77,160.77,160.77,100,2021-07-26 15:59:00,CNXC
160.83,160.83,160.83,160.83,131,2021-07-26 16:01:00,CNXC
160.58,160.58,160.36,160.36,600,2021-07-26 16:02:00,CNXC
160.15,160.5499,160.14,160.5499,300,2021-07-26 16:09:00,CNXC
160.46,160.46,160.46,160.46,100,2021-07-26 16:17:00,CNXC
159.88,159.88,159.88,159.88,100,2021-07-26 16:18:00,CNXC
159.9266,159.9266,159.82,159.82,200,2021-07-26 16:21:00,CNXC
160.48,160.48,160.48,160.48,100,2021-07-26 16:22:00,CNXC
160.19,160.19,160.19,160.19,100,2021-07-26 16:25:00,CNXC
160.77,160.77,160.77,160.77,100,2021-07-26 16:27:00,CNXC
160.51,160.51,160.51,160.51,100,2021-07-26 16:30:00,CNXC
160.54,160.54,160.54,160.54,100,2021-07-26 16:32:00,CNXC
160.77,160.77,160.77,160.77,100,2021-07-26 16:38:00,CNXC
160.435,160.435,160.435,160.435,100,2021-07-26 16:42:00,CNXC
160.15,160.15,160.15,160.15,300,2021-07-26 16:46:00,CNXC
160.16,160.16,160.16,160.16,100,2021-07-26 16:50:00,CNXC
160.23,160.23,160.23,160.23,100,2021-07-26 16:51:00,CNXC
160.19,160.19,160.17,160.17,200,2021-07-26 16:52:00,CNXC
160.5,160.5,160.5,160.5,100,2021-07-26 16:58:00,CNXC
160.195,160.195,160.18,160.18,300,2021-07-26 17:00:00,CNXC
160.175,160.29,160.175,160.29,300,2021-07-26 17:01:00,CNXC
159.99,159.99,159.99,159.99,300,2021-07-26 17:04:00,CNXC
159.89,160.05,159.89,160.05,2391,2021-07-26 17:05:00,CNXC
160.06,160.62,159.98,160.5,2291,2021-07-26 17:06:00,CNXC
160.28,160.28,160.28,160.28,100,2021-07-26 17:08:00,CNXC
160.93,160.93,160.93,160.93,100,2021-07-26 17:19:00,CNXC
160.82,160.82,160.82,160.82,100,2021-07-26 17:24:00,CNXC
160.48,160.62,160.48,160.62,1110,2021-07-26 17:26:00,CNXC
160.64,161.18,160.64,161.18,1563,2021-07-26 17:27:00,CNXC
161.13,161.13,160.83,160.87,2005,2021-07-26 17:28:00,CNXC
161.01,161.01,160.64,160.96,1300,2021-07-26 17:29:00,CNXC
160.88,160.88,160.4,160.4,1600,2021-07-26 17:30:00,CNXC
160.5,160.5,160.5,160.5,100,2021-07-26 17:35:00,CNXC
160.6,160.79,160.6,160.79,200,2021-07-26 17:37:00,CNXC
160.88,160.88,160.88,160.88,185,2021-07-26 17:41:00,CNXC
160.94,160.94,160.94,160.94,100,2021-07-26 17:42:00,CNXC
160.97,160.97,160.97,160.97,100,2021-07-26 17:44:00,CNXC
160.56,160.56,160.55,160.55,200,2021-07-26 17:45:00,CNXC
160.47,160.68,160.24,160.24,601,2021-07-26 17:46:00,CNXC
160.34,160.34,160.34,160.34,100,2021-07-26 17:52:00,CNXC
160.85,160.85,160.8244,160.8244,295,2021-07-26 17:55:00,CNXC
160.86,160.86,160.86,160.86,100,2021-07-26 17:57:00,CNXC
160.59,160.765,160.59,160.765,300,2021-07-26 17:59:00,CNXC
160.68,160.93,160.68,160.93,200,2021-07-26 18:00:00,CNXC
160.68,160.98,160.35,160.98,1916,2021-07-26 18:05:00,CNXC
160.84,160.84,160.84,160.84,2800,2021-07-26 18:06:00,CNXC
160.905,160.905,160.905,160.905,21100,2021-07-26 18:07:00,CNXC
160.67,160.67,160.36,160.36,200,2021-07-26 18:11:00,CNXC
160.635,160.635,160.635,160.635,100,2021-07-26 18:19:00,CNXC
160.37,160.37,160.34,160.36,700,2021-07-26 18:20:00,CNXC
160.42,160.42,160.191,160.2,2400,2021-07-26 18:21:00,CNXC
160.1,160.13,160.04,160.04,300,2021-07-26 18:25:00,CNXC
160.16,160.16,160.16,160.16,100,2021-07-26 18:26:00,CNXC
159.94,159.94,159.91,159.91,200,2021-07-26 18:32:00,CNXC
160.095,160.095,160.095,160.095,300,2021-07-26 18:33:00,CNXC
159.82,159.82,159.82,159.82,100,2021-07-26 18:35:00,CNXC
160.19,160.19,160.17,160.17,2100,2021-07-26 18:39:00,CNXC
159.7,159.7,159.7,159.7,2000,2021-07-26 18:40:00,CNXC
159.75,160.25,159.75,160.13,300,2021-07-26 18:41:00,CNXC
160.13,160.13,160.13,160.13,100,2021-07-26 18:42:00,CNXC
160.1,160.21,160.1,160.1,300,2021-07-26 18:43:00,CNXC
160.15,160.25,159.89,159.89,500,2021-07-26 18:44:00,CNXC
160.27,160.27,160.27,160.27,100,2021-07-26 18:51:00,CNXC
160.005,160.15,160.005,160.15,200,2021-07-26 18:53:00,CNXC
160.25,160.25,160.19,160.19,200,2021-07-26 18:54:00,CNXC
160.04,160.04,159.94,159.94,300,2021-07-26 18:58:00,CNXC
159.88,159.88,159.88,159.88,100,2021-07-26 19:00:00,CNXC
159.98,159.98,159.98,159.98,100,2021-07-26 19:03:00,CNXC
159.98,160.0,159.98,160.0,200,2021-07-26 19:04:00,CNXC
160.02,160.02,160.02,160.02,100,2021-07-26 19:05:00,CNXC
160.005,160.005,160.005,160.005,200,2021-07-26 19:06:00,CNXC
159.985,159.985,159.985,159.985,100,2021-07-26 19:10:00,CNXC
160.19,160.24,160.19,160.24,200,2021-07-26 19:11:00,CNXC
160.045,160.27,160.045,160.27,300,2021-07-26 19:12:00,CNXC
160.065,160.065,159.79,159.79,800,2021-07-26 19:20:00,CNXC
160.1,160.1,160.1,160.1,100,2021-07-26 19:21:00,CNXC
159.95,160.15,159.95,159.955,300,2021-07-26 19:22:00,CNXC
160.14,160.15,159.955,159.955,500,2021-07-26 19:23:00,CNXC
160.15,160.15,160.15,160.15,100,2021-07-26 19:24:00,CNXC
160.25,160.25,160.25,160.25,100,2021-07-26 19:25:00,CNXC
160.23,160.23,160.21,160.21,200,2021-07-26 19:29:00,CNXC
160.135,160.135,160.135,160.135,200,2021-07-26 19:31:00,CNXC
160.23,160.24,160.23,160.24,200,2021-07-26 19:32:00,CNXC
160.25,160.25,160.25,160.25,200,2021-07-26 19:33:00,CNXC
160.2,160.2,160.2,160.2,100,2021-07-26 19:40:00,CNXC
160.19,160.19,160.115,160.115,600,2021-07-26 19:43:00,CNXC
160.16,160.16,160.04,160.15,300,2021-07-26 19:44:00,CNXC
160.26,160.26,160.26,160.26,100,2021-07-26 19:45:00,CNXC
160.33,160.33,160.33,160.33,100,2021-07-26 19:47:00,CNXC
160.16,160.16,160.16,160.16,100,2021-07-26 19:48:00,CNXC
160.35,160.35,160.35,160.35,100,2021-07-26 19:49:00,CNXC
160.28,160.28,160.28,160.28,100,2021-07-26 19:51:00,CNXC
160.22,160.22,160.22,160.22,300,2021-07-26 19:52:00,CNXC
160.21,160.22,159.83,160.1,1637,2021-07-26 19:53:00,CNXC
160.08,160.42,160.08,160.42,1850,2021-07-26 19:54:00,CNXC
160.33,160.33,160.29,160.29,556,2021-07-26 19:55:00,CNXC
160.06,160.13,160.06,160.09,320,2021-07-26 19:56:00,CNXC
160.09,160.18,160.09,160.18,439,2021-07-26 19:57:00,CNXC
160.09,160.3,160.09,160.3,200,2021-07-26 19:58:00,CNXC
160.47,160.69,160.41,160.54,4786,2021-07-26 19:59:00,CNXC
160.53,160.53,160.53,160.53,10624,2021-07-26 20:00:00,CNXC
160.53,160.53,154.4689,158.1,1237,2021-07-27 13:30:00,CNXC
158.85,158.85,158.85,158.85,100,2021-07-27 13:38:00,CNXC
159.04,159.25,159.04,159.25,200,2021-07-27 13:39:00,CNXC
159.2,159.2,159.2,159.2,100,2021-07-27 13:40:00,CNXC
158.46,159.43,158.46,158.605,10600,2021-07-27 13:44:00,CNXC
159.05,159.05,159.05,159.05,100,2021-07-27 13:54:00,CNXC
159.23,159.26,159.23,159.26,200,2021-07-27 13:55:00,CNXC
158.29,158.29,158.29,158.29,100,2021-07-27 13:59:00,CNXC
158.61,158.61,158.61,158.61,100,2021-07-27 14:00:00,CNXC
158.61,158.61,158.61,158.61,100,2021-07-27 14:03:00,CNXC
158.605,158.605,158.605,158.605,100,2021-07-27 14:06:00,CNXC
159.88,159.88,158.155,158.155,800,2021-07-27 14:07:00,CNXC
158.385,159.63,158.385,158.46,400,2021-07-27 14:08:00,CNXC
158.73,158.73,158.73,158.73,100,2021-07-27 14:09:00,CNXC
159.29,159.29,159.29,159.29,100,2021-07-27 14:10:00,CNXC
159.08,159.08,159.08,159.08,100,2021-07-27 14:12:00,CNXC
158.575,158.575,158.24,158.36,3035,2021-07-27 14:13:00,CNXC
158.51,158.51,158.51,158.51,100,2021-07-27 14:14:00,CNXC
159.06,159.06,159.06,159.06,100,2021-07-27 14:17:00,CNXC
158.934,158.934,158.934,158.934,610,2021-07-27 14:18:00,CNXC
159.08,159.83,159.08,159.83,600,2021-07-27 14:22:00,CNXC
159.24,160.09,159.24,160.09,300,2021-07-27 14:23:00,CNXC
159.705,159.705,159.37,159.37,250,2021-07-27 14:24:00,CNXC
159.77,159.97,159.71,159.97,433,2021-07-27 14:25:00,CNXC
159.69,159.69,159.69,159.69,600,2021-07-27 14:27:00,CNXC
159.36,159.36,159.36,159.36,100,2021-07-27 14:33:00,CNXC
158.69,158.69,158.69,158.69,100,2021-07-27 14:38:00,CNXC
159.285,159.285,158.76,158.76,500,2021-07-27 14:40:00,CNXC
158.775,158.775,158.775,158.775,100,2021-07-27 14:41:00,CNXC
158.69,158.69,158.69,158.69,100,2021-07-27 14:42:00,CNXC
158.575,158.575,158.575,158.575,113,2021-07-27 14:47:00,CNXC
158.56,158.56,158.56,158.56,1387,2021-07-27 14:50:00,CNXC
158.77,159.66,158.77,159.64,1000,2021-07-27 14:51:00,CNXC
159.23,159.23,159.23,159.23,200,2021-07-27 14:57:00,CNXC
159.53,159.77,159.53,159.77,600,2021-07-27 14:58:00,CNXC
159.96,159.96,159.96,159.96,100,2021-07-27 15:01:00,CNXC
159.55,159.55,159.55,159.55,100,2021-07-27 15:03:00,CNXC
159.44,159.44,159.44,159.44,100,2021-07-27 15:04:00,CNXC
158.845,158.845,158.845,158.845,100,2021-07-27 15:15:00,CNXC
158.56,158.8,158.16,158.31,1500,2021-07-27 15:19:00,CNXC
158.4,158.4,158.28,158.3,1322,2021-07-27 15:20:00,CNXC
158.25,158.58,158.25,158.56,1905,2021-07-27 15:21:00,CNXC
158.63,158.63,158.554,158.63,1200,2021-07-27 15:23:00,CNXC
158.42,158.76,158.4,158.65,1722,2021-07-27 15:24:00,CNXC
158.62,158.62,157.98,157.98,200,2021-07-27 15:27:00,CNXC
157.75,157.93,157.75,157.93,1100,2021-07-27 15:36:00,CNXC
157.735,157.735,157.735,157.735,100,2021-07-27 15:37:00,CNXC
157.545,157.545,157.545,157.545,100,2021-07-27 15:39:00,CNXC
157.545,157.545,157.51,157.53,880,2021-07-27 15:40:00,CNXC
157.56,157.56,157.56,157.56,100,2021-07-27 15:41:00,CNXC
157.39,157.39,157.39,157.39,200,2021-07-27 15:46:00,CNXC
157.235,157.235,157.205,157.205,300,2021-07-27 15:48:00,CNXC
157.28,157.395,157.28,157.395,1000,2021-07-27 15:52:00,CNXC
157.305,157.305,157.305,157.305,100,2021-07-27 15:57:00,CNXC
157.42,157.64,157.42,157.64,1200,2021-07-27 15:59:00,CNXC
157.72,157.72,157.72,157.72,100,2021-07-27 16:00:00,CNXC
157.53,157.53,157.525,157.525,209,2021-07-27 16:19:00,CNXC
157.185,157.185,157.14,157.14,200,2021-07-27 16:22:00,CNXC
157.39,157.695,157.38,157.69,1404,2021-07-27 16:23:00,CNXC
157.75,157.8494,157.73,157.8494,1400,2021-07-27 16:28:00,CNXC
157.7,157.7,157.565,157.565,600,2021-07-27 16:31:00,CNXC
157.82,157.9,157.65,157.9,3171,2021-07-27 16:32:00,CNXC
157.76,157.76,157.61,157.61,200,2021-07-27 16:33:00,CNXC
157.71,157.71,157.57,157.58,400,2021-07-27 16:34:00,CNXC
157.58,157.58,157.58,157.58,100,2021-07-27 16:35:00,CNXC
157.66,157.8,157.66,157.8,200,2021-07-27 16:36:00,CNXC
157.86,157.86,157.8,157.8,400,2021-07-27 16:37:00,CNXC
157.84,157.88,157.84,157.86,900,2021-07-27 16:38:00,CNXC
157.99,158.03,157.77,157.885,3815,2021-07-27 16:39:00,CNXC
158.03,158.04,157.66,157.66,3632,2021-07-27 16:40:00,CNXC
157.68,158.0,157.63,158.0,5300,2021-07-27 16:41:00,CNXC
158.0,158.01,157.96,157.9805,1112,2021-07-27 16:42:00,CNXC
158.01,158.01,157.6,157.6,1333,2021-07-27 16:43:00,CNXC
157.5,157.5,157.32,157.32,566,2021-07-27 16:45:00,CNXC
157.205,157.4,157.205,157.4,2440,2021-07-27 16:54:00,CNXC
157.38,157.43,157.1,157.38,1919,2021-07-27 16:55:00,CNXC
157.33,157.33,157.185,157.2,3194,2021-07-27 16:56:00,CNXC
157.23,157.27,157.23,157.25,400,2021-07-27 16:57:00,CNXC
157.35,157.36,157.35,157.36,200,2021-07-27 16:58:00,CNXC
157.41,157.41,157.41,157.41,100,2021-07-27 16:59:00,CNXC
157.31,157.31,157.31,157.31,100,2021-07-27 17:01:00,CNXC
157.35,157.45,157.35,157.45,600,2021-07-27 17:02:00,CNXC
157.5,157.54,157.5,157.54,200,2021-07-27 17:07:00,CNXC
157.39,157.39,157.39,157.39,100,2021-07-27 17:09:00,CNXC
157.39,157.39,157.39,157.39,100,2021-07-27 17:11:00,CNXC
157.355,157.355,157.355,157.355,200,2021-07-27 17:14:00,CNXC
157.225,157.225,157.225,157.225,100,2021-07-27 17:15:00,CNXC
157.35,157.42,157.35,157.42,600,2021-07-27 17:16:00,CNXC
157.14,157.14,157.14,157.14,112,2021-07-27 17:18:00,CNXC
157.18,157.18,157.045,157.045,200,2021-07-27 17:21:00,CNXC
157.005,157.32,157.005,157.32,2294,2021-07-27 17:24:00,CNXC
157.025,157.025,157.025,157.025,100,2021-07-27 17:30:00,CNXC
157.16,157.16,157.16,157.16,100,2021-07-27 17:31:00,CNXC
157.025,157.35,156.9225,157.02,1698,2021-07-27 17:32:00,CNXC
157.3,157.3,157.3,157.3,100,2021-07-27 17:33:00,CNXC
157.32,157.32,157.15,157.15,200,2021-07-27 17:35:00,CNXC
157.3,157.3,157.3,157.3,100,2021-07-27 17:36:00,CNXC
157.44,157.51,157.44,157.45,704,2021-07-27 17:42:00,CNXC
157.31,157.31,157.31,157.31,300,2021-07-27 17:57:00,CNXC
157.43,157.43,157.43,157.43,100,2021-07-27 18:00:00,CNXC
157.38,157.38,157.38,157.38,100,2021-07-27 18:01:00,CNXC
157.4,157.45,157.4,157.45,200,2021-07-27 18:02:00,CNXC
157.61,157.61,157.61,157.61,100,2021-07-27 18:10:00,CNXC
157.63,157.63,157.63,157.63,200,2021-07-27 18:15:00,CNXC
157.6,157.6,157.6,157.6,300,2021-07-27 18:19:00,CNXC
157.6,157.6,157.515,157.53,300,2021-07-27 18:20:00,CNXC
157.675,157.69,157.67,157.6896,600,2021-07-27 18:21:00,CNXC
157.86,157.93,157.805,157.91,1100,2021-07-27 18:22:00,CNXC
157.85,157.85,157.825,157.825,500,2021-07-27 18:23:00,CNXC
157.95,157.96,157.85,157.96,800,2021-07-27 18:24:00,CNXC
158.08,158.15,158.08,158.1404,700,2021-07-27 18:25:00,CNXC
158.01,158.03,157.89,158.03,700,2021-07-27 18:26:00,CNXC
157.89,157.89,157.89,157.89,100,2021-07-27 18:27:00,CNXC
158.07,158.07,158.0475,158.07,300,2021-07-27 18:28:00,CNXC
158.0782,158.0782,158.0782,158.0782,100,2021-07-27 18:29:00,CNXC
158.22,158.22,158.045,158.045,200,2021-07-27 18:32:00,CNXC
158.19,158.19,158.19,158.19,100,2021-07-27 18:35:00,CNXC
158.2,158.2,158.16,158.16,300,2021-07-27 18:36:00,CNXC
158.18,158.199,158.18,158.199,200,2021-07-27 18:37:00,CNXC
158.11,158.345,158.11,158.345,900,2021-07-27 18:41:00,CNXC
158.265,158.265,158.265,158.265,100,2021-07-27 18:50:00,CNXC
158.235,158.35,158.235,158.35,500,2021-07-27 18:55:00,CNXC
158.32,158.33,158.32,158.33,500,2021-07-27 18:56:00,CNXC
158.37,158.59,158.275,158.55,2383,2021-07-27 18:57:00,CNXC
158.59,158.61,158.55,158.61,1000,2021-07-27 18:58:00,CNXC
158.87,158.87,158.66,158.815,1400,2021-07-27 18:59:00,CNXC
158.88,158.945,158.73,158.82,1900,2021-07-27 19:00:00,CNXC
158.79,159.08,158.79,158.975,3400,2021-07-27 19:01:00,CNXC
158.91,158.91,158.32,158.34,2761,2021-07-27 19:02:00,CNXC
158.12,158.12,158.12,158.12,100,2021-07-27 19:04:00,CNXC
158.26,158.26,157.8992,158.16,996,2021-07-27 19:06:00,CNXC
158.045,158.045,158.045,158.045,100,2021-07-27 19:07:00,CNXC
158.045,158.24,158.045,158.24,2600,2021-07-27 19:08:00,CNXC
158.22,158.45,158.1,158.45,600,2021-07-27 19:09:00,CNXC
158.04,158.04,158.04,158.04,100,2021-07-27 19:13:00,CNXC
158.19,158.24,158.19,158.23,700,2021-07-27 19:17:00,CNXC
158.1175,158.1175,158.105,158.105,200,2021-07-27 19:18:00,CNXC
158.13,158.13,158.13,158.13,100,2021-07-27 19:21:00,CNXC
158.29,158.29,158.29,158.29,100,2021-07-27 19:23:00,CNXC
158.3,158.46,158.3,158.46,500,2021-07-27 19:24:00,CNXC
158.58,158.58,158.58,158.58,100,2021-07-27 19:26:00,CNXC
158.45,158.5,158.45,158.49,600,2021-07-27 19:33:00,CNXC
158.62,158.62,158.62,158.62,100,2021-07-27 19:34:00,CNXC
158.4,158.4,158.4,158.4,338,2021-07-27 19:35:00,CNXC
158.355,158.355,158.355,158.355,100,2021-07-27 19:36:00,CNXC
158.38,158.49,158.38,158.49,409,2021-07-27 19:40:00,CNXC
158.365,158.43,158.365,158.38,509,2021-07-27 19:43:00,CNXC
158.44,158.47,158.44,158.47,742,2021-07-27 19:44:00,CNXC
158.35,158.35,158.35,158.35,100,2021-07-27 19:46:00,CNXC
158.34,158.45,158.34,158.45,500,2021-07-27 19:47:00,CNXC
158.53,158.78,158.53,158.78,678,2021-07-27 19:48:00,CNXC
158.55,158.585,158.55,158.585,201,2021-07-27 19:50:00,CNXC
158.7,158.75,158.69,158.71,662,2021-07-27 19:51:00,CNXC
158.53,158.58,158.305,158.49,2587,2021-07-27 19:52:00,CNXC
158.48,158.5,158.44,158.44,946,2021-07-27 19:53:00,CNXC
158.515,158.78,158.41,158.56,2400,2021-07-27 19:54:00,CNXC
158.49,158.555,158.49,158.49,608,2021-07-27 19:55:00,CNXC
158.49,158.62,158.4,158.49,1349,2021-07-27 19:56:00,CNXC
158.57,158.78,158.53,158.53,890,2021-07-27 19:57:00,CNXC
158.68,158.96,158.68,158.9125,500,2021-07-27 19:58:00,CNXC
158.98,158.98,158.77,158.85,1012,2021-07-27 19:59:00,CNXC
158.86,158.86,158.86,158.86,13498,2021-07-27 20:00:00,CNXC
158.86,158.86,158.86,158.86,225,2021-07-27 20:02:00,CNXC
158.67,158.67,158.67,158.67,982,2021-07-28 13:30:00,CNXC
158.86,159.98,158.86,159.86,691,2021-07-28 13:34:00,CNXC
158.66,159.275,158.66,159.275,200,2021-07-28 13:38:00,CNXC
159.62,159.62,159.62,159.62,100,2021-07-28 13:39:00,CNXC
159.6723,159.6723,158.915,158.915,200,2021-07-28 13:40:00,CNXC
158.825,158.825,158.825,158.825,100,2021-07-28 13:41:00,CNXC
158.825,158.825,158.765,158.765,200,2021-07-28 13:42:00,CNXC
158.775,160.44,158.555,158.78,3400,2021-07-28 13:43:00,CNXC
159.41,159.41,158.335,158.335,201,2021-07-28 13:47:00,CNXC
160.67,160.67,159.36,159.36,200,2021-07-28 13:56:00,CNXC
160.38,161.1,160.37,160.37,500,2021-07-28 13:58:00,CNXC
160.98,160.98,160.97,160.97,200,2021-07-28 13:59:00,CNXC
161.08,161.1,160.325,160.325,600,2021-07-28 14:00:00,CNXC
160.695,160.695,160.695,160.695,100,2021-07-28 14:07:00,CNXC
160.12,160.67,160.12,160.67,500,2021-07-28 14:17:00,CNXC
160.57,160.77,160.32,160.37,1318,2021-07-28 14:18:00,CNXC
160.8,160.83,160.56,160.56,668,2021-07-28 14:19:00,CNXC
160.54,160.675,160.54,160.675,566,2021-07-28 14:21:00,CNXC
160.37,160.37,160.37,160.37,400,2021-07-28 14:23:00,CNXC
160.06,160.06,159.94,159.94,400,2021-07-28 14:24:00,CNXC
159.415,159.975,159.415,159.975,700,2021-07-28 14:27:00,CNXC
160.35,160.35,160.35,160.35,100,2021-07-28 14:28:00,CNXC
160.35,160.35,160.35,160.35,100,2021-07-28 14:29:00,CNXC
160.72,160.72,160.72,160.72,100,2021-07-28 14:31:00,CNXC
160.53,160.67,160.53,160.67,200,2021-07-28 14:34:00,CNXC
160.53,160.58,160.53,160.58,400,2021-07-28 14:35:00,CNXC
160.5,160.5,160.5,160.5,100,2021-07-28 14:36:00,CNXC
160.5,160.5,160.5,160.5,100,2021-07-28 14:37:00,CNXC
160.55,160.55,160.5001,160.51,300,2021-07-28 14:38:00,CNXC
160.64,160.64,160.64,160.64,100,2021-07-28 14:43:00,CNXC
160.18,160.18,159.68,160.18,500,2021-07-28 14:44:00,CNXC
160.47,160.47,160.45,160.45,200,2021-07-28 14:49:00,CNXC
160.6,160.775,160.6,160.775,500,2021-07-28 14:57:00,CNXC
160.655,160.655,160.655,160.655,100,2021-07-28 14:59:00,CNXC
160.655,160.655,160.655,160.655,100,2021-07-28 15:00:00,CNXC
160.655,160.655,160.655,160.655,100,2021-07-28 15:01:00,CNXC
160.7,160.7,160.7,160.7,100,2021-07-28 15:02:00,CNXC
160.96,160.96,160.4,160.5004,1100,2021-07-28 15:03:00,CNXC
160.61,160.7,160.61,160.6804,600,2021-07-28 15:04:00,CNXC
160.405,160.405,160.405,160.405,100,2021-07-28 15:05:00,CNXC
160.405,160.405,160.4,160.4,200,2021-07-28 15:06:00,CNXC
160.37,160.37,160.36,160.36,200,2021-07-28 15:07:00,CNXC
160.5023,160.5023,160.5023,160.5023,100,2021-07-28 15:08:00,CNXC
160.6,160.81,160.6,160.81,400,2021-07-28 15:14:00,CNXC
160.9,160.905,160.9,160.905,300,2021-07-28 15:15:00,CNXC
160.785,160.785,160.785,160.785,100,2021-07-28 15:36:00,CNXC
160.9,160.9,160.9,160.9,125,2021-07-28 15:37:00,CNXC
160.7925,160.7925,160.7925,160.7925,100,2021-07-28 15:44:00,CNXC
160.86,160.87,160.86,160.87,400,2021-07-28 15:45:00,CNXC
160.98,160.98,160.98,160.98,100,2021-07-28 15:46:00,CNXC
161.5301,161.5301,161.3,161.3,240,2021-07-28 15:51:00,CNXC
161.51,162.0,161.51,162.0,700,2021-07-28 15:56:00,CNXC
161.8,161.8,161.8,161.8,177,2021-07-28 16:00:00,CNXC
161.75,161.75,161.75,161.75,300,2021-07-28 16:03:00,CNXC
162.0,162.01,162.0,162.0,400,2021-07-28 16:16:00,CNXC
162.27,162.27,162.06,162.06,515,2021-07-28 16:19:00,CNXC
162.2301,162.2301,162.2301,162.2301,173,2021-07-28 16:21:00,CNXC
162.265,162.31,162.265,162.31,300,2021-07-28 16:22:00,CNXC
162.25,162.25,162.25,162.25,100,2021-07-28 16:31:00,CNXC
162.175,162.2,162.175,162.2,1125,2021-07-28 16:32:00,CNXC
161.925,162.09,161.925,162.08,5700,2021-07-28 16:48:00,CNXC
162.335,162.335,162.335,162.335,700,2021-07-28 16:52:00,CNXC
162.315,162.315,162.315,162.315,200,2021-07-28 16:53:00,CNXC
162.22,162.22,162.21,162.21,200,2021-07-28 16:54:00,CNXC
162.02,162.02,161.99,161.99,5200,2021-07-28 17:01:00,CNXC
161.97,161.97,161.8,161.8,400,2021-07-28 17:08:00,CNXC
162.0875,162.0875,162.0875,162.0875,600,2021-07-28 17:11:00,CNXC
161.995,161.995,161.995,161.995,500,2021-07-28 17:14:00,CNXC
161.86,161.9499,161.86,161.9499,200,2021-07-28 17:17:00,CNXC
161.725,161.7541,161.725,161.7541,220,2021-07-28 17:19:00,CNXC
161.53,161.92,161.53,161.55,800,2021-07-28 17:23:00,CNXC
161.76,161.78,161.76,161.78,300,2021-07-28 17:24:00,CNXC
161.64,161.64,161.6,161.6,300,2021-07-28 17:29:00,CNXC
161.84,161.84,161.62,161.62,300,2021-07-28 17:32:00,CNXC
161.62,161.62,161.62,161.62,300,2021-07-28 17:34:00,CNXC
161.305,161.305,161.305,161.305,100,2021-07-28 17:35:00,CNXC
161.36,161.36,161.36,161.36,100,2021-07-28 17:46:00,CNXC
161.335,161.335,161.335,161.335,100,2021-07-28 17:51:00,CNXC
161.25,161.25,161.25,161.25,125,2021-07-28 17:52:00,CNXC
161.22,161.22,161.22,161.22,9700,2021-07-28 17:53:00,CNXC
161.36,161.37,161.36,161.37,300,2021-07-28 17:56:00,CNXC
161.39,161.39,161.39,161.39,100,2021-07-28 17:57:00,CNXC
161.54,161.54,161.54,161.54,100,2021-07-28 17:58:00,CNXC
161.41,161.41,161.41,161.41,100,2021-07-28 18:01:00,CNXC
161.61,161.61,161.61,161.61,100,2021-07-28 18:02:00,CNXC
161.64,161.81,161.48,161.76,836,2021-07-28 18:04:00,CNXC
161.32,161.32,161.32,161.32,100,2021-07-28 18:10:00,CNXC
161.35,161.35,161.32,161.32,200,2021-07-28 18:11:00,CNXC
161.6269,161.6269,161.6269,161.6269,200,2021-07-28 18:19:00,CNXC
161.605,161.89,161.605,161.89,200,2021-07-28 18:22:00,CNXC
161.4642,161.4642,161.4642,161.4642,188,2021-07-28 18:25:00,CNXC
162.0,162.0,162.0,162.0,100,2021-07-28 18:31:00,CNXC
161.52,161.52,161.52,161.52,100,2021-07-28 18:32:00,CNXC
161.75,161.78,161.68,161.68,400,2021-07-28 18:33:00,CNXC
161.44,161.44,161.44,161.44,100,2021-07-28 18:36:00,CNXC
161.55,161.58,161.55,161.58,500,2021-07-28 18:44:00,CNXC
161.63,161.98,161.63,161.93,3064,2021-07-28 18:45:00,CNXC
161.83,161.83,161.745,161.745,200,2021-07-28 18:46:00,CNXC
161.64,161.64,161.64,161.64,100,2021-07-28 18:50:00,CNXC
161.63,161.63,161.63,161.63,200,2021-07-28 18:53:00,CNXC
161.745,161.745,161.745,161.745,100,2021-07-28 18:55:00,CNXC
161.5622,161.5622,161.5622,161.5622,275,2021-07-28 19:03:00,CNXC
161.46,161.46,161.4,161.4,200,2021-07-28 19:04:00,CNXC
161.84,161.84,161.84,161.84,100,2021-07-28 19:05:00,CNXC
161.45,161.66,161.45,161.49,1500,2021-07-28 19:08:00,CNXC
161.3,161.72,161.3,161.57,4407,2021-07-28 19:09:00,CNXC
161.575,162.04,161.575,161.78,5742,2021-07-28 19:10:00,CNXC
161.95,162.01,161.58,161.725,3579,2021-07-28 19:11:00,CNXC
161.5,161.5,161.3032,161.3032,800,2021-07-28 19:12:00,CNXC
161.3,161.4,161.3,161.385,600,2021-07-28 19:13:00,CNXC
161.385,161.51,161.385,161.51,500,2021-07-28 19:14:00,CNXC
161.525,161.565,161.525,161.565,565,2021-07-28 19:15:00,CNXC
161.57,161.57,161.5,161.5,200,2021-07-28 19:16:00,CNXC
161.725,161.735,161.44,161.5,800,2021-07-28 19:17:00,CNXC
161.685,161.685,161.685,161.685,100,2021-07-28 19:19:00,CNXC
161.43,161.43,161.4,161.4,200,2021-07-28 19:21:00,CNXC
161.435,161.435,161.435,161.435,100,2021-07-28 19:24:00,CNXC
161.2,161.39,161.2,161.39,200,2021-07-28 19:25:00,CNXC
161.335,161.335,161.335,161.335,100,2021-07-28 19:26:00,CNXC
161.355,161.355,161.355,161.355,100,2021-07-28 19:27:00,CNXC
161.28,161.35,161.28,161.35,204,2021-07-28 19:29:00,CNXC
161.43,161.51,161.43,161.51,500,2021-07-28 19:30:00,CNXC
161.625,161.625,161.57,161.61,500,2021-07-28 19:31:00,CNXC
161.585,161.585,161.49,161.49,665,2021-07-28 19:33:00,CNXC
161.615,161.81,161.56,161.56,1300,2021-07-28 19:34:00,CNXC
161.66,161.81,161.655,161.77,1199,2021-07-28 19:35:00,CNXC
161.735,161.735,161.68,161.7,700,2021-07-28 19:36:00,CNXC
161.75,162.255,161.75,162.2,3604,2021-07-28 19:37:00,CNXC
162.31,162.54,162.3,162.54,830,2021-07-28 19:38:00,CNXC
162.6,162.65,162.35,162.375,600,2021-07-28 19:39:00,CNXC
162.72,162.82,162.41,162.82,700,2021-07-28 19:40:00,CNXC
162.43,162.91,162.43,162.91,999,2021-07-28 19:41:00,CNXC
162.92,163.27,162.92,163.27,600,2021-07-28 19:42:00,CNXC
162.925,163.29,162.925,163.055,779,2021-07-28 19:43:00,CNXC
163.065,163.43,163.065,163.415,800,2021-07-28 19:44:00,CNXC
163.07,163.46,163.07,163.46,800,2021-07-28 19:45:00,CNXC
163.48,163.5,162.96,163.23,1540,2021-07-28 19:46:00,CNXC
163.37,163.38,163.01,163.35,1400,2021-07-28 19:47:00,CNXC
163.53,163.61,163.16,163.25,1300,2021-07-28 19:48:00,CNXC
162.88,162.97,162.69,162.81,600,2021-07-28 19:49:00,CNXC
163.06,163.15,162.96,163.15,1764,2021-07-28 19:50:00,CNXC
163.215,163.64,163.03,163.26,1586,2021-07-28 19:51:00,CNXC
163.12,163.64,163.12,163.59,1870,2021-07-28 19:52:00,CNXC
163.6,163.7,162.89,163.16,2020,2021-07-28 19:53:00,CNXC
163.54,163.54,162.75,163.16,2877,2021-07-28 19:54:00,CNXC
162.76,162.87,162.4,162.74,4262,2021-07-28 19:55:00,CNXC
163.06,163.2,162.62,162.93,2560,2021-07-28 19:56:00,CNXC
163.06,163.2,162.8,162.82,4496,2021-07-28 19:57:00,CNXC
162.655,162.84,162.53,162.61,4964,2021-07-28 19:58:00,CNXC
162.61,162.94,162.45,162.76,5744,2021-07-28 19:59:00,CNXC
162.51,162.51,162.51,162.51,27198,2021-07-28 20:00:00,CNXC
162.51,162.51,162.51,162.51,523,2021-07-28 20:01:00,CNXC
162.978,162.978,162.978,162.978,30065,2021-07-28 20:04:00,CNXC
163.1,163.7201,163.0,163.0,987,2021-07-29 13:30:00,CNXC
163.1177,163.1177,163.1177,163.1177,120,2021-07-29 13:33:00,CNXC
163.3,163.3,163.28,163.28,376,2021-07-29 13:36:00,CNXC
163.07,163.07,163.07,163.07,100,2021-07-29 13:37:00,CNXC
163.09,163.09,163.09,163.09,100,2021-07-29 13:39:00,CNXC
163.07,163.08,163.07,163.08,534,2021-07-29 13:40:00,CNXC
163.11,163.11,163.11,163.11,100,2021-07-29 13:41:00,CNXC
162.75,162.75,162.7,162.7,200,2021-07-29 13:44:00,CNXC
162.52,162.52,162.5,162.5,517,2021-07-29 13:45:00,CNXC
161.915,162.19,161.915,162.19,400,2021-07-29 13:48:00,CNXC
162.22,162.22,162.22,162.22,200,2021-07-29 13:52:00,CNXC
162.42,162.49,162.42,162.49,200,2021-07-29 13:53:00,CNXC
162.285,162.285,162.285,162.285,300,2021-07-29 13:59:00,CNXC
162.57,162.57,162.57,162.57,300,2021-07-29 14:00:00,CNXC
162.13,162.13,162.13,162.13,200,2021-07-29 14:02:00,CNXC
162.205,162.205,162.205,162.205,1700,2021-07-29 14:05:00,CNXC
162.66,162.71,162.66,162.71,400,2021-07-29 14:06:00,CNXC
161.9,161.905,161.9,161.905,900,2021-07-29 14:07:00,CNXC
163.05,163.05,163.05,163.05,100,2021-07-29 14:08:00,CNXC
162.16,162.16,162.16,162.16,180,2021-07-29 14:10:00,CNXC
162.4,162.4,162.03,162.03,800,2021-07-29 14:11:00,CNXC
162.78,162.78,162.78,162.78,100,2021-07-29 14:12:00,CNXC
161.825,161.825,161.825,161.825,600,2021-07-29 14:23:00,CNXC
162.14,162.56,162.14,162.56,200,2021-07-29 14:24:00,CNXC
162.57,162.93,162.385,162.93,300,2021-07-29 14:25:00,CNXC
162.59,162.75,162.59,162.75,200,2021-07-29 14:34:00,CNXC
162.87,163.16,162.87,163.16,400,2021-07-29 14:35:00,CNXC
163.19,163.29,163.19,163.19,300,2021-07-29 14:38:00,CNXC
163.4,163.5,163.4,163.5,400,2021-07-29 14:51:00,CNXC
163.5,163.5,163.5,163.5,100,2021-07-29 14:55:00,CNXC
163.33,163.33,163.31,163.33,400,2021-07-29 14:58:00,CNXC
163.33,163.33,163.16,163.16,300,2021-07-29 14:59:00,CNXC
163.11,163.11,163.11,163.11,400,2021-07-29 15:00:00,CNXC
163.09,163.09,163.09,163.09,100,2021-07-29 15:01:00,CNXC
162.8,162.92,162.8,162.865,500,2021-07-29 15:04:00,CNXC
162.63,162.63,162.23,162.23,700,2021-07-29 15:10:00,CNXC
163.04,163.04,162.67,162.67,500,2021-07-29 15:12:00,CNXC
162.99,162.99,162.99,162.99,100,2021-07-29 15:15:00,CNXC
162.25,162.25,162.25,162.25,100,2021-07-29 15:31:00,CNXC
162.46,162.62,162.335,162.335,600,2021-07-29 15:32:00,CNXC
162.03,162.03,162.03,162.03,300,2021-07-29 15:38:00,CNXC
162.14,162.14,162.14,162.14,150,2021-07-29 15:41:00,CNXC
162.015,162.015,162.015,162.015,100,2021-07-29 15:42:00,CNXC
161.77,161.77,161.77,161.77,100,2021-07-29 15:43:00,CNXC
161.82,161.9,161.82,161.9,500,2021-07-29 15:47:00,CNXC
162.05,162.07,162.05,162.07,200,2021-07-29 15:51:00,CNXC
162.23,162.23,162.23,162.23,100,2021-07-29 15:54:00,CNXC
161.99,161.99,161.8,161.8,400,2021-07-29 15:57:00,CNXC
162.09,162.09,162.09,162.09,100,2021-07-29 16:00:00,CNXC
161.615,161.62,161.615,161.62,300,2021-07-29 16:01:00,CNXC
161.98,162.07,161.9,161.9,300,2021-07-29 16:06:00,CNXC
161.875,161.99,161.875,161.99,200,2021-07-29 16:11:00,CNXC
161.97,161.97,161.76,161.79,400,2021-07-29 16:14:00,CNXC
161.7175,161.7499,161.7175,161.7499,200,2021-07-29 16:15:00,CNXC
161.88,161.88,161.88,161.88,100,2021-07-29 16:16:00,CNXC
161.88,161.92,161.73,161.73,804,2021-07-29 16:17:00,CNXC
161.9,161.9,161.9,161.9,100,2021-07-29 16:18:00,CNXC
161.77,161.85,161.77,161.85,200,2021-07-29 16:20:00,CNXC
161.61,161.61,161.61,161.61,100,2021-07-29 16:27:00,CNXC
161.56,161.56,161.56,161.56,100,2021-07-29 16:31:00,CNXC
161.5,161.5,161.47,161.47,344,2021-07-29 16:41:00,CNXC
161.3,161.3,161.3,161.3,300,2021-07-29 16:43:00,CNXC
161.26,161.26,161.26,161.26,400,2021-07-29 16:44:00,CNXC
161.11,161.11,161.11,161.11,100,2021-07-29 16:49:00,CNXC
161.34,161.38,161.34,161.34,400,2021-07-29 16:50:00,CNXC
161.185,161.185,161.185,161.185,372,2021-07-29 16:52:00,CNXC
161.84,161.84,161.37,161.37,200,2021-07-29 17:00:00,CNXC
161.22,161.7,161.22,161.7,200,2021-07-29 17:09:00,CNXC
161.51,161.8,161.51,161.58,800,2021-07-29 17:12:00,CNXC
160.97,160.97,160.97,160.97,100,2021-07-29 17:20:00,CNXC
161.315,161.315,161.315,161.315,100,2021-07-29 17:22:00,CNXC
161.285,161.285,161.285,161.285,100,2021-07-29 17:26:00,CNXC
161.46,161.62,161.46,161.62,319,2021-07-29 17:29:00,CNXC
161.37,161.59,161.2,161.59,1586,2021-07-29 17:30:00,CNXC
161.09,161.09,161.09,161.09,100,2021-07-29 17:34:00,CNXC
161.31,161.31,161.31,161.31,100,2021-07-29 17:37:00,CNXC
161.47,161.47,161.47,161.47,100,2021-07-29 17:38:00,CNXC
161.4,161.4,161.4,161.4,100,2021-07-29 17:39:00,CNXC
161.46,161.46,161.46,161.46,100,2021-07-29 17:40:00,CNXC
161.29,161.55,161.29,161.55,700,2021-07-29 17:46:00,CNXC
161.69,161.69,161.69,161.69,100,2021-07-29 17:47:00,CNXC
161.59,161.59,161.59,161.59,100,2021-07-29 17:53:00,CNXC
161.49,161.63,161.31,161.54,439,2021-07-29 17:58:00,CNXC
161.41,161.41,161.41,161.41,100,2021-07-29 17:59:00,CNXC
161.565,161.565,161.565,161.565,100,2021-07-29 18:00:00,CNXC
161.47,161.47,161.47,161.47,200,2021-07-29 18:01:00,CNXC
161.56,161.56,161.56,161.56,103,2021-07-29 18:02:00,CNXC
161.55,161.6,161.55,161.6,400,2021-07-29 18:06:00,CNXC
161.43,161.43,161.42,161.42,200,2021-07-29 18:07:00,CNXC
161.495,161.495,161.495,161.495,200,2021-07-29 18:10:00,CNXC
161.51,161.51,161.51,161.51,100,2021-07-29 18:11:00,CNXC
161.69,161.69,161.69,161.69,100,2021-07-29 18:12:00,CNXC
161.635,161.635,161.635,161.635,100,2021-07-29 18:14:00,CNXC
161.625,161.625,161.34,161.34,200,2021-07-29 18:19:00,CNXC
161.22,161.22,161.22,161.22,100,2021-07-29 18:23:00,CNXC
161.265,161.265,161.265,161.265,100,2021-07-29 18:27:00,CNXC
161.265,161.265,161.265,161.265,100,2021-07-29 18:29:00,CNXC
161.37,161.37,161.37,161.37,300,2021-07-29 18:31:00,CNXC
161.26,161.26,161.26,161.26,100,2021-07-29 18:32:00,CNXC
161.04,161.04,161.0,161.0,300,2021-07-29 18:37:00,CNXC
161.03,161.03,161.02,161.02,300,2021-07-29 18:41:00,CNXC
161.12,161.12,161.12,161.12,400,2021-07-29 18:42:00,CNXC
161.06,161.06,161.06,161.06,100,2021-07-29 18:44:00,CNXC
161.22,161.22,161.22,161.22,100,2021-07-29 18:46:00,CNXC
161.395,161.395,161.395,161.395,100,2021-07-29 18:48:00,CNXC
161.17,161.17,161.17,161.17,200,2021-07-29 18:49:00,CNXC
161.18,161.18,161.18,161.18,200,2021-07-29 18:54:00,CNXC
161.34,161.365,161.34,161.365,200,2021-07-29 18:57:00,CNXC
161.365,161.365,161.335,161.335,200,2021-07-29 19:00:00,CNXC
161.37,161.37,161.37,161.37,100,2021-07-29 19:02:00,CNXC
161.16,161.16,160.95,160.95,300,2021-07-29 19:04:00,CNXC
161.02,161.02,161.02,161.02,100,2021-07-29 19:06:00,CNXC
160.96,160.965,160.855,160.965,300,2021-07-29 19:08:00,CNXC
160.88,161.09,160.88,161.02,1100,2021-07-29 19:09:00,CNXC
161.015,161.015,161.015,161.015,100,2021-07-29 19:10:00,CNXC
161.2,161.2,161.2,161.2,100,2021-07-29 19:11:00,CNXC
161.2,161.22,161.2,161.22,250,2021-07-29 19:14:00,CNXC
161.2,161.2,161.2,161.2,100,2021-07-29 19:15:00,CNXC
161.3,161.3,161.27,161.27,300,2021-07-29 19:19:00,CNXC
161.16,161.16,161.16,161.16,100,2021-07-29 19:20:00,CNXC
161.12,161.215,161.12,161.215,200,2021-07-29 19:23:00,CNXC
161.11,161.145,161.11,161.145,200,2021-07-29 19:25:00,CNXC
161.16,161.16,161.16,161.16,100,2021-07-29 19:26:00,CNXC
161.14,161.14,161.08,161.08,550,2021-07-29 19:27:00,CNXC
161.095,161.095,161.095,161.095,100,2021-07-29 19:29:00,CNXC
161.18,161.19,161.18,161.19,300,2021-07-29 19:30:00,CNXC
161.115,161.115,161.115,161.115,100,2021-07-29 19:31:00,CNXC
161.125,161.125,161.125,161.125,100,2021-07-29 19:34:00,CNXC
161.04,161.04,161.04,161.04,200,2021-07-29 19:35:00,CNXC
161.1,161.1,160.98,160.98,600,2021-07-29 19:36:00,CNXC
160.875,160.875,160.875,160.875,146,2021-07-29 19:37:00,CNXC
161.03,161.03,161.03,161.03,100,2021-07-29 19:38:00,CNXC
161.06,161.06,161.06,161.06,100,2021-07-29 19:39:00,CNXC
161.05,161.05,161.05,161.05,100,2021-07-29 19:41:00,CNXC
160.945,161.05,160.89,160.89,700,2021-07-29 19:43:00,CNXC
160.99,160.99,160.99,160.99,100,2021-07-29 19:44:00,CNXC
160.905,160.905,160.905,160.905,100,2021-07-29 19:45:00,CNXC
160.895,160.895,160.87,160.87,200,2021-07-29 19:46:00,CNXC
160.92,160.92,160.82,160.82,300,2021-07-29 19:47:00,CNXC
160.865,160.865,160.75,160.75,949,2021-07-29 19:48:00,CNXC
160.685,160.685,160.685,160.685,100,2021-07-29 19:49:00,CNXC
160.52,160.52,160.28,160.34,600,2021-07-29 19:50:00,CNXC
160.42,160.435,160.42,160.435,200,2021-07-29 19:51:00,CNXC
160.49,160.5,160.435,160.435,500,2021-07-29 19:52:00,CNXC
160.415,160.53,160.415,160.44,600,2021-07-29 19:53:00,CNXC
160.53,160.65,160.53,160.59,617,2021-07-29 19:54:00,CNXC
160.78,160.78,160.74,160.74,200,2021-07-29 19:55:00,CNXC
160.73,160.85,160.59,160.84,800,2021-07-29 19:56:00,CNXC
160.83,160.83,160.62,160.81,600,2021-07-29 19:57:00,CNXC
160.61,160.82,160.61,160.82,1117,2021-07-29 19:58:00,CNXC
160.83,161.07,160.62,160.62,2016,2021-07-29 19:59:00,CNXC
160.83,160.83,160.83,160.83,13997,2021-07-29 20:00:00,CNXC
160.83,160.83,160.83,160.83,100,2021-07-29 20:48:00,CNXC
159.94,159.94,159.94,159.94,547,2021-07-30 13:30:00,CNXC
161.46,161.46,161.46,161.46,192,2021-07-30 13:35:00,CNXC
159.58,159.58,159.58,159.58,100,2021-07-30 13:41:00,CNXC
161.19,161.19,161.19,161.19,200,2021-07-30 13:42:00,CNXC
161.36,161.99,161.36,161.74,603,2021-07-30 13:57:00,CNXC
162.1599,162.1599,162.1599,162.1599,100,2021-07-30 14:00:00,CNXC
161.2797,161.2797,161.2797,161.2797,219,2021-07-30 14:15:00,CNXC
161.7,161.7,161.42,161.56,400,2021-07-30 14:21:00,CNXC
161.3,161.3,161.3,161.3,100,2021-07-30 14:26:00,CNXC
161.65,161.65,161.65,161.65,100,2021-07-30 14:30:00,CNXC
161.6005,161.61,161.6005,161.61,300,2021-07-30 14:34:00,CNXC
161.79,161.79,161.79,161.79,100,2021-07-30 14:39:00,CNXC
161.8,161.92,161.8,161.92,300,2021-07-30 14:40:00,CNXC
161.97,161.9999,161.97,161.9999,200,2021-07-30 14:41:00,CNXC
162.41,162.45,162.41,162.45,300,2021-07-30 15:08:00,CNXC
162.62,162.62,162.37,162.37,1000,2021-07-30 15:09:00,CNXC
162.71,162.71,162.71,162.71,100,2021-07-30 15:13:00,CNXC
162.863,162.863,162.863,162.863,250,2021-07-30 15:20:00,CNXC
162.89,162.89,162.89,162.89,100,2021-07-30 15:21:00,CNXC
162.9,162.91,162.9,162.91,200,2021-07-30 15:22:00,CNXC
163.0,163.0,163.0,163.0,100,2021-07-30 15:23:00,CNXC
162.95,162.99,162.95,162.95,700,2021-07-30 15:24:00,CNXC
163.0,163.0,163.0,163.0,200,2021-07-30 15:26:00,CNXC
163.0,163.0,163.0,163.0,210,2021-07-30 15:28:00,CNXC
163.08,163.2,163.08,163.2,500,2021-07-30 15:29:00,CNXC
163.3,163.3,163.3,163.3,100,2021-07-30 15:34:00,CNXC
163.08,163.08,163.08,163.08,101,2021-07-30 15:39:00,CNXC
163.0568,163.1,163.0568,163.1,200,2021-07-30 16:01:00,CNXC
163.36,163.36,163.36,163.36,159,2021-07-30 16:04:00,CNXC
163.15,163.15,162.96,162.96,554,2021-07-30 16:07:00,CNXC
163.13,163.23,163.13,163.23,300,2021-07-30 16:10:00,CNXC
163.25,163.25,163.25,163.25,109,2021-07-30 16:17:00,CNXC
163.3,163.3,163.3,163.3,100,2021-07-30 16:28:00,CNXC
163.32,163.37,163.25,163.37,600,2021-07-30 16:52:00,CNXC
163.42,163.42,163.42,163.42,100,2021-07-30 16:57:00,CNXC
163.32,163.32,163.32,163.32,108,2021-07-30 17:02:00,CNXC
163.33,163.33,163.33,163.33,338,2021-07-30 17:08:00,CNXC
163.12,163.12,163.12,163.12,600,2021-07-30 17:25:00,CNXC
163.27,163.45,163.18,163.3,1200,2021-07-30 17:26:00,CNXC
163.42,163.66,163.42,163.66,1470,2021-07-30 17:27:00,CNXC
163.48,163.6,163.3606,163.6,677,2021-07-30 17:28:00,CNXC
163.48,163.61,163.48,163.61,250,2021-07-30 17:31:00,CNXC
163.7,163.7,163.7,163.7,100,2021-07-30 17:34:00,CNXC
164.2,164.2,164.2,164.2,100,2021-07-30 17:40:00,CNXC
164.155,164.46,164.155,164.46,200,2021-07-30 17:45:00,CNXC
164.13,164.13,164.13,164.13,100,2021-07-30 17:49:00,CNXC
163.84,163.84,163.84,163.84,240,2021-07-30 17:54:00,CNXC
164.0,164.0,164.0,164.0,100,2021-07-30 18:03:00,CNXC
163.74,163.845,163.74,163.845,200,2021-07-30 18:05:00,CNXC
163.73,163.73,163.72,163.72,400,2021-07-30 18:06:00,CNXC
163.5689,163.5689,163.5689,163.5689,123,2021-07-30 18:07:00,CNXC
163.96,163.96,163.96,163.96,100,2021-07-30 18:08:00,CNXC
163.88,163.88,163.88,163.88,100,2021-07-30 18:09:00,CNXC
163.635,163.635,163.635,163.635,100,2021-07-30 18:14:00,CNXC
163.81,163.9,163.81,163.9,200,2021-07-30 18:17:00,CNXC
163.83,163.83,163.83,163.83,100,2021-07-30 18:21:00,CNXC
163.85,163.93,163.65,163.93,400,2021-07-30 18:25:00,CNXC
163.63,163.63,163.63,163.63,100,2021-07-30 18:28:00,CNXC
163.78,163.78,163.78,163.78,100,2021-07-30 18:29:00,CNXC
163.78,163.78,163.78,163.78,100,2021-07-30 18:30:00,CNXC
163.78,163.78,163.78,163.78,100,2021-07-30 18:32:00,CNXC
163.73,163.78,163.73,163.74,500,2021-07-30 18:33:00,CNXC
163.625,163.625,163.625,163.625,100,2021-07-30 18:34:00,CNXC
163.63,163.63,163.4801,163.4801,300,2021-07-30 18:37:00,CNXC
163.775,163.775,163.775,163.775,100,2021-07-30 18:52:00,CNXC
163.775,163.775,163.775,163.775,210,2021-07-30 19:01:00,CNXC
163.705,163.835,163.705,163.835,300,2021-07-30 19:04:00,CNXC
163.94,163.94,163.94,163.94,100,2021-07-30 19:09:00,CNXC
163.84,163.84,163.735,163.735,500,2021-07-30 19:12:00,CNXC
163.6,163.61,163.6,163.61,200,2021-07-30 19:15:00,CNXC
163.68,163.68,163.68,163.68,100,2021-07-30 19:16:00,CNXC
163.75,163.79,163.75,163.79,200,2021-07-30 19:20:00,CNXC
163.505,163.505,163.505,163.505,195,2021-07-30 19:24:00,CNXC
163.605,163.605,163.605,163.605,100,2021-07-30 19:28:00,CNXC
163.8,163.8,163.72,163.72,200,2021-07-30 19:32:00,CNXC
163.59,163.59,163.575,163.575,200,2021-07-30 19:34:00,CNXC
163.515,163.515,163.515,163.515,800,2021-07-30 19:36:00,CNXC
163.64,163.64,163.45,163.555,1700,2021-07-30 19:40:00,CNXC
163.5,163.5,163.49,163.5,300,2021-07-30 19:45:00,CNXC
163.475,163.59,163.475,163.57,900,2021-07-30 19:48:00,CNXC
163.545,163.545,163.545,163.545,100,2021-07-30 19:49:00,CNXC
163.62,163.62,163.585,163.585,400,2021-07-30 19:50:00,CNXC
163.65,163.65,163.65,163.65,200,2021-07-30 19:51:00,CNXC
163.68,163.71,163.66,163.66,300,2021-07-30 19:52:00,CNXC
163.725,163.725,163.65,163.65,500,2021-07-30 19:53:00,CNXC
163.62,163.71,163.62,163.71,300,2021-07-30 19:54:00,CNXC
163.56,163.675,163.54,163.675,800,2021-07-30 19:55:00,CNXC
163.57,163.67,163.57,163.67,200,2021-07-30 19:56:00,CNXC
163.71,163.74,163.5,163.5,1020,2021-07-30 19:57:00,CNXC
163.56,163.67,163.56,163.67,600,2021-07-30 19:58:00,CNXC
163.74,163.83,163.58,163.74,1700,2021-07-30 19:59:00,CNXC
163.73,163.73,163.73,163.73,30768,2021-07-30 20:00:00,CNXC
163.73,163.73,163.73,163.73,9704,2021-07-30 20:01:00,CNXC
