open,high,low,close,volume,datetime,symbol
9.98,9.98,9.98,9.98,100,2021-07-06 13:44:00,UCL
9.8,9.8,9.8,9.8,122,2021-07-06 14:07:00,UCL
9.52,9.97,9.51,9.97,1778,2021-07-06 14:22:00,UCL
9.97,9.97,9.9042,9.9042,473,2021-07-06 14:23:00,UCL
9.8988,9.8988,9.8988,9.8988,100,2021-07-06 14:31:00,UCL
9.9,9.9,9.9,9.9,500,2021-07-06 14:35:00,UCL
9.85,9.85,9.85,9.85,100,2021-07-06 15:07:00,UCL
9.8,9.8,9.75,9.75,1200,2021-07-06 15:12:00,UCL
9.72,9.72,9.72,9.72,200,2021-07-06 15:39:00,UCL
9.6,9.6,9.6,9.6,100,2021-07-06 15:43:00,UCL
9.55,9.55,9.55,9.55,500,2021-07-06 16:37:00,UCL
9.5881,9.5881,9.5881,9.5881,100,2021-07-06 16:49:00,UCL
9.6,9.6,9.6,9.6,300,2021-07-06 17:13:00,UCL
9.8256,9.8256,9.8256,9.8256,100,2021-07-06 17:31:00,UCL
9.685,9.685,9.685,9.685,200,2021-07-06 19:59:00,UCL
9.65,9.65,9.65,9.65,100,2021-07-07 13:45:00,UCL
9.6184,9.6184,9.6184,9.6184,100,2021-07-07 14:18:00,UCL
9.6399,9.6399,9.295,9.5399,600,2021-07-07 14:19:00,UCL
9.41,9.55,9.41,9.46,1500,2021-07-07 14:20:00,UCL
9.54,9.54,9.4712,9.52,932,2021-07-07 14:21:00,UCL
9.45,9.5356,9.3686,9.5,1426,2021-07-07 14:22:00,UCL
9.47,9.5,9.3,9.3,900,2021-07-07 14:23:00,UCL
9.4,9.51,9.24,9.24,1000,2021-07-07 14:24:00,UCL
9.44,9.54,9.315,9.48,1000,2021-07-07 14:25:00,UCL
9.44,9.51,9.413,9.45,1100,2021-07-07 14:26:00,UCL
9.45,9.51,9.4222,9.4232,1800,2021-07-07 14:27:00,UCL
9.54,9.55,9.54,9.55,200,2021-07-07 14:28:00,UCL
9.591,9.591,9.44,9.44,2100,2021-07-07 14:29:00,UCL
9.48,9.88,9.44,9.44,1046,2021-07-07 14:30:00,UCL
9.88,9.88,9.5,9.88,1318,2021-07-07 14:31:00,UCL
9.36,9.36,9.36,9.36,500,2021-07-07 15:40:00,UCL
9.29,9.29,9.2606,9.2606,600,2021-07-07 15:41:00,UCL
9.3573,9.3573,9.3573,9.3573,100,2021-07-07 15:42:00,UCL
9.25,9.25,9.25,9.25,199,2021-07-07 15:49:00,UCL
9.22,9.23,9.215,9.23,700,2021-07-07 15:50:00,UCL
9.25,9.25,9.25,9.25,100,2021-07-07 15:51:00,UCL
9.25,9.25,9.25,9.25,200,2021-07-08 08:56:00,UCL
9.34,9.34,9.34,9.34,200,2021-07-08 13:51:00,UCL
9.1824,9.3,9.1824,9.2262,900,2021-07-08 13:52:00,UCL
9.2264,9.23,9.216,9.216,500,2021-07-08 13:53:00,UCL
9.23,9.35,9.2097,9.35,1000,2021-07-08 13:54:00,UCL
9.3441,9.3441,9.2599,9.2599,500,2021-07-08 13:55:00,UCL
9.1561,9.24,9.1561,9.21,849,2021-07-08 13:56:00,UCL
9.23,9.33,9.1932,9.1932,1300,2021-07-08 13:57:00,UCL
9.21,9.2774,9.1974,9.2774,700,2021-07-08 13:58:00,UCL
9.1518,9.27,9.1518,9.1932,1000,2021-07-08 13:59:00,UCL
9.23,9.3,9.2258,9.25,1200,2021-07-08 14:00:00,UCL
9.27,9.3,9.2262,9.29,1100,2021-07-08 14:01:00,UCL
9.24,9.29,9.2015,9.2523,1200,2021-07-08 14:02:00,UCL
9.22,9.27,9.2097,9.2097,1200,2021-07-08 14:03:00,UCL
9.24,9.29,9.2358,9.29,1300,2021-07-08 14:04:00,UCL
9.45,9.63,9.316,9.63,2200,2021-07-08 14:06:00,UCL
9.88,9.88,9.5501,9.5501,1300,2021-07-08 14:07:00,UCL
9.5527,9.56,9.55,9.55,300,2021-07-08 14:08:00,UCL
9.55,9.55,9.55,9.55,600,2021-07-08 14:23:00,UCL
9.675,9.675,9.675,9.675,500,2021-07-08 15:47:00,UCL
9.5763,9.5763,9.5763,9.5763,440,2021-07-08 16:23:00,UCL
9.8288,9.8288,9.75,9.76,600,2021-07-08 16:50:00,UCL
9.8773,9.8773,9.814,9.814,300,2021-07-08 16:56:00,UCL
9.67,9.67,9.67,9.67,100,2021-07-08 18:42:00,UCL
9.8467,9.8467,9.8467,9.8467,100,2021-07-09 13:56:00,UCL
9.69,9.69,9.69,9.69,230,2021-07-09 16:05:00,UCL
9.56,9.56,9.56,9.56,200,2021-07-09 17:01:00,UCL
9.56,9.56,9.08,9.08,675,2021-07-09 17:02:00,UCL
9.1,9.1,9.05,9.05,200,2021-07-09 17:03:00,UCL
9.2584,9.4,9.1,9.4,2900,2021-07-09 17:04:00,UCL
9.4,9.4094,9.38,9.3815,2000,2021-07-09 17:05:00,UCL
9.16,9.41,9.16,9.41,2398,2021-07-09 17:06:00,UCL
9.25,9.5,9.25,9.48,1700,2021-07-09 17:07:00,UCL
9.4655,9.58,9.4655,9.58,2288,2021-07-09 17:08:00,UCL
9.57,9.57,9.57,9.57,1200,2021-07-09 17:09:00,UCL
9.5,9.54,9.5,9.54,300,2021-07-09 17:10:00,UCL
9.24,9.24,9.21,9.21,200,2021-07-09 17:28:00,UCL
9.33,9.48,9.33,9.4605,2440,2021-07-09 17:42:00,UCL
9.38,9.7,9.3327,9.3327,4185,2021-07-09 17:43:00,UCL
9.44,9.44,9.4105,9.4105,400,2021-07-09 17:44:00,UCL
9.678,9.678,9.678,9.678,500,2021-07-09 17:45:00,UCL
9.5582,9.5582,9.5582,9.5582,106,2021-07-09 18:24:00,UCL
9.72,9.72,9.51,9.51,1000,2021-07-09 19:28:00,UCL
9.51,9.51,9.51,9.51,200,2021-07-09 19:29:00,UCL
9.4,9.4,9.4,9.4,100,2021-07-12 13:29:00,UCL
9.24,9.24,9.24,9.24,3007,2021-07-12 13:30:00,UCL
9.2,9.2,9.2,9.2,100,2021-07-12 14:30:00,UCL
9.8063,9.8063,9.8063,9.8063,130,2021-07-12 15:53:00,UCL
9.36,9.36,9.29,9.29,200,2021-07-12 17:35:00,UCL
9.2,9.2,9.2,9.2,100,2021-07-12 17:36:00,UCL
9.23,9.23,9.14,9.14,200,2021-07-12 17:37:00,UCL
9.3,9.32,9.12,9.3,600,2021-07-12 17:39:00,UCL
9.16,9.54,9.16,9.54,1481,2021-07-12 17:40:00,UCL
9.4973,9.5,9.4973,9.5,1859,2021-07-12 17:41:00,UCL
9.65,9.65,9.48,9.5106,718,2021-07-12 17:42:00,UCL
9.7945,9.7945,9.7945,9.7945,500,2021-07-12 17:58:00,UCL
9.45,9.45,9.41,9.4102,500,2021-07-12 18:08:00,UCL
9.45,9.45,9.45,9.45,135,2021-07-12 18:13:00,UCL
9.547,9.547,9.547,9.547,250,2021-07-12 19:08:00,UCL
9.489,9.489,9.489,9.489,104,2021-07-12 19:10:00,UCL
9.55,9.73,9.55,9.6629,1800,2021-07-12 19:21:00,UCL
9.42,9.42,9.11,9.11,400,2021-07-13 13:30:00,UCL
9.11,9.11,9.11,9.11,100,2021-07-13 13:31:00,UCL
9.12,9.18,9.12,9.18,400,2021-07-13 13:32:00,UCL
9.2,9.2,9.2,9.2,200,2021-07-13 13:33:00,UCL
9.2,9.2,9.18,9.18,300,2021-07-13 13:34:00,UCL
9.18,9.18,9.18,9.18,300,2021-07-13 13:35:00,UCL
9.19,9.2,9.19,9.2,200,2021-07-13 13:36:00,UCL
9.2,9.2,9.2,9.2,300,2021-07-13 13:37:00,UCL
9.2,9.2,9.19,9.19,300,2021-07-13 13:38:00,UCL
9.2,9.23,9.2,9.2,400,2021-07-13 13:39:00,UCL
9.444,9.4973,9.42,9.48,1500,2021-07-13 14:06:00,UCL
9.2227,9.2648,9.21,9.21,1224,2021-07-13 14:26:00,UCL
9.2492,9.2492,9.2492,9.2492,300,2021-07-13 16:10:00,UCL
9.448,9.4688,9.448,9.4688,500,2021-07-13 18:00:00,UCL
9.4,9.4973,9.4,9.43,443,2021-07-13 18:01:00,UCL
9.4,9.4,9.4,9.4,230,2021-07-13 20:00:00,UCL
9.4,9.41,9.11,9.13,600,2021-07-14 13:30:00,UCL
9.13,9.13,9.115,9.115,300,2021-07-14 13:31:00,UCL
9.1,9.1,9.1,9.1,100,2021-07-14 13:32:00,UCL
9.07,9.07,9.03,9.03,300,2021-07-14 13:33:00,UCL
9.04,9.04,9.04,9.04,100,2021-07-14 13:34:00,UCL
9.05,9.08,9.04,9.08,400,2021-07-14 13:35:00,UCL
9.05,9.05,9.04,9.04,200,2021-07-14 13:36:00,UCL
9.06,9.06,9.04,9.05,300,2021-07-14 13:37:00,UCL
9.05,9.09,9.05,9.09,200,2021-07-14 13:38:00,UCL
9.04,9.07,9.04,9.07,200,2021-07-14 13:39:00,UCL
9.4985,9.4985,9.4985,9.4985,250,2021-07-14 14:32:00,UCL
9.13,9.13,9.1001,9.1001,200,2021-07-14 14:50:00,UCL
9.2,9.2,9.2,9.2,130,2021-07-14 17:16:00,UCL
9.17,9.17,9.17,9.17,200,2021-07-14 17:45:00,UCL
9.2,9.2,9.2,9.2,159,2021-07-14 19:54:00,UCL
9.14,9.14,9.14,9.14,100,2021-07-15 13:30:00,UCL
9.25,9.25,9.25,9.25,141,2021-07-15 13:41:00,UCL
9.35,9.35,9.35,9.35,100,2021-07-15 13:54:00,UCL
9.295,9.295,9.295,9.295,200,2021-07-15 14:27:00,UCL
9.3,9.3,9.3,9.3,1000,2021-07-15 15:34:00,UCL
9.265,9.265,9.22,9.22,200,2021-07-15 15:38:00,UCL
9.2,9.21,9.02,9.02,1600,2021-07-15 15:39:00,UCL
9.01,9.01,9.01,9.01,900,2021-07-15 15:40:00,UCL
9.0,9.0,9.0,9.0,624,2021-07-15 15:41:00,UCL
9.22,9.22,9.22,9.22,100,2021-07-15 16:11:00,UCL
9.099,9.099,9.099,9.099,100,2021-07-15 16:42:00,UCL
9.2425,9.2425,9.2425,9.2425,100,2021-07-15 16:43:00,UCL
9.3267,9.3267,9.3267,9.3267,100,2021-07-15 16:45:00,UCL
9.165,9.165,9.165,9.165,100,2021-07-15 16:46:00,UCL
9.04,9.04,9.04,9.04,100,2021-07-15 17:31:00,UCL
9.04,9.04,9.04,9.04,100,2021-07-15 18:00:00,UCL
9.33,9.33,9.33,9.33,100,2021-07-15 18:51:00,UCL
9.0,9.0,9.0,9.0,100,2021-07-15 19:50:00,UCL
9.0,9.0,9.0,9.0,100,2021-07-16 13:30:00,UCL
9.0007,9.0007,9.0007,9.0007,377,2021-07-16 14:33:00,UCL
9.1218,9.1218,9.1218,9.1218,250,2021-07-16 16:43:00,UCL
9.2376,9.2376,9.2376,9.2376,100,2021-07-16 16:53:00,UCL
8.6501,8.6501,8.6501,8.6501,500,2021-07-19 13:34:00,UCL
8.45,8.71,7.885,8.71,6352,2021-07-19 13:35:00,UCL
8.72,8.9073,8.6639,8.88,935,2021-07-19 13:36:00,UCL
8.86,9.065,8.73,9.065,1774,2021-07-19 13:37:00,UCL
8.9611,8.9611,8.9611,8.9611,200,2021-07-19 13:39:00,UCL
8.91,8.91,8.91,8.91,200,2021-07-19 13:42:00,UCL
8.97,8.97,8.5201,8.5201,1152,2021-07-19 13:44:00,UCL
8.7,8.7,8.69,8.7,800,2021-07-19 13:48:00,UCL
8.601,8.7,8.601,8.7,449,2021-07-19 13:51:00,UCL
8.7,8.7,8.7,8.7,100,2021-07-19 13:55:00,UCL
8.7,8.7,8.7,8.7,1500,2021-07-19 13:56:00,UCL
8.7,8.7,8.7,8.7,3836,2021-07-19 13:57:00,UCL
9.0,9.3,9.0,9.3,300,2021-07-19 13:58:00,UCL
8.91,8.91,8.91,8.91,300,2021-07-19 13:59:00,UCL
9.21,9.6,8.92,8.92,2000,2021-07-19 14:00:00,UCL
9.61,9.61,9.61,9.61,100,2021-07-19 14:01:00,UCL
9.88,9.88,8.87,9.88,4382,2021-07-19 14:02:00,UCL
9.18,9.18,9.18,9.18,200,2021-07-19 14:04:00,UCL
9.19,9.19,9.19,9.19,100,2021-07-19 14:05:00,UCL
9.18,9.18,9.18,9.18,1800,2021-07-19 14:06:00,UCL
9.18,9.59,9.11,9.11,1400,2021-07-19 14:07:00,UCL
9.2412,9.59,9.02,9.11,2100,2021-07-19 14:08:00,UCL
9.12,9.15,9.12,9.15,1200,2021-07-19 14:23:00,UCL
9.42,9.42,9.12,9.12,1200,2021-07-19 14:24:00,UCL
9.56,9.56,9.56,9.56,100,2021-07-19 14:25:00,UCL
9.1,9.1,9.1,9.1,100,2021-07-19 14:26:00,UCL
9.32,9.32,9.32,9.32,898,2021-07-19 14:36:00,UCL
9.1,9.15,9.1,9.15,2200,2021-07-19 14:38:00,UCL
9.17,9.17,9.17,9.17,1374,2021-07-19 14:39:00,UCL
9.16,9.88,9.16,9.88,1100,2021-07-19 14:40:00,UCL
9.348,9.405,9.11,9.17,1267,2021-07-19 14:41:00,UCL
9.75,9.75,9.11,9.11,900,2021-07-19 14:42:00,UCL
9.13,9.13,9.13,9.13,401,2021-07-19 14:43:00,UCL
9.25,9.25,9.25,9.25,100,2021-07-19 14:44:00,UCL
9.1859,9.88,9.12,9.13,2900,2021-07-19 14:45:00,UCL
9.14,9.14,9.14,9.14,500,2021-07-19 14:47:00,UCL
9.79,9.79,9.1472,9.1472,700,2021-07-19 14:48:00,UCL
9.2,9.2,9.2,9.2,200,2021-07-19 14:56:00,UCL
9.2,9.22,9.14,9.14,1192,2021-07-19 14:59:00,UCL
9.22,9.22,9.22,9.22,200,2021-07-19 15:10:00,UCL
9.15,9.15,9.15,9.15,200,2021-07-19 15:11:00,UCL
9.24,9.24,9.24,9.24,200,2021-07-19 15:17:00,UCL
9.22,9.39,9.22,9.39,400,2021-07-19 15:18:00,UCL
9.2747,9.2747,9.2747,9.2747,150,2021-07-19 15:21:00,UCL
9.28,9.28,9.2752,9.2752,600,2021-07-19 15:46:00,UCL
9.276,9.276,9.276,9.276,300,2021-07-19 15:47:00,UCL
9.27,9.2799,9.27,9.2799,717,2021-07-19 15:48:00,UCL
9.25,9.25,9.25,9.25,200,2021-07-19 16:02:00,UCL
9.26,9.26,9.26,9.26,100,2021-07-19 16:05:00,UCL
9.25,9.26,9.14,9.14,700,2021-07-19 16:19:00,UCL
9.19,9.19,9.17,9.17,400,2021-07-19 16:20:00,UCL
9.205,9.21,9.17,9.17,1800,2021-07-19 16:21:00,UCL
9.16,9.17,9.0,9.0,1041,2021-07-19 16:22:00,UCL
9.0,9.0,8.96,8.96,801,2021-07-19 16:23:00,UCL
9.05,9.05,9.05,9.05,1100,2021-07-19 16:24:00,UCL
9.02,9.26,9.0101,9.0101,1400,2021-07-19 16:25:00,UCL
9.17,9.17,9.17,9.17,100,2021-07-19 16:26:00,UCL
9.02,9.0349,9.0,9.0349,900,2021-07-19 16:27:00,UCL
9.115,9.115,8.91,8.94,2600,2021-07-19 16:28:00,UCL
8.97,9.26,8.87,8.87,1530,2021-07-19 16:29:00,UCL
8.97,9.07,8.97,8.9937,300,2021-07-19 16:31:00,UCL
8.92,8.94,8.92,8.94,1500,2021-07-19 16:57:00,UCL
9.17,9.17,9.17,9.17,100,2021-07-19 16:58:00,UCL
8.95,9.27,8.91,8.94,1503,2021-07-19 16:59:00,UCL
8.88,8.88,8.83,8.83,600,2021-07-19 17:00:00,UCL
8.9,8.94,8.82,8.82,900,2021-07-19 17:01:00,UCL
8.83,8.87,8.83,8.87,300,2021-07-19 17:02:00,UCL
8.9,8.9,8.9,8.9,400,2021-07-19 17:13:00,UCL
9.07,9.07,8.91,8.91,500,2021-07-19 17:14:00,UCL
9.1,9.1,8.84,8.84,700,2021-07-19 17:15:00,UCL
8.96,9.07,8.96,9.07,1000,2021-07-19 18:06:00,UCL
8.92,8.92,8.88,8.88,400,2021-07-19 18:07:00,UCL
9.06,9.06,9.06,9.06,100,2021-07-19 18:08:00,UCL
9.09,9.09,9.09,9.09,100,2021-07-19 18:09:00,UCL
9.2599,9.2599,9.2599,9.2599,145,2021-07-19 19:11:00,UCL
9.13,9.13,9.13,9.13,360,2021-07-19 19:12:00,UCL
9.12,9.13,9.12,9.13,1276,2021-07-19 19:37:00,UCL
9.15,9.15,9.15,9.15,182,2021-07-19 19:48:00,UCL
9.09,9.09,9.09,9.09,150,2021-07-19 19:55:00,UCL
9.0,9.0,9.0,9.0,100,2021-07-20 13:30:00,UCL
8.98,9.0,8.98,9.0,1000,2021-07-20 13:31:00,UCL
9.0,9.0,9.0,9.0,201,2021-07-20 13:32:00,UCL
9.0,9.0,9.0,9.0,700,2021-07-20 13:33:00,UCL
8.93,9.0,8.93,9.0,1400,2021-07-20 13:35:00,UCL
8.91,9.0,8.9001,9.0,1000,2021-07-20 13:36:00,UCL
8.93,8.93,8.93,8.93,500,2021-07-20 13:37:00,UCL
8.99,9.0,8.99,9.0,200,2021-07-20 13:38:00,UCL
8.91,9.0,8.91,8.97,500,2021-07-20 13:39:00,UCL
8.91,8.97,8.9001,8.945,700,2021-07-20 13:40:00,UCL
8.945,9.0,8.89,8.97,700,2021-07-20 13:41:00,UCL
8.99,8.99,8.99,8.99,100,2021-07-20 13:54:00,UCL
8.93,8.93,8.93,8.93,900,2021-07-20 14:00:00,UCL
9.0,9.0,8.9,9.0,1100,2021-07-20 14:01:00,UCL
8.97,8.99,8.94,8.94,1088,2021-07-20 14:02:00,UCL
9.0,9.0,8.89,8.89,500,2021-07-20 14:03:00,UCL
8.93,8.967,8.93,8.967,800,2021-07-20 14:04:00,UCL
8.9,8.9,8.9,8.9,100,2021-07-20 14:05:00,UCL
8.89,8.89,8.85,8.85,600,2021-07-20 14:10:00,UCL
8.82,8.82,8.82,8.82,400,2021-07-20 14:11:00,UCL
8.82,8.9,8.81,8.9,808,2021-07-20 14:12:00,UCL
8.89,8.9,8.89,8.9,200,2021-07-20 14:42:00,UCL
8.88,8.9,8.88,8.9,2000,2021-07-20 15:13:00,UCL
9.0,9.0,9.0,9.0,100,2021-07-20 15:21:00,UCL
8.91,8.91,8.9,8.9,200,2021-07-20 15:33:00,UCL
8.9612,8.9612,8.9612,8.9612,100,2021-07-20 15:36:00,UCL
8.91,8.91,8.91,8.91,1000,2021-07-20 15:38:00,UCL
9.0,9.0,8.9227,8.9227,900,2021-07-20 15:39:00,UCL
8.8911,8.93,8.8901,8.93,600,2021-07-20 15:40:00,UCL
9.0,9.0,8.92,8.92,400,2021-07-20 16:08:00,UCL
8.92,8.92,8.901,8.91,400,2021-07-20 16:09:00,UCL
8.93,8.93,8.93,8.93,600,2021-07-20 16:26:00,UCL
8.99,8.99,8.93,8.93,500,2021-07-20 16:27:00,UCL
8.93,8.93,8.93,8.93,600,2021-07-20 16:28:00,UCL
8.95,9.0,8.91,8.9388,900,2021-07-20 16:29:00,UCL
9.0,9.0,9.0,9.0,300,2021-07-20 17:17:00,UCL
8.92,8.92,8.9,8.91,948,2021-07-20 17:19:00,UCL
8.93,8.95,8.93,8.95,800,2021-07-20 17:20:00,UCL
9.0,9.0,9.0,9.0,300,2021-07-20 17:39:00,UCL
8.98,9.0,8.98,9.0,700,2021-07-20 18:02:00,UCL
8.94,8.94,8.9,8.93,1400,2021-07-20 18:03:00,UCL
8.93,9.0,8.9,9.0,1100,2021-07-20 18:05:00,UCL
8.901,8.93,8.901,8.93,700,2021-07-20 18:06:00,UCL
8.955,8.955,8.955,8.955,200,2021-07-20 18:28:00,UCL
8.91,8.91,8.91,8.91,196,2021-07-20 18:53:00,UCL
8.93,9.0,8.93,9.0,600,2021-07-20 19:03:00,UCL
9.0,9.0,9.0,9.0,300,2021-07-20 19:18:00,UCL
9.0,9.0,9.0,9.0,200,2021-07-20 19:19:00,UCL
9.0,9.0,9.0,9.0,900,2021-07-20 19:21:00,UCL
9.17,9.34,9.17,9.34,599,2021-07-20 19:23:00,UCL
9.16,9.34,9.16,9.34,1197,2021-07-20 19:24:00,UCL
9.14,9.35,9.11,9.11,900,2021-07-20 19:25:00,UCL
9.17,9.35,9.17,9.35,900,2021-07-20 19:26:00,UCL
9.12,9.4,9.11,9.17,1596,2021-07-20 19:27:00,UCL
9.16,9.2,9.11,9.2,300,2021-07-20 19:28:00,UCL
9.34,9.34,9.17,9.17,899,2021-07-20 19:29:00,UCL
9.34,9.4,9.1129,9.1129,700,2021-07-20 19:30:00,UCL
9.25,9.25,9.25,9.25,200,2021-07-20 19:33:00,UCL
9.21,9.22,9.19,9.21,1000,2021-07-20 19:34:00,UCL
9.18,9.22,9.18,9.22,900,2021-07-20 19:35:00,UCL
9.18,9.21,9.18,9.21,1000,2021-07-20 19:44:00,UCL
9.19,9.22,9.19,9.22,1200,2021-07-20 19:45:00,UCL
9.19,9.22,9.19,9.22,1200,2021-07-20 19:46:00,UCL
9.24,9.24,9.17,9.21,1200,2021-07-20 19:47:00,UCL
9.19,9.19,9.19,9.19,600,2021-07-20 19:48:00,UCL
9.24,9.24,9.22,9.22,600,2021-07-20 19:49:00,UCL
9.34,9.34,9.22,9.24,500,2021-07-20 19:51:00,UCL
9.24,9.305,9.22,9.305,745,2021-07-20 19:52:00,UCL
9.35,9.35,9.35,9.35,300,2021-07-20 19:53:00,UCL
9.32,9.34,9.32,9.34,200,2021-07-20 19:59:00,UCL
9.33,9.33,9.33,9.33,150,2021-07-21 12:47:00,UCL
9.46,9.46,9.14,9.21,1083,2021-07-21 13:30:00,UCL
9.6,9.6,9.6,9.6,198,2021-07-21 13:32:00,UCL
9.37,9.37,9.32,9.32,200,2021-07-21 13:36:00,UCL
9.33,9.33,9.33,9.33,100,2021-07-21 13:38:00,UCL
9.35,9.37,9.35,9.37,1200,2021-07-21 13:39:00,UCL
9.62,9.62,9.32,9.4724,2100,2021-07-21 13:40:00,UCL
9.32,9.4437,9.32,9.4437,800,2021-07-21 13:41:00,UCL
9.35,9.436,9.31,9.436,2000,2021-07-21 14:00:00,UCL
9.4151,9.436,9.31,9.436,900,2021-07-21 14:01:00,UCL
9.235,9.235,9.235,9.235,100,2021-07-21 14:02:00,UCL
9.31,9.31,9.31,9.31,100,2021-07-21 14:08:00,UCL
9.36,9.36,9.36,9.36,1000,2021-07-21 14:21:00,UCL
9.379,9.87,9.31,9.59,1400,2021-07-21 14:22:00,UCL
9.2,9.21,9.0,9.0,2587,2021-07-21 15:08:00,UCL
8.95,8.97,8.94,8.96,6518,2021-07-21 15:10:00,UCL
9.105,9.24,9.1,9.24,2370,2021-07-21 15:11:00,UCL
9.26,9.26,9.22,9.22,1300,2021-07-21 15:12:00,UCL
9.34,9.43,9.34,9.43,300,2021-07-21 15:13:00,UCL
9.43,9.43,9.31,9.31,200,2021-07-21 15:25:00,UCL
9.43,9.6,9.43,9.6,200,2021-07-21 15:26:00,UCL
9.35,9.6,9.32,9.6,4840,2021-07-21 15:28:00,UCL
9.22,9.22,9.21,9.21,600,2021-07-21 15:30:00,UCL
9.21,9.27,9.21,9.27,900,2021-07-21 15:31:00,UCL
9.26,9.43,9.26,9.43,1896,2021-07-21 15:32:00,UCL
9.22,9.22,9.22,9.22,100,2021-07-21 17:43:00,UCL
9.15,9.15,9.0,9.0,683,2021-07-21 17:44:00,UCL
8.98,8.99,8.968,8.9712,1000,2021-07-21 17:45:00,UCL
8.99,9.03,8.915,9.03,3002,2021-07-21 17:46:00,UCL
9.07,9.1,8.99,8.99,331,2021-07-21 17:47:00,UCL
9.05,9.1,8.9921,9.1,3700,2021-07-21 17:48:00,UCL
9.0,9.0,9.0,9.0,400,2021-07-21 17:49:00,UCL
9.14,9.21,8.99,9.2,4015,2021-07-21 17:50:00,UCL
9.18,9.18,9.18,9.18,1000,2021-07-21 17:51:00,UCL
9.21,9.21,9.21,9.21,300,2021-07-21 17:57:00,UCL
9.2,9.22,9.08,9.22,2100,2021-07-21 17:58:00,UCL
9.13,9.28,9.13,9.2598,1000,2021-07-21 17:59:00,UCL
9.27,9.28,9.26,9.26,500,2021-07-21 18:00:00,UCL
9.25,9.25,9.24,9.25,1800,2021-07-21 18:01:00,UCL
9.24,9.24,9.24,9.24,300,2021-07-21 18:02:00,UCL
9.27,9.27,9.2605,9.2605,1200,2021-07-21 18:18:00,UCL
9.23,9.23,9.23,9.23,500,2021-07-21 19:01:00,UCL
9.22,9.22,9.21,9.21,904,2021-07-21 19:09:00,UCL
9.2899,9.3,9.2899,9.3,300,2021-07-21 19:10:00,UCL
9.21,9.26,9.21,9.21,400,2021-07-21 19:11:00,UCL
9.19,9.46,9.1899,9.46,4830,2021-07-21 19:12:00,UCL
9.25,9.33,9.25,9.33,2900,2021-07-21 19:13:00,UCL
9.25,9.25,9.25,9.25,100,2021-07-21 19:14:00,UCL
9.33,9.437,9.33,9.437,300,2021-07-21 19:16:00,UCL
9.4201,9.4893,9.4201,9.46,500,2021-07-21 19:17:00,UCL
9.44,9.4401,9.29,9.29,5000,2021-07-21 19:18:00,UCL
9.32,9.32,9.19,9.2,1800,2021-07-21 19:19:00,UCL
9.18,9.22,9.18,9.19,5110,2021-07-21 19:20:00,UCL
9.3,9.31,9.28,9.31,400,2021-07-21 19:21:00,UCL
9.34,9.34,9.25,9.3,500,2021-07-21 19:22:00,UCL
9.2506,9.3064,9.19,9.22,1900,2021-07-21 19:23:00,UCL
9.2,9.2,9.19,9.2,2200,2021-07-21 19:24:00,UCL
9.2461,9.2921,9.2461,9.2921,300,2021-07-21 19:25:00,UCL
9.21,9.21,9.2,9.2,500,2021-07-21 19:26:00,UCL
9.2,9.31,9.2,9.255,3200,2021-07-21 19:27:00,UCL
9.31,9.31,9.2,9.2,2900,2021-07-21 19:28:00,UCL
9.25,9.35,9.14,9.35,1600,2021-07-21 19:29:00,UCL
9.24,9.24,9.01,9.15,5800,2021-07-21 19:31:00,UCL
9.14,9.1425,8.84,9.05,3500,2021-07-21 19:32:00,UCL
9.37,9.37,9.37,9.37,100,2021-07-21 19:39:00,UCL
9.31,9.31,9.2,9.2,200,2021-07-21 19:40:00,UCL
9.41,9.41,9.41,9.41,100,2021-07-21 19:42:00,UCL
9.3,9.3,9.3,9.3,100,2021-07-21 21:01:00,UCL
9.1,9.1,9.1,9.1,100,2021-07-22 13:10:00,UCL
9.25,9.25,9.14,9.14,221,2021-07-22 13:30:00,UCL
9.32,9.32,9.32,9.32,500,2021-07-22 13:32:00,UCL
9.3,9.3,9.06,9.06,2300,2021-07-22 13:33:00,UCL
9.31,9.31,9.31,9.31,200,2021-07-22 13:34:00,UCL
9.88,9.88,9.11,9.11,1609,2021-07-22 13:35:00,UCL
9.37,9.37,9.11,9.11,1598,2021-07-22 13:36:00,UCL
9.51,9.76,9.19,9.76,699,2021-07-22 13:37:00,UCL
9.12,9.12,9.12,9.12,200,2021-07-22 13:40:00,UCL
9.17,9.17,9.11,9.11,1200,2021-07-22 13:41:00,UCL
9.13,9.37,8.91,9.37,2829,2021-07-22 13:42:00,UCL
9.0,9.34,9.0,9.34,300,2021-07-22 13:43:00,UCL
9.1089,9.1615,8.96,9.04,1685,2021-07-22 13:44:00,UCL
9.27,9.46,9.04,9.46,1500,2021-07-22 13:45:00,UCL
9.04,9.04,9.04,9.04,300,2021-07-22 13:46:00,UCL
9.1,9.1,9.1,9.1,500,2021-07-22 13:49:00,UCL
9.05,9.05,9.05,9.05,100,2021-07-22 13:50:00,UCL
9.05,9.05,9.04,9.04,200,2021-07-22 13:52:00,UCL
9.04,9.04,9.04,9.04,100,2021-07-22 13:53:00,UCL
9.25,9.272,9.1,9.272,1400,2021-07-22 14:11:00,UCL
9.83,9.83,9.11,9.81,700,2021-07-22 14:12:00,UCL
9.19,9.19,9.1,9.1,800,2021-07-22 14:22:00,UCL
9.12,9.77,9.11,9.11,700,2021-07-22 14:26:00,UCL
9.77,9.77,9.12,9.12,400,2021-07-22 14:27:00,UCL
9.23,9.27,9.09,9.09,300,2021-07-22 14:30:00,UCL
9.15,9.15,9.05,9.05,900,2021-07-22 14:33:00,UCL
9.12,9.13,9.06,9.13,300,2021-07-22 14:34:00,UCL
9.1,9.13,9.1,9.13,300,2021-07-22 14:35:00,UCL
9.11,9.11,9.05,9.05,600,2021-07-22 14:36:00,UCL
9.08,9.2095,9.06,9.06,1500,2021-07-22 14:37:00,UCL
9.3176,9.69,9.05,9.05,1300,2021-07-22 14:38:00,UCL
9.07,9.07,9.07,9.07,100,2021-07-22 14:41:00,UCL
9.5507,9.5507,9.08,9.08,250,2021-07-22 15:08:00,UCL
9.15,9.15,9.08,9.08,500,2021-07-22 15:32:00,UCL
9.11,9.53,9.07,9.07,900,2021-07-22 15:33:00,UCL
9.53,9.53,9.53,9.53,319,2021-07-22 15:34:00,UCL
9.06,9.06,9.06,9.06,100,2021-07-22 16:07:00,UCL
9.17,9.17,9.1,9.1,500,2021-07-22 16:32:00,UCL
9.11,9.11,9.06,9.06,600,2021-07-22 16:33:00,UCL
9.07,9.43,9.05,9.05,1265,2021-07-22 16:34:00,UCL
9.07,9.3799,9.07,9.3799,300,2021-07-22 16:37:00,UCL
9.07,9.07,9.07,9.07,100,2021-07-22 16:40:00,UCL
9.11,9.11,9.11,9.11,100,2021-07-22 16:48:00,UCL
9.07,9.07,9.04,9.04,848,2021-07-22 16:55:00,UCL
9.05,9.05,9.05,9.05,100,2021-07-22 16:59:00,UCL
9.05,9.05,9.05,9.05,100,2021-07-22 17:02:00,UCL
9.13,9.13,9.05,9.05,1100,2021-07-22 17:03:00,UCL
9.1619,9.39,9.05,9.06,800,2021-07-22 17:04:00,UCL
9.1996,9.1996,9.1996,9.1996,200,2021-07-22 17:05:00,UCL
9.09,9.09,8.91,8.92,2966,2021-07-22 17:07:00,UCL
8.95,8.95,8.95,8.95,100,2021-07-22 17:26:00,UCL
9.29,9.29,9.29,9.29,150,2021-07-22 17:32:00,UCL
9.01,9.01,9.01,9.01,100,2021-07-22 17:33:00,UCL
9.01,9.01,9.01,9.01,110,2021-07-22 17:55:00,UCL
8.96,8.96,8.85,8.86,1491,2021-07-22 18:40:00,UCL
8.94,8.94,8.94,8.94,100,2021-07-22 19:12:00,UCL
9.0,9.0,9.0,9.0,283,2021-07-22 19:26:00,UCL
9.0,9.0,9.0,9.0,200,2021-07-22 19:27:00,UCL
9.0,9.0,9.0,9.0,300,2021-07-22 19:29:00,UCL
8.97,8.97,8.97,8.97,349,2021-07-22 19:37:00,UCL
8.9,8.9,8.9,8.9,100,2021-07-22 19:40:00,UCL
9.07,9.07,8.96,8.96,500,2021-07-22 19:50:00,UCL
8.96,8.96,8.96,8.96,100,2021-07-22 19:53:00,UCL
8.9,8.9,8.9,8.9,300,2021-07-22 19:58:00,UCL
8.55,8.55,8.55,8.55,300,2021-07-23 11:50:00,UCL
8.91,8.91,8.91,8.91,122,2021-07-23 13:30:00,UCL
8.99,8.99,8.6,8.6,1746,2021-07-23 13:31:00,UCL
8.57,8.6955,8.5,8.5,1501,2021-07-23 13:32:00,UCL
8.5,8.5,8.47,8.47,1730,2021-07-23 13:33:00,UCL
8.4101,8.4101,8.3,8.3,700,2021-07-23 13:34:00,UCL
8.48,8.48,8.21,8.48,995,2021-07-23 14:08:00,UCL
8.3,8.48,8.29,8.48,1500,2021-07-23 14:09:00,UCL
8.24,8.3085,8.22,8.2707,500,2021-07-23 14:10:00,UCL
8.27,8.3,8.27,8.3,900,2021-07-23 14:11:00,UCL
8.27,8.27,8.27,8.27,150,2021-07-23 14:13:00,UCL
8.29,8.31,8.29,8.31,300,2021-07-23 14:14:00,UCL
8.3,8.3,8.3,8.3,1100,2021-07-23 14:16:00,UCL
8.27,8.48,8.22,8.2785,800,2021-07-23 14:35:00,UCL
8.45,8.48,8.21,8.21,1199,2021-07-23 14:36:00,UCL
8.4,8.4,8.4,8.4,199,2021-07-23 14:37:00,UCL
8.21,8.2946,8.18,8.2946,997,2021-07-23 14:38:00,UCL
8.48,8.48,8.24,8.24,317,2021-07-23 14:39:00,UCL
8.24,8.24,8.21,8.23,736,2021-07-23 14:40:00,UCL
8.22,8.22,8.22,8.22,100,2021-07-23 14:56:00,UCL
8.2,8.2,8.2,8.2,600,2021-07-23 15:05:00,UCL
8.41,8.4373,8.41,8.4373,300,2021-07-23 15:35:00,UCL
8.27,8.41,8.21,8.21,1300,2021-07-23 16:11:00,UCL
8.24,8.25,8.24,8.25,1000,2021-07-23 16:19:00,UCL
8.23,8.246,8.21,8.246,700,2021-07-23 17:20:00,UCL
8.275,8.313,8.14,8.14,1501,2021-07-23 17:21:00,UCL
8.18,8.25,8.18,8.25,300,2021-07-23 17:22:00,UCL
8.18,8.18,8.18,8.18,100,2021-07-23 18:24:00,UCL
8.22,8.22,8.22,8.22,1000,2021-07-23 18:27:00,UCL
8.31,8.31,8.17,8.17,833,2021-07-23 18:28:00,UCL
8.2302,8.31,8.17,8.17,500,2021-07-23 18:29:00,UCL
8.16,8.16,8.1,8.1,400,2021-07-23 18:30:00,UCL
8.15,8.23,8.15,8.23,1000,2021-07-23 18:32:00,UCL
8.14,8.14,8.14,8.14,100,2021-07-23 18:33:00,UCL
8.16,8.16,8.05,8.05,2400,2021-07-23 18:34:00,UCL
8.04,8.04,7.88,7.88,500,2021-07-23 18:35:00,UCL
7.86,7.86,7.86,7.86,100,2021-07-23 18:36:00,UCL
7.65,8.01,7.65,8.01,10396,2021-07-23 18:37:00,UCL
8.04,8.1,8.04,8.1,1300,2021-07-23 18:38:00,UCL
7.99,8.0,7.99,8.0,600,2021-07-23 18:39:00,UCL
7.985,8.1473,7.96,8.1,1900,2021-07-23 18:40:00,UCL
7.975,8.15,7.975,8.0,2773,2021-07-23 18:41:00,UCL
8.11,8.19,8.11,8.19,527,2021-07-23 18:42:00,UCL
8.34,8.34,8.0,8.0,1500,2021-07-23 18:48:00,UCL
7.9869,7.9869,7.9869,7.9869,100,2021-07-23 19:17:00,UCL
8.0,8.0,8.0,8.0,400,2021-07-23 19:22:00,UCL
7.9,7.9,7.88,7.88,550,2021-07-23 19:33:00,UCL
7.83,7.83,7.83,7.83,100,2021-07-23 19:41:00,UCL
7.83,7.83,7.82,7.82,394,2021-07-23 19:59:00,UCL
7.83,7.83,7.83,7.83,220,2021-07-23 20:00:00,UCL
7.61,7.61,7.61,7.61,417,2021-07-26 13:30:00,UCL
7.55,7.55,7.55,7.55,200,2021-07-26 13:31:00,UCL
7.99,7.99,7.99,7.99,100,2021-07-26 13:32:00,UCL
7.99,7.99,7.83,7.83,200,2021-07-26 13:33:00,UCL
7.768,7.9915,7.76,7.83,3100,2021-07-26 13:34:00,UCL
7.76,8.52,7.76,7.76,900,2021-07-26 13:35:00,UCL
8.51,8.51,7.8061,7.85,2200,2021-07-26 13:36:00,UCL
8.47,8.47,7.7601,8.45,998,2021-07-26 13:37:00,UCL
7.935,8.43,7.87,8.43,1165,2021-07-26 13:38:00,UCL
7.92,7.92,7.85,7.85,2190,2021-07-26 13:40:00,UCL
7.8245,7.8315,7.776,7.8315,992,2021-07-26 13:41:00,UCL
7.95,7.95,7.95,7.95,1500,2021-07-26 13:42:00,UCL
7.95,7.95,7.95,7.95,500,2021-07-26 15:00:00,UCL
7.82,7.82,7.82,7.82,100,2021-07-26 15:04:00,UCL
7.82,7.82,7.8,7.8,1100,2021-07-26 15:17:00,UCL
7.92,7.92,7.92,7.92,497,2021-07-26 15:25:00,UCL
7.84,7.84,7.84,7.84,800,2021-07-26 15:26:00,UCL
7.92,7.95,7.77,7.77,700,2021-07-26 15:27:00,UCL
7.84,7.84,7.77,7.77,699,2021-07-26 15:47:00,UCL
7.8166,7.82,7.77,7.82,700,2021-07-26 15:48:00,UCL
7.77,7.77,7.77,7.77,100,2021-07-26 15:52:00,UCL
7.77,7.77,7.77,7.77,100,2021-07-26 15:53:00,UCL
7.77,7.77,7.76,7.76,221,2021-07-26 16:17:00,UCL
7.72,7.74,7.72,7.74,300,2021-07-26 16:48:00,UCL
7.67,7.67,7.67,7.67,967,2021-07-26 16:49:00,UCL
7.65,7.77,7.63,7.74,1098,2021-07-26 16:50:00,UCL
7.63,7.65,7.63,7.65,1000,2021-07-26 16:51:00,UCL
7.665,7.665,7.665,7.665,100,2021-07-26 17:08:00,UCL
7.6735,7.75,7.58,7.58,900,2021-07-26 17:53:00,UCL
7.64,7.72,7.57,7.57,700,2021-07-26 18:06:00,UCL
7.57,7.57,7.5,7.5,1300,2021-07-26 18:07:00,UCL
7.45,7.54,7.42,7.42,1809,2021-07-26 18:08:00,UCL
7.46,7.46,7.46,7.46,600,2021-07-26 18:09:00,UCL
7.42,7.54,7.42,7.54,1000,2021-07-26 18:10:00,UCL
7.47,7.54,7.42,7.54,1890,2021-07-26 18:11:00,UCL
7.54,7.54,7.42,7.42,500,2021-07-26 18:12:00,UCL
7.53,7.54,7.47,7.47,1520,2021-07-26 18:14:00,UCL
7.53,7.53,7.37,7.4,2100,2021-07-26 18:39:00,UCL
7.36,7.4,7.36,7.4,1400,2021-07-26 18:40:00,UCL
7.34,7.53,7.34,7.34,600,2021-07-26 18:41:00,UCL
7.37,7.37,7.37,7.37,500,2021-07-26 18:42:00,UCL
7.33,7.33,7.33,7.33,100,2021-07-26 18:53:00,UCL
7.34,7.34,7.34,7.34,200,2021-07-26 19:08:00,UCL
7.51,7.51,7.35,7.35,782,2021-07-26 19:16:00,UCL
7.3955,7.51,7.35,7.35,2000,2021-07-26 19:17:00,UCL
7.51,7.51,7.35,7.35,700,2021-07-26 19:18:00,UCL
7.4,7.4,7.35,7.4,1711,2021-07-26 19:19:00,UCL
7.6,7.6,7.41,7.41,600,2021-07-26 19:26:00,UCL
7.4562,7.4562,7.37,7.43,1600,2021-07-26 19:27:00,UCL
7.4587,7.57,7.37,7.57,1500,2021-07-26 19:30:00,UCL
7.43,7.43,7.43,7.43,381,2021-07-26 19:31:00,UCL
7.58,7.58,7.58,7.58,394,2021-07-26 19:33:00,UCL
7.54,7.56,7.54,7.56,957,2021-07-26 19:34:00,UCL
7.56,7.59,7.56,7.59,300,2021-07-26 19:38:00,UCL
7.505,7.505,7.505,7.505,100,2021-07-26 19:39:00,UCL
7.55,7.55,7.55,7.55,100,2021-07-26 19:48:00,UCL
7.65,7.65,7.55,7.57,680,2021-07-26 19:49:00,UCL
7.65,7.76,7.65,7.76,819,2021-07-26 19:50:00,UCL
7.61,7.61,7.58,7.58,1200,2021-07-26 19:51:00,UCL
7.55,7.55,7.55,7.55,100,2021-07-26 19:55:00,UCL
7.67,7.67,7.55,7.55,200,2021-07-26 19:58:00,UCL
7.52,7.52,7.52,7.52,100,2021-07-26 19:59:00,UCL
7.59,7.59,7.59,7.59,105,2021-07-27 13:30:00,UCL
7.59,7.59,7.59,7.59,100,2021-07-27 13:40:00,UCL
7.91,7.91,7.75,7.75,612,2021-07-27 13:42:00,UCL
7.74,7.74,7.71,7.71,1400,2021-07-27 13:43:00,UCL
7.91,7.91,7.91,7.91,199,2021-07-27 13:44:00,UCL
7.732,7.837,7.71,7.71,2388,2021-07-27 13:45:00,UCL
7.72,7.84,7.72,7.84,697,2021-07-27 13:46:00,UCL
8.22,8.22,7.6755,8.22,722,2021-07-27 13:47:00,UCL
7.91,7.91,7.77,7.77,1899,2021-07-27 13:56:00,UCL
7.99,7.99,7.72,7.7807,1164,2021-07-27 13:58:00,UCL
7.72,7.99,7.72,7.7807,964,2021-07-27 13:59:00,UCL
7.72,7.72,7.72,7.72,100,2021-07-27 14:02:00,UCL
7.72,7.72,7.72,7.72,200,2021-07-27 14:33:00,UCL
7.67,7.67,7.67,7.67,100,2021-07-27 14:36:00,UCL
7.6,7.6,7.6,7.6,100,2021-07-27 14:39:00,UCL
7.56,7.56,7.56,7.56,517,2021-07-27 14:41:00,UCL
7.54,7.54,7.54,7.54,916,2021-07-27 14:44:00,UCL
7.41,7.41,7.41,7.41,300,2021-07-27 14:46:00,UCL
7.3,7.34,7.3,7.34,1000,2021-07-27 15:11:00,UCL
7.14,7.14,7.0,7.0,1300,2021-07-27 15:16:00,UCL
7.03,7.03,6.8,6.91,1200,2021-07-27 15:17:00,UCL
6.98,7.085,6.91,7.085,4646,2021-07-27 15:18:00,UCL
7.5,7.5,7.5,7.5,100,2021-07-27 15:19:00,UCL
7.14,7.14,6.895,6.895,5650,2021-07-27 15:29:00,UCL
7.07,7.07,7.0583,7.07,1855,2021-07-27 15:30:00,UCL
7.18,7.19,7.1506,7.1805,400,2021-07-27 15:32:00,UCL
7.18,7.18,7.18,7.18,100,2021-07-27 15:33:00,UCL
7.115,7.115,7.115,7.115,400,2021-07-27 15:40:00,UCL
7.1227,7.1227,7.06,7.06,1400,2021-07-27 15:50:00,UCL
7.1,7.1,7.1,7.1,100,2021-07-27 15:51:00,UCL
7.0,7.0,7.0,7.0,100,2021-07-27 15:53:00,UCL
7.05,7.05,7.05,7.05,200,2021-07-27 15:55:00,UCL
7.0,7.0,6.9,6.9,734,2021-07-27 16:02:00,UCL
6.85,6.85,6.85,6.85,100,2021-07-27 16:03:00,UCL
6.92,6.93,6.92,6.93,200,2021-07-27 16:11:00,UCL
6.9233,6.9233,6.9233,6.9233,350,2021-07-27 16:29:00,UCL
6.9,7.04,6.81,7.04,400,2021-07-27 18:27:00,UCL
7.04,7.04,6.87,6.9247,1450,2021-07-27 18:28:00,UCL
7.04,7.04,6.87,6.9112,1600,2021-07-27 18:29:00,UCL
6.87,6.97,6.83,6.8615,2700,2021-07-27 18:30:00,UCL
6.85,6.85,6.85,6.85,1170,2021-07-27 18:32:00,UCL
6.82,6.82,6.8,6.8,250,2021-07-27 18:33:00,UCL
6.68,6.68,6.5,6.5,1058,2021-07-27 18:39:00,UCL
6.51,6.51,6.51,6.51,333,2021-07-27 18:48:00,UCL
6.911,6.911,6.61,6.65,1701,2021-07-27 18:53:00,UCL
6.62,7.04,6.6,6.6,2492,2021-07-27 18:54:00,UCL
6.57,6.94,6.57,6.94,4258,2021-07-27 18:55:00,UCL
6.75,6.75,6.74,6.74,4200,2021-07-27 18:56:00,UCL
6.93,6.93,6.93,6.93,100,2021-07-27 18:59:00,UCL
6.93,6.93,6.6701,6.7557,5286,2021-07-27 19:00:00,UCL
6.74,6.93,6.6701,6.6701,2586,2021-07-27 19:01:00,UCL
6.71,6.72,6.7005,6.7105,400,2021-07-27 19:02:00,UCL
6.62,6.62,6.61,6.61,400,2021-07-27 19:03:00,UCL
6.57,6.57,6.57,6.57,500,2021-07-27 19:09:00,UCL
6.59,6.6,6.59,6.6,200,2021-07-27 19:59:00,UCL
6.59,6.59,6.59,6.59,420,2021-07-27 20:00:00,UCL
6.76,6.9962,6.76,6.95,1498,2021-07-28 13:30:00,UCL
6.95,7.0,6.95,7.0,1374,2021-07-28 13:37:00,UCL
7.025,7.1058,7.025,7.025,600,2021-07-28 13:38:00,UCL
7.34,7.34,7.34,7.34,100,2021-07-28 13:40:00,UCL
7.44,7.49,7.44,7.49,1500,2021-07-28 13:43:00,UCL
7.36,7.36,7.29,7.29,1800,2021-07-28 13:45:00,UCL
7.74,7.74,7.6,7.6,600,2021-07-28 13:46:00,UCL
7.4,7.65,7.4,7.65,600,2021-07-28 13:47:00,UCL
7.41,7.41,7.41,7.41,100,2021-07-28 13:48:00,UCL
7.49,7.6106,7.42,7.42,1500,2021-07-28 13:49:00,UCL
7.6,7.6,7.6,7.6,100,2021-07-28 13:50:00,UCL
7.54,7.54,7.54,7.54,1000,2021-07-28 13:51:00,UCL
7.4,7.4,7.4,7.4,1000,2021-07-28 13:53:00,UCL
7.4,7.4,7.4,7.4,300,2021-07-28 13:54:00,UCL
7.38,7.39,7.37,7.37,1543,2021-07-28 13:55:00,UCL
7.55,7.55,7.55,7.55,500,2021-07-28 13:56:00,UCL
7.37,7.79,7.37,7.79,1500,2021-07-28 13:57:00,UCL
7.321,7.49,7.321,7.49,1031,2021-07-28 13:58:00,UCL
7.37,7.37,7.35,7.35,700,2021-07-28 13:59:00,UCL
7.32,7.32,7.26,7.26,700,2021-07-28 14:00:00,UCL
7.79,7.79,7.22,7.22,1000,2021-07-28 14:03:00,UCL
7.2,7.2,7.19,7.19,600,2021-07-28 14:04:00,UCL
7.2988,7.51,7.16,7.16,854,2021-07-28 14:06:00,UCL
7.21,7.21,7.21,7.21,595,2021-07-28 14:10:00,UCL
7.16,7.16,7.01,7.01,1655,2021-07-28 14:15:00,UCL
7.03,7.03,7.03,7.03,341,2021-07-28 14:21:00,UCL
7.01,7.01,7.01,7.01,213,2021-07-28 14:26:00,UCL
7.14,7.14,7.14,7.14,100,2021-07-28 14:35:00,UCL
7.1,7.1,7.1,7.1,200,2021-07-28 14:37:00,UCL
7.04,7.06,7.04,7.06,300,2021-07-28 14:42:00,UCL
7.11,7.38,7.03,7.08,2300,2021-07-28 15:24:00,UCL
7.08,7.08,6.97,6.97,1200,2021-07-28 15:25:00,UCL
7.02,7.38,6.97,7.38,900,2021-07-28 15:26:00,UCL
7.07,7.17,7.07,7.17,800,2021-07-28 15:37:00,UCL
7.62,7.62,7.07,7.07,400,2021-07-28 15:38:00,UCL
7.04,7.04,7.0,7.0,573,2021-07-28 16:09:00,UCL
6.9968,6.9968,6.95,6.95,650,2021-07-28 16:13:00,UCL
7.0,7.0,7.0,7.0,200,2021-07-28 16:14:00,UCL
6.98,6.98,6.97,6.97,700,2021-07-28 16:21:00,UCL
6.91,6.91,6.9,6.91,646,2021-07-28 16:22:00,UCL
7.29,7.29,7.29,7.29,200,2021-07-28 16:52:00,UCL
7.21,7.21,7.21,7.21,996,2021-07-28 18:05:00,UCL
7.54,7.54,7.54,7.54,399,2021-07-28 18:06:00,UCL
7.42,7.42,7.28,7.28,1600,2021-07-28 18:09:00,UCL
7.4373,7.44,7.16,7.16,1500,2021-07-28 18:10:00,UCL
7.15,7.15,7.15,7.15,900,2021-07-28 18:11:00,UCL
7.3,7.3,7.0919,7.1611,1100,2021-07-28 18:12:00,UCL
7.14,7.14,7.14,7.14,800,2021-07-28 18:13:00,UCL
7.07,7.1572,7.07,7.07,911,2021-07-28 18:14:00,UCL
7.22,7.22,7.15,7.15,1150,2021-07-28 18:45:00,UCL
7.07,7.3,7.07,7.3,200,2021-07-28 18:47:00,UCL
7.13,7.13,7.13,7.13,500,2021-07-28 18:48:00,UCL
7.1594,7.1594,7.1594,7.1594,100,2021-07-28 18:49:00,UCL
7.07,7.07,7.07,7.07,100,2021-07-28 19:12:00,UCL
7.01,7.01,6.94,6.98,2389,2021-07-28 19:27:00,UCL
7.16,7.16,7.11,7.11,300,2021-07-28 19:29:00,UCL
7.13,7.32,7.05,7.32,2082,2021-07-28 19:30:00,UCL
7.1275,7.1275,7.1275,7.1275,200,2021-07-28 19:31:00,UCL
7.11,7.11,7.06,7.06,300,2021-07-28 19:55:00,UCL
7.11,7.11,7.1,7.1,1396,2021-07-28 19:59:00,UCL
7.2,7.2,7.2,7.2,625,2021-07-28 20:00:00,UCL
6.93,6.93,6.93,6.93,129,2021-07-29 13:30:00,UCL
6.99,6.99,6.99,6.99,3000,2021-07-29 13:31:00,UCL
7.31,7.35,7.31,7.35,204,2021-07-29 13:33:00,UCL
7.43,7.43,7.43,7.43,100,2021-07-29 13:34:00,UCL
7.4401,7.4401,7.4401,7.4401,500,2021-07-29 13:37:00,UCL
7.71,7.71,7.2743,7.69,3500,2021-07-29 13:38:00,UCL
7.36,7.36,7.36,7.36,473,2021-07-29 14:08:00,UCL
7.2,7.2,7.12,7.12,500,2021-07-29 14:55:00,UCL
7.12,7.12,7.0,7.0,1106,2021-07-29 14:56:00,UCL
6.99,7.0,6.95,6.96,1200,2021-07-29 14:58:00,UCL
6.9,6.9,6.9,6.9,100,2021-07-29 14:59:00,UCL
7.05,7.08,7.05,7.08,400,2021-07-29 15:00:00,UCL
7.0799,7.14,7.06,7.14,8900,2021-07-29 15:01:00,UCL
7.1,7.1,7.1,7.1,200,2021-07-29 15:02:00,UCL
7.0,7.19,7.0,7.19,300,2021-07-29 15:03:00,UCL
7.16,7.2,7.16,7.2,300,2021-07-29 15:05:00,UCL
7.04,7.2,7.04,7.2,2269,2021-07-29 15:18:00,UCL
7.2173,7.22,7.19,7.19,1300,2021-07-29 15:19:00,UCL
7.01,7.01,7.01,7.01,200,2021-07-29 15:31:00,UCL
7.01,7.11,7.01,7.11,200,2021-07-29 16:41:00,UCL
7.01,7.19,7.01,7.19,500,2021-07-29 16:42:00,UCL
7.23,7.23,7.17,7.17,1713,2021-07-29 16:43:00,UCL
7.27,7.27,7.2206,7.2206,800,2021-07-29 16:44:00,UCL
7.26,7.26,7.2306,7.2306,320,2021-07-29 16:45:00,UCL
7.16,7.16,7.07,7.1527,1500,2021-07-29 16:52:00,UCL
7.15,7.15,7.07,7.07,600,2021-07-29 16:53:00,UCL
7.33,7.33,7.33,7.33,100,2021-07-29 16:54:00,UCL
7.61,7.61,7.17,7.61,4700,2021-07-29 16:55:00,UCL
7.11,7.11,7.1,7.1,554,2021-07-29 17:04:00,UCL
7.17,7.17,7.17,7.17,200,2021-07-29 17:16:00,UCL
7.18,7.18,7.15,7.16,1500,2021-07-29 17:17:00,UCL
7.425,7.425,7.17,7.3244,1600,2021-07-29 17:19:00,UCL
7.2,7.2,7.05,7.05,200,2021-07-29 17:56:00,UCL
7.07,7.07,7.07,7.07,100,2021-07-29 17:57:00,UCL
6.9,6.9,6.9,6.9,100,2021-07-29 17:58:00,UCL
7.0999,7.15,7.08,7.15,8600,2021-07-29 17:59:00,UCL
7.1773,7.22,7.14,7.14,698,2021-07-29 18:00:00,UCL
7.22,7.31,7.22,7.31,1600,2021-07-29 18:01:00,UCL
7.18,7.27,7.18,7.25,1498,2021-07-29 18:02:00,UCL
7.2673,7.28,7.14,7.28,1298,2021-07-29 18:03:00,UCL
7.18,7.18,7.18,7.18,392,2021-07-29 18:05:00,UCL
7.2,7.2,7.2,7.2,353,2021-07-29 18:06:00,UCL
7.19,7.27,7.19,7.21,2123,2021-07-29 18:34:00,UCL
7.43,7.43,7.21,7.21,1696,2021-07-29 18:37:00,UCL
7.355,7.355,7.21,7.216,3900,2021-07-29 18:38:00,UCL
7.3313,7.3313,7.21,7.2129,900,2021-07-29 18:39:00,UCL
7.25,7.25,7.25,7.25,2100,2021-07-29 18:40:00,UCL
7.5,7.5,7.3274,7.335,1200,2021-07-29 18:41:00,UCL
7.3274,7.5,7.18,7.2442,1000,2021-07-29 18:42:00,UCL
7.2,7.2,7.2,7.2,999,2021-07-29 18:44:00,UCL
7.17,7.2442,7.17,7.17,694,2021-07-29 18:45:00,UCL
7.173,7.173,7.173,7.173,198,2021-07-29 19:45:00,UCL
7.14,7.14,7.14,7.14,225,2021-07-29 20:00:00,UCL
7.25,7.27,7.25,7.27,2300,2021-07-30 13:39:00,UCL
7.3,7.3,7.3,7.3,1200,2021-07-30 13:44:00,UCL
7.71,7.71,7.22,7.3311,3900,2021-07-30 14:03:00,UCL
7.27,7.27,7.27,7.27,100,2021-07-30 14:04:00,UCL
7.25,7.25,7.25,7.25,1200,2021-07-30 14:05:00,UCL
7.27,7.27,7.27,7.27,100,2021-07-30 14:06:00,UCL
7.21,7.69,7.21,7.69,1499,2021-07-30 14:07:00,UCL
7.0,7.0,7.0,7.0,100,2021-07-30 14:09:00,UCL
7.0,7.0,7.0,7.0,284,2021-07-30 14:10:00,UCL
7.0,7.01,7.0,7.01,500,2021-07-30 14:15:00,UCL
6.88,7.11,6.88,7.11,900,2021-07-30 14:16:00,UCL
6.91,6.91,6.91,6.91,100,2021-07-30 14:17:00,UCL
6.91,7.1194,6.91,7.0225,7299,2021-07-30 14:18:00,UCL
7.02,7.02,7.02,7.02,100,2021-07-30 14:19:00,UCL
7.17,7.17,7.16,7.17,2090,2021-07-30 14:20:00,UCL
7.27,7.27,7.27,7.27,100,2021-07-30 14:21:00,UCL
7.18,7.18,7.11,7.11,2468,2021-07-30 14:33:00,UCL
7.02,7.02,7.02,7.02,130,2021-07-30 15:13:00,UCL
7.11,7.11,7.11,7.11,100,2021-07-30 15:20:00,UCL
7.1,7.29,7.1,7.1119,3200,2021-07-30 15:21:00,UCL
7.1201,7.29,7.12,7.1582,1800,2021-07-30 15:22:00,UCL
7.17,7.17,7.17,7.17,1000,2021-07-30 16:00:00,UCL
7.2,7.22,7.19,7.22,300,2021-07-30 16:05:00,UCL
7.2,7.2,7.2,7.2,500,2021-07-30 16:06:00,UCL
7.29,7.29,7.29,7.29,100,2021-07-30 16:07:00,UCL
7.25,7.25,7.25,7.25,500,2021-07-30 16:08:00,UCL
7.21,7.21,7.21,7.21,1800,2021-07-30 16:09:00,UCL
7.21,7.25,7.21,7.25,700,2021-07-30 16:10:00,UCL
7.17,7.29,7.16,7.16,3100,2021-07-30 16:11:00,UCL
7.1799,7.1799,7.1799,7.1799,127,2021-07-30 16:12:00,UCL
7.15,7.15,7.15,7.15,1000,2021-07-30 16:19:00,UCL
7.29,7.29,7.14,7.29,1200,2021-07-30 16:20:00,UCL
7.14,7.14,7.0,7.0,600,2021-07-30 16:56:00,UCL
6.99,7.0,6.99,6.9999,6650,2021-07-30 16:58:00,UCL
7.05,7.11,7.05,7.11,1600,2021-07-30 16:59:00,UCL
7.14,7.14,7.14,7.14,500,2021-07-30 17:00:00,UCL
7.29,7.29,7.29,7.29,100,2021-07-30 17:19:00,UCL
7.13,7.1327,7.13,7.13,400,2021-07-30 17:29:00,UCL
7.28,7.28,7.12,7.1217,890,2021-07-30 17:41:00,UCL
7.121,7.29,7.12,7.29,2513,2021-07-30 17:42:00,UCL
7.1327,7.29,7.13,7.29,700,2021-07-30 17:43:00,UCL
7.28,7.28,7.27,7.27,1700,2021-08-02 13:39:00,UCL
7.61,7.75,7.35,7.35,2598,2021-08-02 13:40:00,UCL
7.35,7.35,7.0,7.04,927,2021-08-02 13:41:00,UCL
6.9,6.9,6.9,6.9,100,2021-08-02 13:42:00,UCL
6.98,7.21,6.98,7.14,9400,2021-08-02 13:47:00,UCL
7.1473,7.15,7.1473,7.15,2302,2021-08-02 13:48:00,UCL
7.1973,7.2,7.1973,7.2,300,2021-08-02 13:49:00,UCL
7.12,7.2007,7.12,7.2007,1800,2021-08-02 14:54:00,UCL
7.14,7.15,7.11,7.11,1314,2021-08-02 14:55:00,UCL
7.11,7.11,7.11,7.11,116,2021-08-02 15:30:00,UCL
7.1,7.125,7.1,7.125,294,2021-08-02 15:36:00,UCL
7.11,7.11,7.11,7.11,500,2021-08-02 15:37:00,UCL
7.04,7.04,6.98,6.98,1900,2021-08-02 16:26:00,UCL
6.999,6.999,6.999,6.999,100,2021-08-02 16:27:00,UCL
7.06,7.1,7.06,7.1,900,2021-08-02 16:31:00,UCL
7.09,7.16,7.09,7.16,1500,2021-08-02 16:32:00,UCL
7.12,7.12,7.12,7.12,500,2021-08-02 16:34:00,UCL
7.27,7.27,7.27,7.27,100,2021-08-02 16:46:00,UCL
7.33,7.33,7.13,7.136,4582,2021-08-02 16:47:00,UCL
7.12,7.12,7.11,7.11,500,2021-08-02 16:48:00,UCL
7.14,7.14,7.14,7.14,100,2021-08-02 16:49:00,UCL
7.16,7.16,7.09,7.09,1146,2021-08-02 17:09:00,UCL
7.0502,7.0502,7.0502,7.0502,100,2021-08-02 17:12:00,UCL
7.11,7.18,7.11,7.18,1529,2021-08-02 17:37:00,UCL
7.17,7.2,7.16,7.2,400,2021-08-02 17:38:00,UCL
7.26,7.55,7.21,7.31,2003,2021-08-02 17:39:00,UCL
7.22,7.22,7.16,7.16,1000,2021-08-02 17:40:00,UCL
7.19,7.19,7.19,7.19,798,2021-08-02 17:41:00,UCL
7.22,7.22,7.22,7.22,200,2021-08-02 17:45:00,UCL
7.45,7.45,7.22,7.22,1500,2021-08-02 17:46:00,UCL
7.23,7.25,7.23,7.25,200,2021-08-02 17:47:00,UCL
7.18,7.25,7.18,7.2019,886,2021-08-02 17:48:00,UCL
7.24,7.25,7.19,7.19,2598,2021-08-02 17:49:00,UCL
7.17,7.21,7.17,7.188,1900,2021-08-02 17:50:00,UCL
7.18,7.18,7.16,7.17,1792,2021-08-02 17:51:00,UCL
7.1716,7.25,7.13,7.25,1936,2021-08-02 17:53:00,UCL
7.15,7.15,7.15,7.15,500,2021-08-02 17:54:00,UCL
7.15,7.25,7.15,7.25,1186,2021-08-02 17:55:00,UCL
7.25,7.25,7.25,7.25,100,2021-08-02 17:56:00,UCL
7.16,7.16,7.16,7.16,100,2021-08-02 18:09:00,UCL
7.11,7.11,7.11,7.11,100,2021-08-02 19:55:00,UCL
7.16,7.16,7.16,7.16,100,2021-08-02 19:58:00,UCL
7.12,7.12,7.12,7.12,200,2021-08-02 20:00:00,UCL
7.5,7.5,7.5,7.5,600,2021-08-03 13:37:00,UCL
7.31,7.31,7.27,7.27,1200,2021-08-03 13:42:00,UCL
7.21,7.45,7.11,7.1865,2500,2021-08-03 13:43:00,UCL
7.04,7.04,7.04,7.04,219,2021-08-03 13:47:00,UCL
7.05,7.05,7.05,7.05,181,2021-08-03 14:05:00,UCL
7.14,7.3,7.14,7.3,800,2021-08-03 14:30:00,UCL
7.2,7.2,7.2,7.2,1200,2021-08-03 14:31:00,UCL
7.29,7.29,7.2,7.2,300,2021-08-03 14:32:00,UCL
7.29,7.29,7.16,7.16,500,2021-08-03 14:33:00,UCL
7.29,7.29,7.11,7.17,1689,2021-08-03 14:34:00,UCL
7.28,7.28,7.28,7.28,100,2021-08-03 14:35:00,UCL
7.19,7.1945,7.13,7.157,1144,2021-08-03 15:05:00,UCL
7.12,7.12,7.11,7.11,200,2021-08-03 15:06:00,UCL
7.16,7.16,7.115,7.115,616,2021-08-03 15:07:00,UCL
7.0999,7.22,7.07,7.22,3077,2021-08-03 15:08:00,UCL
7.21,7.26,7.15,7.26,1012,2021-08-03 15:09:00,UCL
7.29,7.29,7.29,7.29,100,2021-08-03 15:10:00,UCL
7.26,7.29,7.25,7.29,400,2021-08-03 15:17:00,UCL
7.25,7.35,7.25,7.32,1284,2021-08-03 15:18:00,UCL
7.4,7.4,7.26,7.4,2705,2021-08-03 15:19:00,UCL
7.335,7.379,7.17,7.21,6906,2021-08-03 15:21:00,UCL
7.21,7.21,7.21,7.21,100,2021-08-03 15:24:00,UCL
7.17,7.18,7.16,7.18,300,2021-08-03 15:25:00,UCL
7.4,7.4,7.1714,7.213,600,2021-08-03 15:26:00,UCL
7.2424,7.2424,7.2424,7.2424,100,2021-08-03 15:28:00,UCL
7.21,7.21,7.21,7.21,500,2021-08-03 15:30:00,UCL
7.21,7.21,7.21,7.21,800,2021-08-03 15:31:00,UCL
7.3,7.45,7.16,7.33,2200,2021-08-03 15:32:00,UCL
7.1438,7.1438,7.1438,7.1438,100,2021-08-03 15:37:00,UCL
7.21,7.21,7.21,7.21,119,2021-08-03 15:44:00,UCL
7.19,7.19,7.19,7.19,1000,2021-08-03 16:31:00,UCL
7.19,7.21,7.19,7.21,1182,2021-08-03 16:32:00,UCL
7.28,7.28,7.16,7.28,1748,2021-08-03 16:33:00,UCL
7.215,7.215,7.16,7.187,738,2021-08-03 16:34:00,UCL
7.19,7.28,7.19,7.28,1274,2021-08-03 16:35:00,UCL
7.19,7.1909,7.19,7.1909,700,2021-08-03 16:36:00,UCL
7.19,7.2035,7.01,7.01,860,2021-08-03 16:37:00,UCL
7.05,7.14,7.05,7.135,7393,2021-08-03 16:38:00,UCL
7.15,7.15,7.1473,7.15,1000,2021-08-03 16:39:00,UCL
7.09,7.1,7.09,7.09,800,2021-08-03 16:40:00,UCL
7.1899,7.19,7.14,7.18,2401,2021-08-03 16:41:00,UCL
7.03,7.21,7.03,7.1617,2492,2021-08-03 16:42:00,UCL
7.19,7.2,7.115,7.2,1002,2021-08-03 16:43:00,UCL
7.2,7.21,7.11,7.21,1000,2021-08-03 16:44:00,UCL
7.08,7.23,7.08,7.093,4179,2021-08-03 16:45:00,UCL
7.24,7.24,7.145,7.22,1221,2021-08-03 16:46:00,UCL
7.21,7.22,7.21,7.22,1358,2021-08-03 16:47:00,UCL
7.04,7.04,7.04,7.04,100,2021-08-03 17:47:00,UCL
7.13,7.2,7.04,7.2,2428,2021-08-03 17:48:00,UCL
7.2373,7.24,7.2373,7.24,273,2021-08-03 17:49:00,UCL
7.29,7.29,7.29,7.29,100,2021-08-03 19:16:00,UCL
7.21,7.21,7.21,7.21,200,2021-08-03 19:17:00,UCL
7.36,7.36,7.3305,7.3305,400,2021-08-03 19:34:00,UCL
7.12,7.34,7.12,7.3321,1388,2021-08-03 19:59:00,UCL
7.4,7.45,7.3905,7.4405,1000,2021-08-04 14:10:00,UCL
7.41,7.6,7.3,7.3,1500,2021-08-04 14:11:00,UCL
7.34,7.341,7.29,7.3,1597,2021-08-04 14:12:00,UCL
7.47,7.47,7.47,7.47,100,2021-08-04 14:17:00,UCL
7.47,7.47,7.47,7.47,494,2021-08-04 14:18:00,UCL
7.55,7.55,7.31,7.31,605,2021-08-04 14:19:00,UCL
7.24,7.24,7.24,7.24,500,2021-08-04 14:20:00,UCL
7.35,7.35,7.35,7.35,100,2021-08-04 14:21:00,UCL
7.2,7.2,7.2,7.2,100,2021-08-04 14:25:00,UCL
7.27,7.34,7.27,7.34,200,2021-08-04 14:27:00,UCL
7.2329,7.2329,7.2329,7.2329,136,2021-08-04 14:29:00,UCL
7.21,7.21,7.21,7.21,100,2021-08-04 14:32:00,UCL
7.35,7.35,7.35,7.35,100,2021-08-04 14:35:00,UCL
7.2159,7.34,7.2,7.34,3422,2021-08-04 14:36:00,UCL
7.2,7.2,7.2,7.2,1200,2021-08-04 14:37:00,UCL
7.34,7.34,7.34,7.34,100,2021-08-04 14:39:00,UCL
7.21,7.21,7.16,7.17,1990,2021-08-04 15:05:00,UCL
7.2,7.2,7.2,7.2,2300,2021-08-04 15:06:00,UCL
7.18,7.23,7.18,7.23,500,2021-08-04 15:19:00,UCL
7.21,7.21,7.21,7.21,100,2021-08-04 15:57:00,UCL
7.21,7.25,7.21,7.25,300,2021-08-04 15:58:00,UCL
7.34,7.34,7.34,7.34,100,2021-08-04 16:11:00,UCL
7.2245,7.29,7.22,7.27,2337,2021-08-04 16:12:00,UCL
7.2096,7.27,7.17,7.18,2628,2021-08-04 16:13:00,UCL
7.19,7.19,7.17,7.17,2389,2021-08-04 16:14:00,UCL
7.17,7.17,7.17,7.17,100,2021-08-04 16:15:00,UCL
7.28,7.28,7.17,7.1947,1200,2021-08-04 16:36:00,UCL
7.235,7.235,7.235,7.235,100,2021-08-04 16:53:00,UCL
7.27,7.27,7.12,7.12,1666,2021-08-04 16:54:00,UCL
7.17,7.17,7.17,7.17,305,2021-08-04 16:59:00,UCL
7.11,7.11,7.11,7.11,200,2021-08-04 17:12:00,UCL
7.16,7.16,7.06,7.0815,910,2021-08-04 17:21:00,UCL
7.02,7.0711,7.02,7.07,1700,2021-08-04 17:22:00,UCL
7.07,7.16,7.07,7.16,800,2021-08-04 17:23:00,UCL
7.02,7.02,7.0,7.02,1539,2021-08-04 17:24:00,UCL
6.9873,7.09,6.92,7.09,834,2021-08-04 17:25:00,UCL
7.0427,7.09,7.01,7.01,2000,2021-08-04 17:26:00,UCL
7.09,7.09,6.97,7.0041,1595,2021-08-04 17:27:00,UCL
7.03,7.03,7.0276,7.0276,200,2021-08-04 17:30:00,UCL
6.97,7.02,6.97,7.02,1300,2021-08-04 17:51:00,UCL
6.94,7.02,6.94,6.9409,1491,2021-08-04 17:52:00,UCL
6.96,6.96,6.96,6.96,508,2021-08-04 17:53:00,UCL
6.96,7.02,6.93,6.9502,1298,2021-08-04 17:54:00,UCL
6.93,7.02,6.92,6.9416,1395,2021-08-04 17:55:00,UCL
6.94,7.02,6.94,6.96,866,2021-08-04 18:07:00,UCL
6.96,6.96,6.96,6.96,871,2021-08-04 18:27:00,UCL
6.9899,6.9899,6.9899,6.9899,100,2021-08-04 18:45:00,UCL
6.945,6.945,6.945,6.945,216,2021-08-04 18:46:00,UCL
6.9,6.9,6.9,6.9,215,2021-08-04 19:16:00,UCL
6.9,6.9105,6.9,6.9105,376,2021-08-04 19:45:00,UCL
6.9329,6.9329,6.9329,6.9329,188,2021-08-04 19:50:00,UCL
6.91,6.9105,6.91,6.91,300,2021-08-04 19:51:00,UCL
6.9,6.95,6.9,6.95,1414,2021-08-04 19:54:00,UCL
7.013,7.013,7.0,7.0,475,2021-08-04 19:55:00,UCL
7.0,7.05,7.0,7.05,1153,2021-08-04 19:58:00,UCL
7.04,7.05,7.04,7.05,666,2021-08-04 19:59:00,UCL
7.04,7.05,7.04,7.05,300,2021-08-05 13:13:00,UCL
7.05,7.05,7.05,7.05,100,2021-08-05 13:30:00,UCL
7.08,7.08,7.08,7.08,200,2021-08-05 13:41:00,UCL
7.16,7.17,7.16,7.17,300,2021-08-05 14:15:00,UCL
7.16,7.19,7.16,7.19,607,2021-08-05 14:16:00,UCL
7.15,7.2,7.15,7.2,1856,2021-08-05 14:40:00,UCL
7.12,7.12,7.12,7.12,200,2021-08-05 14:51:00,UCL
7.19,7.25,7.12,7.12,1500,2021-08-05 14:52:00,UCL
7.12,7.23,7.12,7.22,5500,2021-08-05 14:53:00,UCL
7.24,7.28,7.222,7.28,988,2021-08-05 14:54:00,UCL
7.16,7.31,7.16,7.31,800,2021-08-05 14:55:00,UCL
7.18,7.29,7.18,7.19,300,2021-08-05 14:56:00,UCL
7.24,7.24,7.24,7.24,198,2021-08-05 14:57:00,UCL
7.2325,7.34,7.2325,7.34,2801,2021-08-05 14:58:00,UCL
7.34,7.48,7.33,7.43,1088,2021-08-05 14:59:00,UCL
7.54,7.54,7.54,7.54,100,2021-08-05 15:03:00,UCL
7.43,7.43,7.4106,7.4205,790,2021-08-05 15:11:00,UCL
7.4208,7.4208,7.4208,7.4208,100,2021-08-05 15:14:00,UCL
7.41,7.41,7.41,7.41,100,2021-08-05 15:15:00,UCL
7.4,7.4,7.4,7.4,300,2021-08-05 15:30:00,UCL
7.53,7.53,7.53,7.53,100,2021-08-05 15:32:00,UCL
7.42,7.42,7.42,7.42,100,2021-08-05 15:46:00,UCL
7.5,7.5,7.4,7.4,3700,2021-08-05 15:48:00,UCL
7.36,7.36,7.35,7.35,300,2021-08-05 15:49:00,UCL
7.5,7.5,7.36,7.45,4114,2021-08-05 15:50:00,UCL
7.4,7.4,7.39,7.39,1236,2021-08-05 15:51:00,UCL
7.46,7.46,7.34,7.395,995,2021-08-05 15:52:00,UCL
7.3,7.3,7.3,7.3,135,2021-08-05 16:01:00,UCL
7.46,7.46,7.46,7.46,900,2021-08-05 16:02:00,UCL
7.3038,7.33,7.3038,7.33,300,2021-08-05 16:43:00,UCL
7.3,7.3,7.3,7.3,354,2021-08-05 17:26:00,UCL
7.21,7.21,7.21,7.21,226,2021-08-05 18:02:00,UCL
7.16,7.28,7.12,7.28,4835,2021-08-05 18:03:00,UCL
7.28,7.3,7.25,7.3,1200,2021-08-05 18:04:00,UCL
7.18,7.3,7.18,7.3,1598,2021-08-05 18:05:00,UCL
7.3,7.3,7.3,7.3,500,2021-08-05 18:06:00,UCL
7.3,7.3,7.3,7.3,100,2021-08-05 18:07:00,UCL
7.32,7.36,7.32,7.36,1404,2021-08-05 18:08:00,UCL
7.32,7.32,7.3006,7.3006,200,2021-08-05 18:14:00,UCL
7.34,7.34,7.34,7.34,1000,2021-08-05 18:15:00,UCL
7.2801,7.2801,7.2801,7.2801,500,2021-08-05 18:16:00,UCL
7.3,7.3,7.3,7.3,500,2021-08-05 18:17:00,UCL
7.27,7.27,7.27,7.27,100,2021-08-05 19:48:00,UCL
7.2,7.2,7.07,7.0738,700,2021-08-06 13:31:00,UCL
7.07,7.24,7.07,7.24,1100,2021-08-06 13:32:00,UCL
7.07,7.08,7.07,7.08,200,2021-08-06 13:33:00,UCL
7.27,7.29,7.26,7.28,4053,2021-08-06 13:34:00,UCL
7.19,7.19,7.19,7.19,898,2021-08-06 13:36:00,UCL
7.28,7.34,7.28,7.34,1345,2021-08-06 13:37:00,UCL
7.24,7.36,7.21,7.35,2800,2021-08-06 13:38:00,UCL
7.35,7.35,7.35,7.35,730,2021-08-06 13:39:00,UCL
7.35,7.35,7.35,7.35,400,2021-08-06 13:40:00,UCL
7.35,7.42,7.35,7.42,800,2021-08-06 13:41:00,UCL
7.24,7.24,7.24,7.24,100,2021-08-06 13:42:00,UCL
7.3867,7.4,7.3256,7.38,3286,2021-08-06 13:43:00,UCL
7.36,7.36,7.36,7.36,500,2021-08-06 13:44:00,UCL
7.39,7.39,7.34,7.34,796,2021-08-06 13:46:00,UCL
7.37,7.37,7.37,7.37,400,2021-08-06 13:47:00,UCL
7.08,7.08,7.08,7.08,576,2021-08-06 13:51:00,UCL
7.34,7.38,7.34,7.38,201,2021-08-06 14:09:00,UCL
7.235,7.2943,7.235,7.2943,200,2021-08-06 14:10:00,UCL
7.18,7.18,7.18,7.18,180,2021-08-06 14:32:00,UCL
7.31,7.37,7.195,7.37,2853,2021-08-06 14:33:00,UCL
7.32,7.37,7.32,7.37,1300,2021-08-06 15:30:00,UCL
7.34,7.4,7.34,7.4,700,2021-08-06 15:31:00,UCL
7.24,7.24,7.24,7.24,100,2021-08-06 16:19:00,UCL
7.33,7.38,7.33,7.38,1444,2021-08-06 16:20:00,UCL
7.36,7.37,7.36,7.37,600,2021-08-06 16:22:00,UCL
7.25,7.4,7.25,7.4,2749,2021-08-06 16:23:00,UCL
7.3,7.3669,7.28,7.3669,800,2021-08-06 16:24:00,UCL
7.36,7.52,7.36,7.52,2344,2021-08-06 16:25:00,UCL
7.6,7.67,7.6,7.67,1200,2021-08-06 16:28:00,UCL
7.67,7.67,7.67,7.67,450,2021-08-06 16:31:00,UCL
7.6,7.6,7.6,7.6,100,2021-08-06 16:33:00,UCL
7.66,7.76,7.66,7.76,1915,2021-08-06 16:39:00,UCL
7.6,7.6,7.6,7.6,130,2021-08-06 16:50:00,UCL
7.73,7.73,7.7,7.7,1100,2021-08-06 16:51:00,UCL
7.6705,7.68,7.56,7.56,300,2021-08-06 16:52:00,UCL
7.56,7.56,7.56,7.56,253,2021-08-06 16:53:00,UCL
7.69,7.87,7.69,7.87,1400,2021-08-06 17:10:00,UCL
7.75,7.93,7.75,7.93,200,2021-08-06 17:24:00,UCL
7.94,8.0,7.94,8.0,854,2021-08-06 17:29:00,UCL
8.15,8.15,8.14,8.15,300,2021-08-06 17:30:00,UCL
8.11,8.15,8.1,8.1,3100,2021-08-06 17:32:00,UCL
8.25,8.3,8.25,8.3,200,2021-08-06 17:33:00,UCL
8.1639,8.1639,7.52,7.52,2561,2021-08-06 17:34:00,UCL
7.82,7.9,7.82,7.9,200,2021-08-06 17:36:00,UCL
8.0,8.0,8.0,8.0,100,2021-08-06 17:37:00,UCL
8.0,8.0,7.84,8.0,661,2021-08-06 17:39:00,UCL
7.9973,8.0,7.9973,8.0,683,2021-08-06 17:40:00,UCL
7.82,7.82,7.82,7.82,500,2021-08-06 17:41:00,UCL
7.8,8.56,7.71,7.71,13488,2021-08-06 17:42:00,UCL
7.7,7.71,7.7,7.71,239,2021-08-06 17:43:00,UCL
7.9,7.9,7.9,7.9,600,2021-08-06 17:44:00,UCL
7.8,7.8,7.8,7.8,1181,2021-08-06 17:45:00,UCL
7.82,7.82,7.79,7.79,900,2021-08-06 17:48:00,UCL
7.76,7.76,7.76,7.76,600,2021-08-06 17:49:00,UCL
7.9,7.9,7.9,7.9,100,2021-08-06 17:51:00,UCL
7.8,7.8,7.8,7.8,300,2021-08-06 18:13:00,UCL
7.8973,7.8973,7.86,7.862,1145,2021-08-06 18:48:00,UCL
7.8,7.82,7.8,7.82,700,2021-08-06 18:49:00,UCL
7.7038,7.7038,7.7038,7.7038,100,2021-08-06 18:52:00,UCL
7.7,7.7,7.7,7.7,120,2021-08-06 19:05:00,UCL
7.93,7.93,7.93,7.93,100,2021-08-06 19:08:00,UCL
7.7221,7.91,7.7,7.7,2797,2021-08-06 19:09:00,UCL
7.94,7.94,7.94,7.94,100,2021-08-06 19:12:00,UCL
7.68,7.6926,7.67,7.67,1771,2021-08-06 19:14:00,UCL
7.68,7.84,7.66,7.66,604,2021-08-06 19:15:00,UCL
7.74,7.91,7.74,7.91,1500,2021-08-06 19:16:00,UCL
7.7,7.7,7.7,7.7,200,2021-08-06 19:18:00,UCL
7.66,7.7027,7.66,7.7,800,2021-08-06 19:20:00,UCL
7.7,7.8,7.68,7.68,800,2021-08-06 19:21:00,UCL
7.67,7.82,7.66,7.68,1600,2021-08-06 19:22:00,UCL
7.72,7.72,7.72,7.72,200,2021-08-06 19:34:00,UCL
7.67,7.69,7.67,7.69,500,2021-08-06 19:40:00,UCL
7.61,7.61,7.6,7.6,200,2021-08-06 19:45:00,UCL
7.65,7.65,7.65,7.65,300,2021-08-06 19:57:00,UCL
7.48,7.48,7.34,7.34,394,2021-08-09 13:33:00,UCL
7.24,7.24,7.18,7.18,378,2021-08-09 13:34:00,UCL
7.37,7.37,7.37,7.37,100,2021-08-09 13:39:00,UCL
7.39,7.3995,7.39,7.3995,200,2021-08-09 13:40:00,UCL
7.215,7.5,7.215,7.5,4000,2021-08-09 13:41:00,UCL
7.49,7.49,7.49,7.49,100,2021-08-09 13:42:00,UCL
7.47,7.47,7.47,7.47,680,2021-08-09 14:12:00,UCL
7.13,7.13,7.13,7.13,100,2021-08-09 14:59:00,UCL
7.4299,7.51,7.39,7.51,2100,2021-08-09 15:02:00,UCL
7.5,7.5,7.47,7.47,800,2021-08-09 15:03:00,UCL
7.5,7.7,7.5,7.7,10729,2021-08-09 15:16:00,UCL
7.6,7.6,7.6,7.6,600,2021-08-09 15:26:00,UCL
7.6,7.62,7.6,7.6,900,2021-08-09 15:27:00,UCL
7.6,7.61,7.6,7.61,526,2021-08-09 15:28:00,UCL
7.446,7.446,7.4138,7.42,482,2021-08-09 15:40:00,UCL
7.345,7.51,7.345,7.51,1373,2021-08-09 15:45:00,UCL
7.55,7.55,7.55,7.55,600,2021-08-09 15:46:00,UCL
7.55,7.61,7.55,7.61,1400,2021-08-09 15:47:00,UCL
7.57,7.57,7.57,7.57,1000,2021-08-09 15:48:00,UCL
7.57,7.57,7.57,7.57,1000,2021-08-09 15:49:00,UCL
7.38,7.38,7.38,7.38,194,2021-08-09 15:59:00,UCL
7.55,7.65,7.53,7.65,9890,2021-08-09 16:00:00,UCL
7.64,7.72,7.64,7.65,1780,2021-08-09 16:01:00,UCL
7.65,7.65,7.65,7.65,1299,2021-08-09 16:16:00,UCL
7.58,7.58,7.58,7.58,1200,2021-08-09 16:20:00,UCL
7.55,7.55,7.55,7.55,1446,2021-08-09 16:21:00,UCL
7.52,7.53,7.52,7.53,500,2021-08-09 16:22:00,UCL
7.49,7.49,7.49,7.49,280,2021-08-09 16:23:00,UCL
7.54,7.54,7.5,7.5,2200,2021-08-09 16:24:00,UCL
7.39,7.39,7.39,7.39,298,2021-08-09 16:25:00,UCL
7.51,7.51,7.51,7.51,1100,2021-08-09 16:26:00,UCL
7.45,7.45,7.45,7.45,400,2021-08-09 16:27:00,UCL
7.48,7.5,7.48,7.5,888,2021-08-09 16:29:00,UCL
7.43,7.43,7.43,7.43,196,2021-08-09 16:30:00,UCL
7.53,7.54,7.44,7.44,1630,2021-08-09 16:32:00,UCL
7.47,7.47,7.47,7.47,1100,2021-08-09 16:43:00,UCL
7.54,7.55,7.54,7.55,1400,2021-08-09 16:45:00,UCL
7.36,7.36,7.36,7.36,196,2021-08-09 16:46:00,UCL
7.48,7.48,7.48,7.48,200,2021-08-09 16:47:00,UCL
7.48,7.49,7.48,7.48,2600,2021-08-09 16:48:00,UCL
7.57,7.58,7.57,7.58,1700,2021-08-09 16:54:00,UCL
7.55,7.55,7.55,7.55,500,2021-08-09 17:02:00,UCL
7.49,7.49,7.49,7.49,100,2021-08-09 17:20:00,UCL
7.56,7.57,7.49,7.49,600,2021-08-09 17:34:00,UCL
7.49,7.62,7.49,7.62,2600,2021-08-09 17:35:00,UCL
7.5,7.5,7.5,7.5,200,2021-08-09 17:37:00,UCL
7.5,7.65,7.5,7.65,1200,2021-08-09 17:49:00,UCL
7.5,7.66,7.5,7.66,2335,2021-08-09 17:52:00,UCL
7.56,7.56,7.56,7.56,100,2021-08-09 17:53:00,UCL
7.6,7.6,7.6,7.6,1000,2021-08-09 18:04:00,UCL
7.6,7.612,7.6,7.6,700,2021-08-09 18:05:00,UCL
7.61,7.61,7.6,7.61,1600,2021-08-09 18:07:00,UCL
7.6,7.6,7.6,7.6,1000,2021-08-09 18:08:00,UCL
7.55,7.55,7.55,7.55,200,2021-08-09 18:09:00,UCL
7.64,7.64,7.64,7.64,2300,2021-08-09 18:10:00,UCL
7.56,7.56,7.56,7.56,196,2021-08-09 18:17:00,UCL
7.61,7.61,7.6,7.6,800,2021-08-09 18:18:00,UCL
7.656,7.66,7.65,7.65,900,2021-08-09 18:24:00,UCL
7.65,7.65,7.5,7.5,779,2021-08-09 18:25:00,UCL
7.64,7.64,7.64,7.64,500,2021-08-09 18:26:00,UCL
7.58,7.58,7.58,7.58,100,2021-08-09 18:27:00,UCL
7.64,7.64,7.64,7.64,2100,2021-08-09 18:28:00,UCL
7.59,7.59,7.59,7.59,100,2021-08-09 18:38:00,UCL
7.64,7.64,7.62,7.62,1395,2021-08-09 18:40:00,UCL
7.62,7.62,7.62,7.62,516,2021-08-09 18:42:00,UCL
7.61,7.61,7.53,7.53,1151,2021-08-09 18:43:00,UCL
7.56,7.58,7.56,7.58,1040,2021-08-09 18:45:00,UCL
7.613,7.66,7.613,7.66,2800,2021-08-09 18:47:00,UCL
7.65,7.65,7.65,7.65,2200,2021-08-09 18:48:00,UCL
7.66,7.7,7.54,7.54,1998,2021-08-09 18:49:00,UCL
7.575,7.65,7.575,7.65,1200,2021-08-09 18:50:00,UCL
7.67,7.67,7.67,7.67,1000,2021-08-09 18:51:00,UCL
7.54,7.85,7.54,7.85,3178,2021-08-09 18:54:00,UCL
7.85,7.85,7.85,7.85,1205,2021-08-09 18:55:00,UCL
7.84,7.84,7.84,7.84,100,2021-08-09 18:56:00,UCL
7.8,7.8,7.8,7.8,100,2021-08-09 19:15:00,UCL
7.7201,7.805,7.7201,7.8,1800,2021-08-09 19:28:00,UCL
7.8,7.82,7.72,7.72,4020,2021-08-09 19:29:00,UCL
7.64,7.64,7.64,7.64,1000,2021-08-09 19:33:00,UCL
7.68,7.8,7.68,7.8,600,2021-08-09 19:34:00,UCL
7.92,7.92,7.92,7.92,400,2021-08-09 19:35:00,UCL
7.8,7.8,7.7905,7.7905,2448,2021-08-09 19:37:00,UCL
7.7,7.75,7.645,7.75,2900,2021-08-09 19:46:00,UCL
7.8,7.8,7.6972,7.6972,400,2021-08-09 19:47:00,UCL
7.75,7.79,7.75,7.79,200,2021-08-09 19:48:00,UCL
7.76,7.8,7.76,7.8,200,2021-08-09 19:49:00,UCL
7.7,7.7,7.7,7.7,111,2021-08-09 20:00:00,UCL
7.84,7.86,7.84,7.86,300,2021-08-10 13:31:00,UCL
7.86,8.15,7.86,8.016,5400,2021-08-10 13:32:00,UCL
8.001,8.04,8.0,8.0,2000,2021-08-10 13:33:00,UCL
8.56,8.56,8.56,8.56,100,2021-08-10 13:35:00,UCL
8.0101,8.24,7.77,7.99,5022,2021-08-10 13:41:00,UCL
7.99,7.99,7.98,7.98,216,2021-08-10 13:42:00,UCL
7.98,8.05,7.98,8.04,2024,2021-08-10 13:43:00,UCL
8.04,8.27,7.9,7.9359,5762,2021-08-10 13:44:00,UCL
7.9159,8.1,7.91,8.1,4078,2021-08-10 13:45:00,UCL
7.89,7.9,7.89,7.9,200,2021-08-10 13:46:00,UCL
7.9,7.9,7.9,7.9,111,2021-08-10 13:47:00,UCL
8.04,8.04,8.04,8.04,100,2021-08-10 13:48:00,UCL
7.91,7.91,7.87,7.87,6298,2021-08-10 13:50:00,UCL
8.02,8.02,8.02,8.02,300,2021-08-10 14:01:00,UCL
7.9,7.9,7.9,7.9,200,2021-08-10 14:22:00,UCL
7.9,7.9,7.86,7.86,300,2021-08-10 14:23:00,UCL
7.96,7.96,7.96,7.96,100,2021-08-10 14:46:00,UCL
7.91,7.92,7.91,7.92,600,2021-08-10 15:24:00,UCL
7.93,7.93,7.93,7.93,100,2021-08-10 15:25:00,UCL
7.85,7.85,7.85,7.85,100,2021-08-10 16:08:00,UCL
8.22,8.22,8.22,8.22,100,2021-08-10 16:09:00,UCL
8.05,8.05,8.04,8.04,300,2021-08-10 16:10:00,UCL
8.4,8.4,8.0,8.0,300,2021-08-10 16:30:00,UCL
8.04,8.04,8.04,8.04,200,2021-08-10 16:31:00,UCL
8.2,8.2,8.2,8.2,110,2021-08-10 16:32:00,UCL
8.18,8.18,8.18,8.18,100,2021-08-10 16:34:00,UCL
8.06,8.1112,8.06,8.1112,300,2021-08-10 16:35:00,UCL
8.19,8.19,8.19,8.19,100,2021-08-10 16:36:00,UCL
8.14,8.14,8.09,8.09,500,2021-08-10 16:50:00,UCL
8.09,8.09,7.91,7.91,1600,2021-08-10 16:51:00,UCL
8.07,8.09,7.92,8.09,1000,2021-08-10 16:52:00,UCL
8.09,8.17,7.91,7.92,6235,2021-08-10 16:53:00,UCL
7.92,8.0,7.8,7.8,3126,2021-08-10 16:54:00,UCL
7.63,7.63,7.63,7.63,100,2021-08-10 16:55:00,UCL
7.9,7.9,7.63,7.63,3629,2021-08-10 16:56:00,UCL
7.72,7.91,7.6,7.6,13551,2021-08-10 16:57:00,UCL
7.55,7.55,7.55,7.55,200,2021-08-10 16:58:00,UCL
7.5399,7.5399,7.5399,7.5399,1524,2021-08-10 16:59:00,UCL
7.4719,7.62,7.4719,7.5,5027,2021-08-10 17:00:00,UCL
7.5,7.51,7.5,7.5,698,2021-08-10 17:01:00,UCL
7.62,7.62,7.53,7.53,200,2021-08-10 17:04:00,UCL
7.76,7.76,7.76,7.76,100,2021-08-10 17:05:00,UCL
7.63,7.63,7.51,7.51,6200,2021-08-10 17:13:00,UCL
7.79,7.79,7.4999,7.4999,1201,2021-08-10 17:14:00,UCL
7.5,7.5,7.5,7.5,100,2021-08-10 17:16:00,UCL
7.5,7.5,7.5,7.5,100,2021-08-10 17:17:00,UCL
7.51,7.74,7.51,7.74,200,2021-08-10 17:18:00,UCL
7.52,7.52,7.52,7.52,100,2021-08-10 17:19:00,UCL
7.6873,7.6873,7.62,7.62,600,2021-08-10 18:05:00,UCL
7.69,7.69,7.69,7.69,100,2021-08-10 18:06:00,UCL
7.6,7.6,7.6,7.6,200,2021-08-10 18:08:00,UCL
7.685,7.685,7.67,7.67,200,2021-08-10 19:13:00,UCL
7.62,7.62,7.62,7.62,100,2021-08-10 19:26:00,UCL
7.57,7.57,7.55,7.55,1897,2021-08-10 19:27:00,UCL
7.4099,7.41,7.33,7.41,3600,2021-08-10 19:29:00,UCL
7.41,7.72,7.39,7.72,3200,2021-08-10 19:30:00,UCL
7.51,7.51,7.465,7.465,500,2021-08-10 19:31:00,UCL
7.5,7.5,7.5,7.5,100,2021-08-10 19:40:00,UCL
7.48,7.48,7.4027,7.4126,1193,2021-08-10 19:57:00,UCL
7.49,7.49,7.49,7.49,100,2021-08-10 19:58:00,UCL
7.44,7.48,7.44,7.48,300,2021-08-10 19:59:00,UCL
7.51,7.51,7.51,7.51,100,2021-08-11 13:30:00,UCL
7.69,8.04,7.42,7.5,7518,2021-08-11 13:31:00,UCL
7.47,7.47,7.46,7.46,610,2021-08-11 13:32:00,UCL
7.41,7.41,7.31,7.31,600,2021-08-11 13:35:00,UCL
7.31,7.31,7.31,7.31,100,2021-08-11 13:50:00,UCL
7.32,7.32,7.32,7.32,300,2021-08-11 13:59:00,UCL
7.43,7.43,7.43,7.43,266,2021-08-11 15:48:00,UCL
7.47,7.47,7.47,7.47,100,2021-08-11 16:00:00,UCL
7.47,7.47,7.47,7.47,110,2021-08-11 16:01:00,UCL
7.4,7.4,7.4,7.4,5200,2021-08-11 16:12:00,UCL
7.4,7.4,7.37,7.37,400,2021-08-11 16:13:00,UCL
7.4,7.4,7.4,7.4,2200,2021-08-11 16:25:00,UCL
7.408,7.408,7.408,7.408,500,2021-08-11 16:37:00,UCL
7.4,7.4,7.4,7.4,400,2021-08-11 16:53:00,UCL
7.4,7.4,7.4,7.4,339,2021-08-11 16:54:00,UCL
7.4,7.4,7.4,7.4,115,2021-08-11 16:57:00,UCL
7.4,7.4,7.4,7.4,200,2021-08-11 17:09:00,UCL
7.32,7.49,7.32,7.49,698,2021-08-11 17:13:00,UCL
7.49,7.49,7.49,7.49,100,2021-08-11 17:14:00,UCL
7.45,7.45,7.45,7.45,200,2021-08-11 17:15:00,UCL
7.38,7.5,7.36,7.47,871,2021-08-11 17:16:00,UCL
7.49,7.62,7.34,7.43,7709,2021-08-11 17:17:00,UCL
7.42,7.44,7.35,7.35,2603,2021-08-11 17:18:00,UCL
7.34,7.4,7.31,7.38,3125,2021-08-11 17:19:00,UCL
7.365,7.365,7.32,7.32,1100,2021-08-11 17:20:00,UCL
7.38,7.38,7.38,7.38,100,2021-08-11 17:21:00,UCL
7.32,7.4,7.32,7.4,2500,2021-08-11 17:23:00,UCL
7.33,7.386,7.33,7.376,300,2021-08-11 17:25:00,UCL
7.33,7.4,7.33,7.4,241,2021-08-11 17:26:00,UCL
7.3301,7.3301,7.3301,7.3301,100,2021-08-11 17:28:00,UCL
7.47,7.47,7.47,7.47,100,2021-08-11 17:34:00,UCL
7.35,7.49,7.32,7.32,2295,2021-08-11 17:35:00,UCL
7.32,7.32,7.32,7.32,395,2021-08-11 17:36:00,UCL
7.35,7.35,7.35,7.35,2500,2021-08-11 17:37:00,UCL
7.4,7.4,7.4,7.4,100,2021-08-11 17:45:00,UCL
7.32,7.338,7.31,7.31,300,2021-08-11 17:46:00,UCL
7.33,7.33,7.33,7.33,3500,2021-08-11 18:32:00,UCL
7.365,7.4,7.365,7.4,300,2021-08-11 18:33:00,UCL
7.415,7.432,7.31,7.32,6168,2021-08-11 18:34:00,UCL
7.43,7.43,7.43,7.43,100,2021-08-11 18:35:00,UCL
7.49,7.49,7.34,7.361,2195,2021-08-11 18:36:00,UCL
7.38,7.415,7.31,7.41,1930,2021-08-11 18:37:00,UCL
7.42,7.42,7.42,7.42,100,2021-08-11 18:38:00,UCL
7.39,7.4,7.39,7.4,210,2021-08-11 18:39:00,UCL
7.33,7.33,7.2251,7.2251,7053,2021-08-11 18:40:00,UCL
7.23,7.23,7.23,7.23,500,2021-08-11 18:41:00,UCL
7.235,7.27,7.235,7.25,500,2021-08-11 18:43:00,UCL
7.385,7.48,7.26,7.47,2691,2021-08-11 18:44:00,UCL
7.35,7.47,7.22,7.22,2296,2021-08-11 18:45:00,UCL
7.34,7.34,7.27,7.27,4100,2021-08-11 18:46:00,UCL
7.344,7.344,7.26,7.305,1400,2021-08-11 18:50:00,UCL
7.355,7.355,7.26,7.26,898,2021-08-11 18:58:00,UCL
7.3,7.39,7.28,7.39,300,2021-08-11 19:01:00,UCL
7.29,7.35,7.29,7.35,1118,2021-08-11 19:02:00,UCL
7.32,7.375,7.26,7.26,1905,2021-08-11 19:05:00,UCL
7.25,7.268,7.25,7.268,607,2021-08-11 19:10:00,UCL
7.25,7.2767,7.25,7.25,1700,2021-08-11 19:11:00,UCL
7.25,7.25,7.25,7.25,1000,2021-08-11 19:12:00,UCL
7.26,7.26,7.26,7.26,4000,2021-08-11 19:13:00,UCL
7.3493,7.438,7.23,7.27,3598,2021-08-11 19:22:00,UCL
7.24,7.24,7.24,7.24,700,2021-08-11 19:39:00,UCL
7.21,7.21,7.21,7.21,100,2021-08-11 19:40:00,UCL
7.295,7.295,7.295,7.295,100,2021-08-11 19:59:00,UCL
7.2,7.2,7.2,7.2,102,2021-08-11 20:00:00,UCL
7.5,7.5,7.35,7.35,600,2021-08-12 13:31:00,UCL
7.33,7.33,7.33,7.33,390,2021-08-12 13:32:00,UCL
7.3476,7.49,7.31,7.337,1600,2021-08-12 13:37:00,UCL
7.31,7.49,7.29,7.3,2700,2021-08-12 13:38:00,UCL
7.3,7.33,7.3,7.32,1700,2021-08-12 13:39:00,UCL
7.28,7.28,7.28,7.28,500,2021-08-12 13:42:00,UCL
7.35,7.39,7.35,7.39,200,2021-08-12 13:46:00,UCL
7.29,7.3633,7.28,7.3,1387,2021-08-12 13:47:00,UCL
7.31,7.31,7.31,7.31,300,2021-08-12 13:48:00,UCL
7.32,7.32,7.32,7.32,300,2021-08-12 13:55:00,UCL
7.29,7.32,7.28,7.32,800,2021-08-12 13:56:00,UCL
7.3301,7.3781,7.32,7.32,1632,2021-08-12 14:06:00,UCL
7.28,7.28,7.28,7.28,100,2021-08-12 14:07:00,UCL
7.26,7.272,7.23,7.272,1953,2021-08-12 14:34:00,UCL
7.26,7.26,7.26,7.26,1200,2021-08-12 14:35:00,UCL
7.26,7.26,7.26,7.26,2000,2021-08-12 14:36:00,UCL
7.44,7.44,7.44,7.44,100,2021-08-12 14:47:00,UCL
7.26,7.38,7.2,7.2,1507,2021-08-12 14:48:00,UCL
7.16,7.16,7.11,7.11,1297,2021-08-12 14:49:00,UCL
7.11,7.11,7.11,7.11,180,2021-08-12 14:50:00,UCL
7.14,7.14,7.14,7.14,100,2021-08-12 14:56:00,UCL
7.11,7.17,7.01,7.04,9500,2021-08-12 14:57:00,UCL
7.16,7.16,7.16,7.16,1308,2021-08-12 14:58:00,UCL
7.16,7.16,7.16,7.16,2400,2021-08-12 14:59:00,UCL
7.16,7.16,7.06,7.075,3348,2021-08-12 15:00:00,UCL
7.15,7.16,6.92,6.93,12250,2021-08-12 15:01:00,UCL
6.94,6.94,6.93,6.93,400,2021-08-12 15:05:00,UCL
6.9962,6.9962,6.9772,6.9784,307,2021-08-12 15:10:00,UCL
6.9648,6.9732,6.85,6.85,689,2021-08-12 15:24:00,UCL
6.85,6.8669,6.66,6.66,3635,2021-08-12 15:25:00,UCL
6.83,6.85,6.75,6.85,15228,2021-08-12 15:26:00,UCL
6.91,6.95,6.91,6.95,1580,2021-08-12 15:28:00,UCL
6.94,7.0273,6.94,7.0273,1576,2021-08-12 15:29:00,UCL
6.97,6.97,6.97,6.97,1000,2021-08-12 15:30:00,UCL
7.0144,7.0144,7.0144,7.0144,256,2021-08-12 15:41:00,UCL
6.9973,7.0326,6.9784,7.0326,1600,2021-08-12 16:28:00,UCL
7.04,7.04,7.04,7.04,400,2021-08-12 16:58:00,UCL
7.1,7.1,7.1,7.1,100,2021-08-12 17:04:00,UCL
7.14,7.14,7.05,7.05,400,2021-08-12 17:05:00,UCL
7.15,7.15,7.05,7.05,3705,2021-08-12 17:06:00,UCL
7.0846,7.0846,6.98,6.98,5090,2021-08-12 17:07:00,UCL
6.98,7.19,6.98,7.0,5400,2021-08-12 17:08:00,UCL
7.185,7.4,7.0044,7.4,1995,2021-08-12 17:09:00,UCL
7.0,7.0,7.0,7.0,2500,2021-08-12 17:10:00,UCL
7.03,7.03,7.03,7.03,2120,2021-08-12 17:11:00,UCL
7.01,7.01,6.95,6.95,500,2021-08-12 17:23:00,UCL
6.95,6.95,6.95,6.95,100,2021-08-12 17:38:00,UCL
6.9,6.9,6.9,6.9,200,2021-08-12 18:09:00,UCL
7.0012,7.0012,7.0012,7.0012,100,2021-08-12 18:20:00,UCL
6.89,6.89,6.89,6.89,453,2021-08-12 20:00:00,UCL
7.1,7.1,7.1,7.1,200,2021-08-12 20:41:00,UCL
6.92,6.93,6.8906,6.93,8139,2021-08-13 13:37:00,UCL
6.9299,7.01,6.9299,7.0005,2326,2021-08-13 13:38:00,UCL
6.98,6.98,6.9705,6.9705,400,2021-08-13 13:39:00,UCL
6.9,6.9,6.9,6.9,200,2021-08-13 13:50:00,UCL
6.8701,6.8701,6.8701,6.8701,703,2021-08-13 13:55:00,UCL
6.87,7.055,6.85,6.85,9651,2021-08-13 13:56:00,UCL
6.75,6.75,6.75,6.75,127,2021-08-13 14:17:00,UCL
6.76,6.76,6.76,6.76,900,2021-08-13 14:54:00,UCL
6.76,6.76,6.76,6.76,400,2021-08-13 14:55:00,UCL
6.7,6.7,6.7,6.7,200,2021-08-13 15:07:00,UCL
6.76,6.76,6.76,6.76,400,2021-08-13 15:10:00,UCL
6.795,6.795,6.75,6.7635,2390,2021-08-13 15:11:00,UCL
6.7151,6.7151,6.7151,6.7151,300,2021-08-13 15:13:00,UCL
6.75,6.76,6.75,6.76,900,2021-08-13 15:18:00,UCL
6.77,6.77,6.77,6.77,500,2021-08-13 15:51:00,UCL
6.76,6.76,6.76,6.76,1400,2021-08-13 15:52:00,UCL
6.79,6.79,6.77,6.77,900,2021-08-13 15:59:00,UCL
6.77,6.92,6.77,6.92,800,2021-08-13 16:00:00,UCL
6.84,6.84,6.76,6.8023,2000,2021-08-13 16:01:00,UCL
6.77,6.78,6.77,6.77,1200,2021-08-13 16:24:00,UCL
6.76,6.93,6.76,6.77,1300,2021-08-13 16:25:00,UCL
6.91,6.91,6.76,6.76,800,2021-08-13 16:26:00,UCL
6.75,6.75,6.7,6.7,2955,2021-08-13 16:37:00,UCL
6.66,6.66,6.66,6.66,400,2021-08-13 16:38:00,UCL
6.65,6.66,6.63,6.63,2100,2021-08-13 16:41:00,UCL
6.65,6.75,6.65,6.75,500,2021-08-13 16:42:00,UCL
6.75,6.75,6.64,6.64,2600,2021-08-13 16:43:00,UCL
6.75,6.75,6.75,6.75,200,2021-08-13 16:44:00,UCL
6.65,6.65,6.64,6.64,1300,2021-08-13 16:45:00,UCL
6.64,6.75,6.64,6.75,1000,2021-08-13 16:46:00,UCL
6.65,6.65,6.64,6.64,700,2021-08-13 16:53:00,UCL
6.63,6.63,6.63,6.63,300,2021-08-13 16:54:00,UCL
6.62,6.62,6.6,6.6,400,2021-08-13 17:09:00,UCL
6.47,6.74,6.47,6.5211,704,2021-08-13 17:10:00,UCL
6.5211,6.5211,6.5211,6.5211,127,2021-08-13 17:12:00,UCL
6.74,6.74,6.74,6.74,500,2021-08-13 17:21:00,UCL
6.6316,6.681,6.62,6.65,2297,2021-08-13 17:22:00,UCL
6.57,6.57,6.5,6.5,2700,2021-08-13 17:26:00,UCL
6.35,6.39,6.35,6.39,7600,2021-08-13 17:27:00,UCL
6.37,6.55,6.35,6.55,4317,2021-08-13 17:28:00,UCL
6.54,6.54,6.4,6.4,2300,2021-08-13 17:29:00,UCL
6.44,6.45,6.4001,6.4001,2000,2021-08-13 17:30:00,UCL
6.54,6.54,6.4,6.4,696,2021-08-13 17:31:00,UCL
6.4401,6.49,6.44,6.44,3993,2021-08-13 17:32:00,UCL
6.4372,6.4547,6.43,6.4547,1197,2021-08-13 17:33:00,UCL
6.4832,6.54,6.43,6.4547,2187,2021-08-13 17:34:00,UCL
6.54,6.54,6.43,6.485,1490,2021-08-13 17:35:00,UCL
6.44,6.54,6.43,6.4547,1884,2021-08-13 17:36:00,UCL
6.46,6.54,6.45,6.54,2400,2021-08-13 17:37:00,UCL
6.4823,6.54,6.44,6.51,2788,2021-08-13 17:38:00,UCL
6.62,6.62,6.62,6.62,497,2021-08-13 17:39:00,UCL
6.5,6.65,6.5,6.65,2200,2021-08-13 17:40:00,UCL
6.53,6.68,6.51,6.51,1199,2021-08-13 17:41:00,UCL
6.47,6.488,6.47,6.488,400,2021-08-13 17:42:00,UCL
6.55,6.55,6.55,6.55,100,2021-08-13 17:43:00,UCL
6.46,6.4921,6.46,6.4921,450,2021-08-13 17:44:00,UCL
6.5,6.5,6.47,6.47,200,2021-08-13 17:45:00,UCL
6.47,6.47,6.47,6.47,1700,2021-08-13 17:46:00,UCL
6.47,6.55,6.46,6.55,795,2021-08-13 17:47:00,UCL
6.46,6.4802,6.46,6.46,1300,2021-08-13 17:48:00,UCL
6.46,6.46,6.45,6.45,700,2021-08-13 17:50:00,UCL
6.45,6.4769,6.44,6.44,2358,2021-08-13 17:51:00,UCL
6.43,6.43,6.43,6.43,100,2021-08-13 17:52:00,UCL
6.43,6.43,6.25,6.25,1943,2021-08-13 19:47:00,UCL
6.27,6.27,6.23,6.2387,2300,2021-08-13 19:49:00,UCL
6.2008,6.2008,6.18,6.18,2248,2021-08-13 19:50:00,UCL
6.19,6.26,6.19,6.26,500,2021-08-13 19:54:00,UCL
6.1801,6.1801,6.1801,6.1801,133,2021-08-13 19:57:00,UCL
6.26,6.26,6.26,6.26,500,2021-08-16 13:30:00,UCL
6.4,6.4,6.4,6.4,100,2021-08-16 13:31:00,UCL
6.5,6.5,6.5,6.5,100,2021-08-16 13:33:00,UCL
6.54,6.54,6.43,6.44,1597,2021-08-16 13:36:00,UCL
6.44,6.8,6.3985,6.4,2299,2021-08-16 13:37:00,UCL
6.29,6.31,6.23,6.29,600,2021-08-16 13:49:00,UCL
6.4899,6.4899,6.4899,6.4899,1000,2021-08-16 13:50:00,UCL
6.3597,6.3597,6.308,6.35,6014,2021-08-16 13:56:00,UCL
6.36,6.36,6.36,6.36,600,2021-08-16 13:57:00,UCL
6.34,6.38,6.32,6.34,1500,2021-08-16 14:29:00,UCL
6.34,6.47,6.34,6.47,500,2021-08-16 14:30:00,UCL
6.3605,6.48,6.3605,6.37,3600,2021-08-16 14:31:00,UCL
6.37,6.5,6.36,6.36,3100,2021-08-16 14:32:00,UCL
6.34,6.34,6.27,6.27,1200,2021-08-16 14:34:00,UCL
6.33,6.33,6.311,6.311,299,2021-08-16 14:35:00,UCL
6.3,6.3,6.3,6.3,100,2021-08-16 14:36:00,UCL
6.44,6.44,6.2901,6.31,2388,2021-08-16 14:38:00,UCL
6.3519,6.36,6.29,6.3215,780,2021-08-16 14:39:00,UCL
6.2901,6.35,6.27,6.27,600,2021-08-16 14:40:00,UCL
6.29,6.29,6.29,6.29,800,2021-08-16 14:41:00,UCL
6.28,6.34,6.28,6.34,611,2021-08-16 14:42:00,UCL
6.29,6.34,6.28,6.34,1105,2021-08-16 14:43:00,UCL
6.27,6.2991,6.27,6.29,2000,2021-08-16 14:44:00,UCL
6.29,6.34,6.27,6.29,2000,2021-08-16 14:45:00,UCL
6.293,6.293,6.28,6.28,900,2021-08-16 14:46:00,UCL
6.28,6.28,6.28,6.28,176,2021-08-16 14:55:00,UCL
6.36,6.36,6.3,6.3,800,2021-08-16 14:56:00,UCL
6.28,6.29,6.28,6.29,1800,2021-08-16 14:57:00,UCL
6.29,6.29,6.29,6.29,2900,2021-08-16 14:58:00,UCL
6.27,6.27,6.27,6.27,200,2021-08-16 14:59:00,UCL
6.28,6.298,6.25,6.25,5597,2021-08-16 15:00:00,UCL
6.09,6.09,6.09,6.09,100,2021-08-16 15:01:00,UCL
5.98,6.0,5.87,6.0,12773,2021-08-16 15:02:00,UCL
6.16,6.45,6.0,6.1,6696,2021-08-16 15:03:00,UCL
6.1957,6.24,6.11,6.11,1815,2021-08-16 15:04:00,UCL
6.18,6.18,6.18,6.18,100,2021-08-16 15:05:00,UCL
6.1473,6.1473,6.124,6.1284,500,2021-08-16 15:57:00,UCL
6.1,6.1,6.1,6.1,500,2021-08-16 15:58:00,UCL
6.1,6.1,6.1,6.1,500,2021-08-16 15:59:00,UCL
6.15,6.18,6.14,6.14,400,2021-08-16 16:30:00,UCL
6.12,6.195,6.1,6.195,1200,2021-08-16 16:31:00,UCL
6.16,6.2638,6.1301,6.14,2322,2021-08-16 16:32:00,UCL
6.13,6.17,6.12,6.15,1744,2021-08-16 16:33:00,UCL
6.12,6.31,6.12,6.23,1498,2021-08-16 16:34:00,UCL
6.49,6.49,6.14,6.14,1700,2021-08-16 16:35:00,UCL
6.15,6.15,6.15,6.15,200,2021-08-16 16:36:00,UCL
6.28,6.29,6.28,6.29,595,2021-08-16 16:37:00,UCL
5.98,6.02,5.96,6.02,1115,2021-08-16 17:25:00,UCL
6.07,6.08,6.03,6.0726,3590,2021-08-16 17:26:00,UCL
6.09,6.13,6.09,6.13,400,2021-08-16 17:27:00,UCL
6.14,6.14,6.14,6.14,5400,2021-08-16 17:29:00,UCL
6.1673,6.17,6.08,6.08,1476,2021-08-16 17:30:00,UCL
6.15,6.19,6.15,6.19,200,2021-08-16 17:31:00,UCL
6.1801,6.1801,6.1801,6.1801,200,2021-08-16 17:32:00,UCL
6.2,6.2,6.18,6.18,398,2021-08-16 17:41:00,UCL
6.1196,6.28,6.1196,6.24,3658,2021-08-16 17:42:00,UCL
6.49,6.49,6.49,6.49,100,2021-08-16 17:58:00,UCL
6.2319,6.2319,6.2319,6.2319,398,2021-08-16 18:27:00,UCL
6.49,6.49,6.49,6.49,100,2021-08-16 18:36:00,UCL
6.48,6.49,6.48,6.49,200,2021-08-16 18:44:00,UCL
6.49,6.49,6.49,6.49,100,2021-08-16 18:45:00,UCL
6.625,6.6561,6.41,6.6561,3200,2021-08-16 18:46:00,UCL
6.4101,6.7933,6.35,6.3727,8475,2021-08-16 18:47:00,UCL
6.64,6.7404,6.64,6.7346,1896,2021-08-16 18:48:00,UCL
6.43,6.43,6.43,6.43,600,2021-08-16 18:49:00,UCL
6.4327,6.81,6.43,6.81,1198,2021-08-16 18:50:00,UCL
6.5626,6.59,6.47,6.59,1129,2021-08-16 18:51:00,UCL
6.3657,6.3657,6.3657,6.3657,100,2021-08-16 18:57:00,UCL
6.395,6.395,6.395,6.395,100,2021-08-16 19:18:00,UCL
6.45,6.45,6.42,6.45,1098,2021-08-16 19:21:00,UCL
6.4499,6.4499,6.4499,6.4499,1500,2021-08-16 19:43:00,UCL
6.44,6.44,6.44,6.44,166,2021-08-16 19:57:00,UCL
6.34,6.34,6.34,6.34,300,2021-08-16 19:59:00,UCL
6.34,6.34,6.34,6.34,156,2021-08-16 20:00:00,UCL
6.52,6.52,6.3,6.3,600,2021-08-17 13:30:00,UCL
6.18,6.18,6.0255,6.0255,700,2021-08-17 13:33:00,UCL
6.06,6.08,6.03,6.03,9004,2021-08-17 13:34:00,UCL
6.21,6.25,6.2,6.25,1700,2021-08-17 13:35:00,UCL
6.4,6.4,6.4,6.4,400,2021-08-17 13:43:00,UCL
6.6,6.6,6.6,6.6,100,2021-08-17 13:46:00,UCL
6.4765,6.5266,6.46,6.461,12300,2021-08-17 13:47:00,UCL
6.1,6.2,6.1,6.12,400,2021-08-17 13:53:00,UCL
6.2,6.2,6.13,6.13,800,2021-08-17 13:57:00,UCL
6.19,6.19,6.19,6.19,1000,2021-08-17 13:59:00,UCL
6.19,6.19,6.19,6.19,600,2021-08-17 14:00:00,UCL
6.15,6.15,6.1,6.1,200,2021-08-17 14:01:00,UCL
6.1,6.12,6.1,6.12,400,2021-08-17 14:04:00,UCL
6.11,6.11,6.1,6.1,1032,2021-08-17 14:05:00,UCL
6.0952,6.21,6.0952,6.18,12011,2021-08-17 14:07:00,UCL
6.19,6.19,6.19,6.19,698,2021-08-17 14:08:00,UCL
6.25,6.31,6.25,6.31,1700,2021-08-17 14:09:00,UCL
6.3618,6.3618,6.354,6.354,400,2021-08-17 14:10:00,UCL
6.25,6.25,6.19,6.2195,900,2021-08-17 14:12:00,UCL
6.21,6.21,6.19,6.19,893,2021-08-17 14:13:00,UCL
6.2173,6.35,6.2173,6.35,1632,2021-08-17 14:14:00,UCL
6.21,6.24,6.02,6.24,6100,2021-08-17 14:36:00,UCL
6.37,6.38,6.245,6.26,1100,2021-08-17 14:37:00,UCL
6.3,6.3,6.2973,6.3,800,2021-08-17 14:38:00,UCL
6.35,6.35,6.35,6.35,300,2021-08-17 14:39:00,UCL
6.38,6.38,6.3606,6.3606,200,2021-08-17 14:51:00,UCL
6.415,6.415,6.415,6.415,1588,2021-08-17 14:53:00,UCL
6.35,6.35,6.35,6.35,500,2021-08-17 15:21:00,UCL
6.34,6.34,6.34,6.34,402,2021-08-17 15:22:00,UCL
6.46,6.46,6.46,6.46,100,2021-08-17 15:57:00,UCL
6.45,6.49,6.45,6.49,600,2021-08-17 16:34:00,UCL
6.4001,6.4001,6.4001,6.4001,1000,2021-08-17 16:42:00,UCL
6.4001,6.4001,6.4001,6.4001,2000,2021-08-17 16:43:00,UCL
6.47,6.47,6.47,6.47,100,2021-08-17 16:51:00,UCL
6.46,6.4873,6.46,6.4873,400,2021-08-17 17:06:00,UCL
6.46,6.46,6.46,6.46,400,2021-08-17 17:07:00,UCL
6.5,6.5,6.4973,6.5,500,2021-08-17 17:10:00,UCL
6.5,6.8,6.5,6.8,800,2021-08-17 17:11:00,UCL
6.64,6.64,6.64,6.64,100,2021-08-17 17:12:00,UCL
6.64,6.64,6.64,6.64,100,2021-08-17 17:13:00,UCL
6.51,6.5612,6.43,6.43,20279,2021-08-17 17:27:00,UCL
6.43,6.43,6.43,6.43,400,2021-08-17 17:30:00,UCL
6.4,6.4,6.4,6.4,500,2021-08-17 17:31:00,UCL
6.4,6.4,6.39,6.39,940,2021-08-17 17:32:00,UCL
6.4,6.43,6.4,6.43,300,2021-08-17 17:34:00,UCL
6.55,6.55,6.55,6.55,197,2021-08-17 17:35:00,UCL
6.48,6.48,6.4397,6.4397,2900,2021-08-17 17:36:00,UCL
6.42,6.49,6.42,6.46,1329,2021-08-17 17:37:00,UCL
6.43,6.47,6.42,6.42,700,2021-08-17 17:38:00,UCL
6.465,6.5,6.465,6.5,500,2021-08-17 19:10:00,UCL
6.59,6.59,6.59,6.59,398,2021-08-17 19:11:00,UCL
6.5327,6.5327,6.53,6.53,814,2021-08-17 19:12:00,UCL
6.5427,6.5427,6.54,6.54,300,2021-08-17 19:13:00,UCL
6.55,6.55,6.55,6.55,100,2021-08-17 19:18:00,UCL
6.5999,6.5999,6.5999,6.5999,400,2021-08-17 19:20:00,UCL
6.5973,6.6,6.5973,6.6,200,2021-08-17 19:22:00,UCL
6.505,6.505,6.5038,6.5038,200,2021-08-17 19:56:00,UCL
6.52,6.52,6.52,6.52,300,2021-08-17 20:00:00,UCL
6.56,6.56,6.56,6.56,102,2021-08-18 13:30:00,UCL
6.37,6.37,6.11,6.11,400,2021-08-18 13:31:00,UCL
6.2,6.3,6.2,6.299,5685,2021-08-18 13:32:00,UCL
6.2999,6.3,6.2999,6.3,400,2021-08-18 13:33:00,UCL
6.24,6.28,6.24,6.28,310,2021-08-18 13:36:00,UCL
6.3,6.38,6.105,6.38,12200,2021-08-18 13:37:00,UCL
6.35,6.39,6.35,6.39,1100,2021-08-18 13:38:00,UCL
6.36,6.5,6.36,6.5,3439,2021-08-18 13:40:00,UCL
6.41,6.41,6.41,6.41,292,2021-08-18 13:58:00,UCL
6.36,6.42,6.17,6.42,2000,2021-08-18 13:59:00,UCL
6.422,6.49,6.422,6.49,1127,2021-08-18 14:02:00,UCL
6.1937,6.1937,6.1937,6.1937,300,2021-08-18 14:25:00,UCL
6.3815,6.41,6.3815,6.41,1688,2021-08-18 14:26:00,UCL
6.3999,6.49,6.3999,6.49,900,2021-08-18 14:29:00,UCL
6.4235,6.4235,6.4235,6.4235,400,2021-08-18 14:35:00,UCL
6.4499,6.49,6.4217,6.49,1400,2021-08-18 14:36:00,UCL
6.48,6.48,6.48,6.48,100,2021-08-18 14:49:00,UCL
6.48,6.48,6.48,6.48,100,2021-08-18 14:50:00,UCL
6.49,6.51,6.4,6.4,13168,2021-08-18 15:21:00,UCL
6.19,6.22,6.15,6.16,4839,2021-08-18 15:22:00,UCL
6.19,6.25,6.19,6.25,600,2021-08-18 15:23:00,UCL
6.25,6.34,6.1822,6.1822,501,2021-08-18 15:24:00,UCL
6.17,6.23,6.1105,6.23,600,2021-08-18 15:25:00,UCL
6.19,6.1922,6.13,6.13,1100,2021-08-18 15:26:00,UCL
6.055,6.11,6.055,6.11,200,2021-08-18 15:27:00,UCL
6.12,6.12,6.06,6.07,700,2021-08-18 15:28:00,UCL
6.07,6.34,6.07,6.34,12700,2021-08-18 15:29:00,UCL
6.5,6.5,6.22,6.2705,1000,2021-08-18 15:30:00,UCL
6.22,6.22,6.22,6.22,200,2021-08-18 15:38:00,UCL
6.33,6.33,6.33,6.33,100,2021-08-18 15:49:00,UCL
6.33,6.33,6.3,6.3,200,2021-08-18 15:50:00,UCL
6.21,6.21,6.21,6.21,1900,2021-08-18 15:52:00,UCL
6.21,6.21,6.19,6.2,685,2021-08-18 15:56:00,UCL
6.19,6.2,6.19,6.19,1900,2021-08-18 15:57:00,UCL
6.22,6.22,6.22,6.22,100,2021-08-18 15:58:00,UCL
6.2293,6.2293,6.2293,6.2293,120,2021-08-18 16:01:00,UCL
6.25,6.25,6.12,6.23,2761,2021-08-18 16:04:00,UCL
6.2,6.3,6.2,6.2312,1200,2021-08-18 16:05:00,UCL
6.39,6.39,6.16,6.16,11600,2021-08-18 16:06:00,UCL
6.2002,6.2002,6.2002,6.2002,163,2021-08-18 16:07:00,UCL
6.27,6.27,6.27,6.27,100,2021-08-18 16:10:00,UCL
6.27,6.52,6.27,6.52,394,2021-08-18 16:11:00,UCL
6.3027,6.3027,6.29,6.29,3300,2021-08-18 16:12:00,UCL
6.36,6.36,6.36,6.36,396,2021-08-18 16:13:00,UCL
6.25,6.34,6.25,6.34,1927,2021-08-18 16:15:00,UCL
6.31,6.53,6.29,6.29,5309,2021-08-18 16:18:00,UCL
6.22,6.29,6.22,6.29,590,2021-08-18 16:34:00,UCL
6.25,6.26,6.25,6.26,290,2021-08-18 16:35:00,UCL
6.2,6.2,6.2,6.2,100,2021-08-18 16:40:00,UCL
6.12,6.12,6.12,6.12,100,2021-08-18 16:41:00,UCL
6.185,6.19,6.185,6.19,400,2021-08-18 16:44:00,UCL
6.14,6.25,6.14,6.185,1900,2021-08-18 16:45:00,UCL
6.21,6.25,6.129,6.21,6544,2021-08-18 16:46:00,UCL
6.2,6.2,6.2,6.2,100,2021-08-18 16:48:00,UCL
6.22,6.3,6.22,6.3,1700,2021-08-18 16:50:00,UCL
6.2499,6.3,6.2473,6.3,6663,2021-08-18 16:51:00,UCL
6.249,6.3,6.249,6.3,5024,2021-08-18 16:53:00,UCL
6.19,6.26,6.19,6.2599,1500,2021-08-18 16:54:00,UCL
6.26,6.27,6.2536,6.27,1300,2021-08-18 16:55:00,UCL
6.27,6.27,6.27,6.27,100,2021-08-18 16:56:00,UCL
6.19,6.27,6.19,6.27,1000,2021-08-18 16:57:00,UCL
6.29,6.54,6.25,6.5,6222,2021-08-18 17:58:00,UCL
6.42,6.435,6.38,6.435,8906,2021-08-18 17:59:00,UCL
6.3,6.3,6.3,6.3,260,2021-08-18 18:00:00,UCL
6.27,6.27,6.27,6.27,120,2021-08-18 18:02:00,UCL
6.22,6.27,6.175,6.27,6901,2021-08-18 18:19:00,UCL
6.29,6.3,6.29,6.3,648,2021-08-18 18:20:00,UCL
6.3,6.3,6.3,6.3,100,2021-08-18 18:29:00,UCL
6.27,6.27,6.27,6.27,141,2021-08-18 18:31:00,UCL
6.265,6.265,6.265,6.265,143,2021-08-18 18:49:00,UCL
6.29,6.29,6.29,6.29,100,2021-08-18 19:08:00,UCL
6.24,6.24,6.2305,6.2305,200,2021-08-18 19:29:00,UCL
6.25,6.25,6.22,6.22,200,2021-08-18 19:58:00,UCL
6.28,6.28,6.28,6.28,190,2021-08-18 19:59:00,UCL
6.25,6.25,6.25,6.25,300,2021-08-18 20:00:00,UCL
6.2527,6.2527,6.13,6.13,1105,2021-08-19 13:37:00,UCL
6.23,6.24,6.23,6.24,600,2021-08-19 13:41:00,UCL
6.23,6.23,6.23,6.23,100,2021-08-19 13:43:00,UCL
6.24,6.44,6.2,6.44,1500,2021-08-19 13:44:00,UCL
6.2105,6.25,6.2,6.2,7840,2021-08-19 13:45:00,UCL
6.2,6.2,6.2,6.2,3100,2021-08-19 13:46:00,UCL
6.37,6.37,6.37,6.37,194,2021-08-19 13:47:00,UCL
6.24,6.32,6.15,6.32,2231,2021-08-19 13:48:00,UCL
6.21,6.21,6.21,6.21,2000,2021-08-19 13:49:00,UCL
6.44,6.44,6.1992,6.25,2896,2021-08-19 13:51:00,UCL
6.256,6.256,6.17,6.17,3700,2021-08-19 13:53:00,UCL
6.32,6.32,6.32,6.32,198,2021-08-19 13:54:00,UCL
6.17,6.17,6.13,6.1566,4644,2021-08-19 13:55:00,UCL
6.17,6.17,6.17,6.17,3200,2021-08-19 14:22:00,UCL
6.12,6.1221,6.11,6.1221,3019,2021-08-19 14:24:00,UCL
6.17,6.17,6.17,6.17,100,2021-08-19 14:25:00,UCL
6.18,6.18,6.06,6.07,3300,2021-08-19 14:26:00,UCL
6.06,6.06,6.0,6.0,1000,2021-08-19 14:31:00,UCL
6.0,6.0,6.0,6.0,376,2021-08-19 14:40:00,UCL
5.9999,5.9999,5.91,5.95,590,2021-08-19 14:46:00,UCL
5.95,5.95,5.85,5.85,2041,2021-08-19 14:47:00,UCL
5.8699,5.9993,5.838,5.9993,17900,2021-08-19 14:48:00,UCL
5.89,5.9795,5.88,5.95,1128,2021-08-19 14:51:00,UCL
5.89,5.99,5.8618,5.89,4000,2021-08-19 14:52:00,UCL
6.02,6.03,6.02,6.03,1000,2021-08-19 14:53:00,UCL
6.01,6.04,6.01,6.03,1500,2021-08-19 14:54:00,UCL
6.04,6.04,6.04,6.04,560,2021-08-19 15:07:00,UCL
6.01,6.01,6.0,6.0,255,2021-08-19 15:31:00,UCL
6.0,6.0,5.99,5.99,3100,2021-08-19 15:32:00,UCL
5.95,5.95,5.95,5.95,1000,2021-08-19 15:33:00,UCL
5.93,5.94,5.93,5.94,2388,2021-08-19 15:42:00,UCL
5.95,6.13,5.95,6.01,5708,2021-08-19 15:43:00,UCL
6.3,6.3,6.3,6.3,197,2021-08-19 15:47:00,UCL
6.45,6.45,6.05,6.11,11990,2021-08-19 15:48:00,UCL
6.06,6.07,6.05,6.06,840,2021-08-19 15:49:00,UCL
5.93,5.93,5.93,5.93,100,2021-08-19 15:51:00,UCL
6.09,6.09,6.09,6.09,100,2021-08-19 16:44:00,UCL
6.02,6.02,5.95,6.02,600,2021-08-19 17:45:00,UCL
5.82,6.0299,5.79,5.86,1929,2021-08-19 17:46:00,UCL
5.8749,6.03,5.8749,6.03,9400,2021-08-19 17:47:00,UCL
5.9812,5.9812,5.98,5.98,200,2021-08-19 17:48:00,UCL
6.0,6.0,5.96,5.96,1200,2021-08-19 17:49:00,UCL
5.9,5.9,5.9,5.9,100,2021-08-19 17:50:00,UCL
5.95,5.95,5.8911,5.91,1500,2021-08-19 17:51:00,UCL
5.91,6.0199,5.8816,5.9162,2100,2021-08-19 17:52:00,UCL
5.95,5.98,5.95,5.97,400,2021-08-19 17:53:00,UCL
5.95,5.95,5.91,5.91,400,2021-08-19 18:30:00,UCL
5.95,5.95,5.95,5.95,1300,2021-08-19 18:57:00,UCL
5.95,5.95,5.95,5.95,300,2021-08-19 18:58:00,UCL
5.9,6.1,5.86,6.1,993,2021-08-19 19:28:00,UCL
6.04,6.04,6.0,6.0,1100,2021-08-19 19:49:00,UCL
6.05,6.05,6.05,6.05,100,2021-08-19 19:50:00,UCL
6.0,6.0,6.0,6.0,100,2021-08-19 19:59:00,UCL
6.0,6.0,6.0,6.0,165,2021-08-19 20:00:00,UCL
6.1,6.38,6.1,6.38,200,2021-08-20 13:32:00,UCL
6.0751,6.0856,6.06,6.06,10689,2021-08-20 13:33:00,UCL
6.06,6.06,6.0,6.0,1500,2021-08-20 13:35:00,UCL
6.0,6.0,5.96,5.96,2100,2021-08-20 13:37:00,UCL
6.19,6.19,6.19,6.19,100,2021-08-20 13:38:00,UCL
6.0,6.0,6.0,6.0,300,2021-08-20 13:51:00,UCL
6.13,6.13,6.13,6.13,2093,2021-08-20 14:07:00,UCL
6.0782,6.0782,6.0756,6.0756,2000,2021-08-20 14:12:00,UCL
6.19,6.19,6.19,6.19,100,2021-08-20 14:13:00,UCL
6.1,6.1,6.1,6.1,100,2021-08-20 14:18:00,UCL
6.1,6.1,6.1,6.1,100,2021-08-20 14:19:00,UCL
6.08,6.08,6.07,6.07,1100,2021-08-20 14:21:00,UCL
6.0938,6.0938,6.07,6.07,3270,2021-08-20 14:22:00,UCL
6.0,6.0,6.0,6.0,200,2021-08-20 14:23:00,UCL
6.14,6.14,6.14,6.14,1096,2021-08-20 14:24:00,UCL
6.15,6.15,6.15,6.15,100,2021-08-20 15:07:00,UCL
6.03,6.03,6.03,6.03,100,2021-08-20 15:08:00,UCL
6.1029,6.1029,6.1029,6.1029,162,2021-08-20 15:10:00,UCL
6.05,6.05,6.05,6.05,480,2021-08-20 15:11:00,UCL
6.09,6.09,6.09,6.09,149,2021-08-20 15:17:00,UCL
6.1499,6.1499,6.1499,6.1499,235,2021-08-20 15:21:00,UCL
6.05,6.05,5.92,5.92,500,2021-08-20 15:28:00,UCL
5.96,6.06,5.93,6.06,8554,2021-08-20 15:29:00,UCL
6.0499,6.09,5.99,6.05,6444,2021-08-20 15:32:00,UCL
6.09,6.15,6.09,6.15,700,2021-08-20 15:33:00,UCL
6.07,6.21,6.01,6.01,10850,2021-08-20 15:49:00,UCL
6.11,6.11,6.11,6.11,296,2021-08-20 15:51:00,UCL
6.06,6.06,6.06,6.06,200,2021-08-20 15:52:00,UCL
5.96,5.96,5.96,5.96,100,2021-08-20 15:54:00,UCL
5.96,5.96,5.96,5.96,100,2021-08-20 15:55:00,UCL
5.95,5.97,5.91,5.97,4709,2021-08-20 15:56:00,UCL
5.9752,6.11,5.9752,6.11,6470,2021-08-20 15:58:00,UCL
6.0427,6.0427,6.03,6.03,1850,2021-08-20 16:01:00,UCL
6.15,6.15,6.15,6.15,100,2021-08-20 16:02:00,UCL
6.05,6.05,6.03,6.03,3400,2021-08-20 16:55:00,UCL
6.14,6.14,6.14,6.14,100,2021-08-20 16:56:00,UCL
6.14,6.14,6.14,6.14,400,2021-08-20 16:57:00,UCL
6.04,6.0412,6.01,6.01,2700,2021-08-20 16:58:00,UCL
6.08,6.08,6.08,6.08,500,2021-08-20 17:06:00,UCL
6.0569,6.09,6.03,6.09,2897,2021-08-20 17:07:00,UCL
6.11,6.12,6.03,6.12,2297,2021-08-20 17:08:00,UCL
6.0685,6.12,6.01,6.1,1956,2021-08-20 17:10:00,UCL
6.08,6.09,6.0,6.0,3180,2021-08-20 17:12:00,UCL
6.03,6.03,6.03,6.03,729,2021-08-20 17:23:00,UCL
5.95,5.95,5.95,5.95,100,2021-08-20 17:24:00,UCL
6.2,6.2,6.0,6.0,4100,2021-08-20 17:30:00,UCL
6.15,6.15,6.15,6.15,100,2021-08-20 17:31:00,UCL
6.01,6.33,6.01,6.33,1149,2021-08-20 17:32:00,UCL
6.07,6.07,6.04,6.04,2400,2021-08-20 17:33:00,UCL
6.06,6.15,6.06,6.15,300,2021-08-20 17:34:00,UCL
6.04,6.13,6.0,6.13,2647,2021-08-20 17:35:00,UCL
6.11,6.11,6.03,6.054,1647,2021-08-20 18:24:00,UCL
6.04,6.04,6.0,6.03,400,2021-08-20 18:48:00,UCL
6.239,6.239,6.05,6.05,500,2021-08-20 18:49:00,UCL
6.05,6.05,6.04,6.04,587,2021-08-20 18:50:00,UCL
6.12,6.12,6.12,6.12,100,2021-08-20 18:52:00,UCL
6.142,6.142,6.04,6.04,876,2021-08-20 18:54:00,UCL
6.05,6.05,6.05,6.05,1000,2021-08-20 18:55:00,UCL
6.05,6.05,6.05,6.05,953,2021-08-20 18:57:00,UCL
6.17,6.17,6.04,6.16,1490,2021-08-20 19:24:00,UCL
6.0871,6.0871,6.0414,6.0414,480,2021-08-20 19:26:00,UCL
6.12,6.12,6.12,6.12,500,2021-08-20 19:38:00,UCL
6.04,6.04,6.04,6.04,200,2021-08-20 19:58:00,UCL
6.02,6.02,6.02,6.02,100,2021-08-20 19:59:00,UCL
