open,high,low,close,volume,datetime,symbol
196.81,197.11,196.24,196.51,11714,2021-05-10 13:30:00,TSCO
196.84,197.0,196.4456,196.4456,2027,2021-05-10 13:31:00,TSCO
197.25,197.26,196.67,197.095,2075,2021-05-10 13:33:00,TSCO
196.61,196.965,196.35,196.41,3506,2021-05-10 13:34:00,TSCO
196.5327,196.5327,196.5327,196.5327,145,2021-05-10 13:35:00,TSCO
196.58,196.96,196.58,196.88,1200,2021-05-10 13:36:00,TSCO
196.98,196.98,196.5,196.5,1200,2021-05-10 13:37:00,TSCO
196.51,196.595,196.51,196.595,200,2021-05-10 13:38:00,TSCO
196.76,196.76,196.76,196.76,100,2021-05-10 13:39:00,TSCO
196.98,197.09,196.98,197.07,400,2021-05-10 13:40:00,TSCO
196.91,196.91,196.62,196.62,400,2021-05-10 13:41:00,TSCO
196.74,196.76,196.44,196.44,800,2021-05-10 13:42:00,TSCO
196.06,196.53,196.06,196.53,800,2021-05-10 13:43:00,TSCO
196.31,196.31,196.31,196.31,105,2021-05-10 13:44:00,TSCO
196.44,196.62,196.44,196.62,200,2021-05-10 13:45:00,TSCO
196.67,196.81,196.36,196.79,1709,2021-05-10 13:46:00,TSCO
196.99,196.99,196.97,196.97,200,2021-05-10 13:47:00,TSCO
196.89,196.89,196.71,196.8,10700,2021-05-10 13:48:00,TSCO
196.7,196.79,196.7,196.79,200,2021-05-10 13:49:00,TSCO
196.59,196.64,196.08,196.08,1545,2021-05-10 13:50:00,TSCO
196.36,196.36,196.26,196.265,359,2021-05-10 13:51:00,TSCO
196.27,196.5,196.13,196.44,1500,2021-05-10 13:52:00,TSCO
196.6324,196.76,196.6324,196.76,3384,2021-05-10 13:53:00,TSCO
196.75,196.75,196.6,196.6,200,2021-05-10 13:54:00,TSCO
196.535,196.55,196.35,196.55,500,2021-05-10 13:55:00,TSCO
196.52,196.645,196.41,196.6,2122,2021-05-10 13:56:00,TSCO
196.7999,196.81,196.63,196.77,1500,2021-05-10 13:57:00,TSCO
196.58,196.68,196.56,196.67,1200,2021-05-10 13:58:00,TSCO
196.55,196.755,196.55,196.755,700,2021-05-10 13:59:00,TSCO
196.59,196.85,196.59,196.85,1448,2021-05-10 14:00:00,TSCO
196.695,196.695,196.675,196.675,200,2021-05-10 14:01:00,TSCO
196.78,196.94,196.78,196.85,500,2021-05-10 14:02:00,TSCO
196.905,196.944,196.75,196.89,1129,2021-05-10 14:03:00,TSCO
196.92,196.97,196.92,196.92,500,2021-05-10 14:04:00,TSCO
196.97,196.97,196.91,196.97,600,2021-05-10 14:05:00,TSCO
196.94,197.45,196.94,197.44,10402,2021-05-10 14:06:00,TSCO
197.46,197.46,197.46,197.46,100,2021-05-10 14:07:00,TSCO
197.34,197.405,197.25,197.3931,1050,2021-05-10 14:08:00,TSCO
197.4009,197.42,197.4009,197.42,763,2021-05-10 14:09:00,TSCO
197.525,197.64,197.38,197.58,800,2021-05-10 14:11:00,TSCO
197.51,197.6,197.51,197.6,200,2021-05-10 14:12:00,TSCO
197.57,198.2,197.57,198.2,2100,2021-05-10 14:13:00,TSCO
198.1799,198.18,198.1799,198.18,226,2021-05-10 14:14:00,TSCO
198.055,198.55,198.055,198.33,3853,2021-05-10 14:15:00,TSCO
198.49,198.62,198.4,198.62,2322,2021-05-10 14:16:00,TSCO
198.65,198.83,198.62,198.62,600,2021-05-10 14:17:00,TSCO
198.88,198.95,198.88,198.95,300,2021-05-10 14:18:00,TSCO
198.67,198.81,198.44,198.52,1766,2021-05-10 14:19:00,TSCO
198.44,198.47,198.39,198.39,903,2021-05-10 14:20:00,TSCO
198.29,198.29,198.29,198.29,100,2021-05-10 14:21:00,TSCO
198.37,198.615,198.37,198.38,3780,2021-05-10 14:22:00,TSCO
198.4,198.405,198.3,198.405,1195,2021-05-10 14:23:00,TSCO
198.395,198.431,198.21,198.305,2323,2021-05-10 14:24:00,TSCO
198.28,198.29,198.28,198.29,300,2021-05-10 14:25:00,TSCO
198.12,198.16,197.91,197.91,1477,2021-05-10 14:26:00,TSCO
197.9975,198.21,197.9975,198.08,552,2021-05-10 14:27:00,TSCO
198.0,198.0,198.0,198.0,100,2021-05-10 14:28:00,TSCO
198.17,198.24,197.99,198.215,1715,2021-05-10 14:29:00,TSCO
198.18,198.36,198.18,198.36,1600,2021-05-10 14:30:00,TSCO
198.4,198.4,198.21,198.33,1300,2021-05-10 14:31:00,TSCO
198.37,198.57,198.37,198.53,1000,2021-05-10 14:32:00,TSCO
198.64,198.64,198.575,198.575,1100,2021-05-10 14:33:00,TSCO
198.47,198.54,198.47,198.54,600,2021-05-10 14:34:00,TSCO
198.54,198.755,198.54,198.755,2808,2021-05-10 14:35:00,TSCO
198.68,198.69,198.68,198.68,300,2021-05-10 14:36:00,TSCO
198.59,198.6,198.21,198.21,1400,2021-05-10 14:37:00,TSCO
198.3133,198.36,198.275,198.36,400,2021-05-10 14:38:00,TSCO
198.24,198.42,198.24,198.32,1100,2021-05-10 14:39:00,TSCO
198.39,198.39,198.225,198.305,1150,2021-05-10 14:40:00,TSCO
198.3143,198.365,198.25,198.365,900,2021-05-10 14:41:00,TSCO
198.27,198.57,198.27,198.57,1300,2021-05-10 14:42:00,TSCO
198.49,198.49,198.49,198.49,100,2021-05-10 14:43:00,TSCO
198.555,198.64,198.52,198.5643,1150,2021-05-10 14:44:00,TSCO
198.4,198.53,198.4,198.48,900,2021-05-10 14:45:00,TSCO
198.525,198.5623,198.46,198.52,2369,2021-05-10 14:46:00,TSCO
198.48,198.59,198.48,198.48,1637,2021-05-10 14:47:00,TSCO
198.57,198.57,198.57,198.57,100,2021-05-10 14:48:00,TSCO
198.54,198.571,198.54,198.571,200,2021-05-10 14:49:00,TSCO
198.65,198.65,198.46,198.46,800,2021-05-10 14:50:00,TSCO
198.59,198.68,198.59,198.68,400,2021-05-10 14:51:00,TSCO
198.72,198.7757,198.68,198.76,501,2021-05-10 14:52:00,TSCO
198.6856,198.7516,198.61,198.7516,940,2021-05-10 14:53:00,TSCO
198.72,198.795,198.71,198.71,300,2021-05-10 14:54:00,TSCO
198.55,198.77,198.55,198.725,400,2021-05-10 14:55:00,TSCO
198.73,198.73,198.73,198.73,100,2021-05-10 14:56:00,TSCO
198.755,198.87,198.755,198.87,300,2021-05-10 14:57:00,TSCO
198.85,198.91,198.64,198.64,2000,2021-05-10 14:58:00,TSCO
198.72,198.72,198.6,198.67,900,2021-05-10 14:59:00,TSCO
198.73,198.73,198.73,198.73,100,2021-05-10 15:00:00,TSCO
198.9,198.9,198.845,198.845,300,2021-05-10 15:03:00,TSCO
198.7447,199.08,198.7447,199.08,2810,2021-05-10 15:04:00,TSCO
199.1,199.1,199.1,199.1,1000,2021-05-10 15:05:00,TSCO
199.085,199.085,199.085,199.085,500,2021-05-10 15:06:00,TSCO
199.03,199.11,199.02,199.11,700,2021-05-10 15:07:00,TSCO
199.06,199.21,199.06,199.21,500,2021-05-10 15:08:00,TSCO
199.1771,199.215,199.1771,199.215,300,2021-05-10 15:09:00,TSCO
199.25,199.25,199.12,199.15,822,2021-05-10 15:10:00,TSCO
199.0899,199.0899,199.0899,199.0899,100,2021-05-10 15:11:00,TSCO
198.91,199.03,198.91,199.03,2000,2021-05-10 15:12:00,TSCO
199.05,199.05,198.8,199.05,1900,2021-05-10 15:13:00,TSCO
199.035,199.26,199.035,199.18,1103,2021-05-10 15:14:00,TSCO
199.07,199.07,199.07,199.07,200,2021-05-10 15:15:00,TSCO
199.0,199.09,199.0,199.09,1800,2021-05-10 15:16:00,TSCO
199.11,199.11,199.11,199.11,200,2021-05-10 15:17:00,TSCO
199.185,199.185,199.185,199.185,100,2021-05-10 15:18:00,TSCO
199.25,199.46,199.25,199.37,600,2021-05-10 15:19:00,TSCO
199.53,199.53,199.44,199.46,600,2021-05-10 15:20:00,TSCO
199.36,199.45,199.36,199.45,400,2021-05-10 15:21:00,TSCO
199.535,199.535,199.535,199.535,150,2021-05-10 15:22:00,TSCO
199.53,199.54,199.43,199.45,900,2021-05-10 15:23:00,TSCO
199.5245,199.5245,199.5245,199.5245,250,2021-05-10 15:24:00,TSCO
199.58,199.65,199.54,199.65,500,2021-05-10 15:25:00,TSCO
199.52,199.52,199.36,199.49,400,2021-05-10 15:26:00,TSCO
199.55,199.65,199.49,199.65,800,2021-05-10 15:27:00,TSCO
199.62,199.62,199.43,199.43,800,2021-05-10 15:28:00,TSCO
199.5,199.52,199.47,199.47,500,2021-05-10 15:29:00,TSCO
199.51,199.69,199.43,199.43,810,2021-05-10 15:30:00,TSCO
199.5,199.585,199.5,199.585,900,2021-05-10 15:31:00,TSCO
199.67,199.67,199.67,199.67,100,2021-05-10 15:32:00,TSCO
199.62,199.63,199.62,199.63,800,2021-05-10 15:33:00,TSCO
199.66,199.735,199.66,199.67,500,2021-05-10 15:34:00,TSCO
199.7,199.7899,199.67,199.715,650,2021-05-10 15:35:00,TSCO
199.715,199.715,199.66,199.66,700,2021-05-10 15:36:00,TSCO
199.58,199.655,199.57,199.625,1200,2021-05-10 15:37:00,TSCO
199.81,199.81,199.6248,199.6248,600,2021-05-10 15:38:00,TSCO
199.675,199.675,199.44,199.44,3240,2021-05-10 15:39:00,TSCO
199.44,199.55,199.44,199.495,300,2021-05-10 15:40:00,TSCO
199.55,199.6417,199.55,199.64,400,2021-05-10 15:41:00,TSCO
199.51,199.61,199.45,199.61,2916,2021-05-10 15:42:00,TSCO
199.73,199.73,199.7,199.7,300,2021-05-10 15:43:00,TSCO
199.68,199.77,199.61,199.77,1000,2021-05-10 15:44:00,TSCO
199.8021,199.8021,199.72,199.72,1350,2021-05-10 15:45:00,TSCO
199.69,199.69,199.63,199.63,300,2021-05-10 15:46:00,TSCO
199.81,199.81,199.77,199.79,800,2021-05-10 15:47:00,TSCO
199.83,199.94,199.83,199.85,300,2021-05-10 15:48:00,TSCO
199.88,200.03,199.83,199.91,8980,2021-05-10 15:49:00,TSCO
199.96,200.07,199.9499,200.07,1500,2021-05-10 15:50:00,TSCO
199.94,199.97,199.89,199.97,800,2021-05-10 15:52:00,TSCO
200.08,200.115,200.03,200.115,2600,2021-05-10 15:53:00,TSCO
200.19,200.26,200.16,200.26,700,2021-05-10 15:54:00,TSCO
200.31,200.45,200.31,200.37,800,2021-05-10 15:55:00,TSCO
200.52,200.52,200.33,200.33,600,2021-05-10 15:56:00,TSCO
200.422,200.44,200.32,200.44,400,2021-05-10 15:57:00,TSCO
200.44,200.555,200.44,200.555,600,2021-05-10 15:58:00,TSCO
200.6,200.75,200.6,200.69,1105,2021-05-10 15:59:00,TSCO
200.65,200.65,200.61,200.61,400,2021-05-10 16:00:00,TSCO
200.69,200.69,200.6,200.6,1040,2021-05-10 16:01:00,TSCO
200.61,200.61,200.38,200.38,4130,2021-05-10 16:02:00,TSCO
200.38,200.45,200.31,200.45,400,2021-05-10 16:03:00,TSCO
200.3101,200.49,200.3101,200.48,4155,2021-05-10 16:04:00,TSCO
200.31,200.31,200.18,200.18,2590,2021-05-10 16:05:00,TSCO
200.18,200.18,200.18,200.18,629,2021-05-10 16:06:00,TSCO
200.125,200.27,200.06,200.185,10468,2021-05-10 16:07:00,TSCO
200.27,200.27,200.04,200.04,1244,2021-05-10 16:08:00,TSCO
200.08,200.09,200.08,200.09,200,2021-05-10 16:09:00,TSCO
200.03,200.05,200.03,200.05,2100,2021-05-10 16:10:00,TSCO
200.1,200.19,200.0812,200.19,2780,2021-05-10 16:11:00,TSCO
200.17,200.26,200.17,200.18,744,2021-05-10 16:12:00,TSCO
200.225,200.26,200.225,200.2453,950,2021-05-10 16:13:00,TSCO
200.22,200.27,200.22,200.24,700,2021-05-10 16:14:00,TSCO
200.26,200.3,200.15,200.15,773,2021-05-10 16:15:00,TSCO
200.19,200.19,200.1,200.1,1233,2021-05-10 16:16:00,TSCO
200.1,200.11,200.1,200.11,200,2021-05-10 16:17:00,TSCO
200.17,200.1993,200.17,200.17,300,2021-05-10 16:18:00,TSCO
200.185,200.185,200.185,200.185,1402,2021-05-10 16:19:00,TSCO
200.1468,200.2,200.13,200.2,1163,2021-05-10 16:20:00,TSCO
200.12,200.12,199.992,200.0,2490,2021-05-10 16:21:00,TSCO
200.055,200.18,200.055,200.0901,3544,2021-05-10 16:22:00,TSCO
200.04,200.13,200.03,200.08,4122,2021-05-10 16:23:00,TSCO
200.08,200.08,199.89,199.89,1100,2021-05-10 16:24:00,TSCO
199.835,199.835,199.78,199.81,500,2021-05-10 16:25:00,TSCO
199.73,199.73,199.73,199.73,200,2021-05-10 16:26:00,TSCO
199.64,199.7054,199.64,199.7054,400,2021-05-10 16:27:00,TSCO
199.63,199.7,199.6,199.64,1600,2021-05-10 16:28:00,TSCO
199.49,199.49,199.49,199.49,100,2021-05-10 16:29:00,TSCO
199.47,199.52,199.32,199.32,1000,2021-05-10 16:30:00,TSCO
199.34,199.38,199.12,199.13,4221,2021-05-10 16:31:00,TSCO
199.2,199.2,198.91,198.91,1500,2021-05-10 16:32:00,TSCO
198.92,199.06,198.92,199.06,807,2021-05-10 16:33:00,TSCO
199.01,199.13,199.01,199.05,1550,2021-05-10 16:34:00,TSCO
199.09,199.13,199.06,199.08,1128,2021-05-10 16:35:00,TSCO
199.08,199.14,198.88,198.91,2901,2021-05-10 16:36:00,TSCO
198.97,199.035,198.92,199.035,600,2021-05-10 16:37:00,TSCO
199.02,199.06,199.02,199.05,400,2021-05-10 16:38:00,TSCO
199.06,199.12,199.06,199.12,852,2021-05-10 16:39:00,TSCO
199.14,199.14,199.13,199.13,300,2021-05-10 16:40:00,TSCO
199.2,199.2,199.19,199.19,700,2021-05-10 16:41:00,TSCO
199.1387,199.22,199.1387,199.16,600,2021-05-10 16:42:00,TSCO
199.11,199.14,199.09,199.14,600,2021-05-10 16:43:00,TSCO
199.11,199.12,198.95,198.95,3090,2021-05-10 16:44:00,TSCO
199.03,199.08,199.03,199.08,463,2021-05-10 16:45:00,TSCO
199.09,199.13,198.95,198.95,1800,2021-05-10 16:46:00,TSCO
198.9,198.95,198.88,198.88,500,2021-05-10 16:47:00,TSCO
198.9208,198.94,198.9208,198.94,939,2021-05-10 16:48:00,TSCO
198.97,198.97,198.97,198.97,100,2021-05-10 16:49:00,TSCO
198.925,199.0,198.88,198.97,890,2021-05-10 16:50:00,TSCO
199.1,199.1,199.07,199.1,700,2021-05-10 16:51:00,TSCO
199.06,199.06,198.89,198.93,1400,2021-05-10 16:52:00,TSCO
199.0,199.0,199.0,199.0,100,2021-05-10 16:53:00,TSCO
199.07,199.07,199.03,199.03,300,2021-05-10 16:54:00,TSCO
199.07,199.07,199.07,199.07,100,2021-05-10 16:55:00,TSCO
199.035,199.035,198.73,198.73,1300,2021-05-10 16:56:00,TSCO
198.8,198.8899,198.73,198.73,900,2021-05-10 16:57:00,TSCO
198.8453,198.8453,198.826,198.826,308,2021-05-10 16:58:00,TSCO
198.79,198.96,198.79,198.94,700,2021-05-10 16:59:00,TSCO
199.0,199.1,198.95,199.1,1201,2021-05-10 17:00:00,TSCO
199.02,199.08,198.9,198.9,1229,2021-05-10 17:01:00,TSCO
199.0,199.06,199.0,199.005,409,2021-05-10 17:02:00,TSCO
199.01,199.06,199.005,199.005,700,2021-05-10 17:03:00,TSCO
199.045,199.045,199.0,199.01,3400,2021-05-10 17:04:00,TSCO
199.0222,199.0222,198.93,198.96,1355,2021-05-10 17:05:00,TSCO
198.98,198.98,198.98,198.98,300,2021-05-10 17:06:00,TSCO
198.93,198.93,198.93,198.93,300,2021-05-10 17:07:00,TSCO
198.93,198.95,198.86,198.916,900,2021-05-10 17:08:00,TSCO
198.88,198.97,198.88,198.96,878,2021-05-10 17:09:00,TSCO
199.02,199.03,199.02,199.03,200,2021-05-10 17:10:00,TSCO
199.01,199.05,199.01,199.05,300,2021-05-10 17:11:00,TSCO
198.97,198.97,198.91,198.91,900,2021-05-10 17:12:00,TSCO
198.845,198.845,198.845,198.845,100,2021-05-10 17:13:00,TSCO
198.82,198.82,198.82,198.82,100,2021-05-10 17:14:00,TSCO
198.84,198.91,198.84,198.91,600,2021-05-10 17:15:00,TSCO
198.93,199.0,198.9001,198.92,1800,2021-05-10 17:16:00,TSCO
198.87,198.87,198.75,198.78,1225,2021-05-10 17:17:00,TSCO
198.775,198.775,198.64,198.64,510,2021-05-10 17:18:00,TSCO
198.58,198.6,198.58,198.6,300,2021-05-10 17:19:00,TSCO
198.74,198.74,198.74,198.74,300,2021-05-10 17:21:00,TSCO
198.7399,198.7399,198.68,198.68,300,2021-05-10 17:22:00,TSCO
198.685,198.77,198.685,198.77,600,2021-05-10 17:23:00,TSCO
198.695,198.75,198.695,198.75,400,2021-05-10 17:24:00,TSCO
198.7,198.87,198.7,198.74,2310,2021-05-10 17:25:00,TSCO
198.79,198.82,198.79,198.82,500,2021-05-10 17:26:00,TSCO
198.74,198.8,198.66,198.67,1000,2021-05-10 17:27:00,TSCO
198.62,198.62,198.62,198.62,100,2021-05-10 17:28:00,TSCO
198.41,198.41,197.8,197.805,8926,2021-05-10 17:30:00,TSCO
197.79,197.945,197.79,197.945,1385,2021-05-10 17:31:00,TSCO
198.17,198.17,197.99,198.135,1738,2021-05-10 17:33:00,TSCO
198.16,198.25,198.16,198.25,2157,2021-05-10 17:35:00,TSCO
198.3826,198.39,198.26,198.3729,978,2021-05-10 17:36:00,TSCO
198.345,198.345,198.17,198.17,2436,2021-05-10 17:37:00,TSCO
198.235,198.2356,198.15,198.15,2296,2021-05-10 17:38:00,TSCO
198.2,198.23,198.07,198.07,1773,2021-05-10 17:39:00,TSCO
198.16,198.16,197.81,197.81,3953,2021-05-10 17:40:00,TSCO
197.81,197.82,197.81,197.82,400,2021-05-10 17:41:00,TSCO
197.93,197.955,197.79,197.79,817,2021-05-10 17:42:00,TSCO
197.76,197.78,197.76,197.78,200,2021-05-10 17:43:00,TSCO
197.9,197.9,197.5,197.62,4479,2021-05-10 17:44:00,TSCO
197.73,197.75,197.73,197.74,700,2021-05-10 17:45:00,TSCO
197.85,197.87,197.77,197.77,500,2021-05-10 17:46:00,TSCO
197.835,197.92,197.78,197.85,726,2021-05-10 17:47:00,TSCO
197.85,198.01,197.85,198.01,1200,2021-05-10 17:48:00,TSCO
197.94,198.0,197.78,197.81,3800,2021-05-10 17:49:00,TSCO
197.95,197.96,197.85,197.96,900,2021-05-10 17:50:00,TSCO
197.85,197.96,197.85,197.96,400,2021-05-10 17:51:00,TSCO
197.96,198.0,197.95,198.0,1000,2021-05-10 17:52:00,TSCO
197.98,198.01,197.9,197.96,800,2021-05-10 17:53:00,TSCO
198.01,198.01,197.91,197.91,600,2021-05-10 17:54:00,TSCO
198.01,198.04,197.77,197.77,1500,2021-05-10 17:55:00,TSCO
197.81,197.82,197.81,197.82,200,2021-05-10 17:56:00,TSCO
197.75,197.75,197.75,197.75,400,2021-05-10 17:57:00,TSCO
197.79,197.9,197.79,197.81,1000,2021-05-10 17:58:00,TSCO
197.735,197.735,197.57,197.57,1500,2021-05-10 17:59:00,TSCO
197.58,197.62,197.52,197.57,1300,2021-05-10 18:00:00,TSCO
197.64,197.7633,197.54,197.7633,600,2021-05-10 18:01:00,TSCO
197.54,197.78,197.54,197.69,5367,2021-05-10 18:02:00,TSCO
197.72,197.84,197.6,197.84,1600,2021-05-10 18:03:00,TSCO
197.92,197.943,197.77,197.77,700,2021-05-10 18:04:00,TSCO
197.73,197.81,197.67,197.76,1800,2021-05-10 18:05:00,TSCO
197.81,197.81,197.73,197.79,593,2021-05-10 18:06:00,TSCO
197.7,197.72,197.54,197.64,1900,2021-05-10 18:07:00,TSCO
197.68,197.76,197.62,197.76,800,2021-05-10 18:08:00,TSCO
197.69,197.72,197.6,197.6241,4789,2021-05-10 18:09:00,TSCO
197.71,197.72,197.59,197.59,1101,2021-05-10 18:10:00,TSCO
197.59,197.59,197.38,197.43,1800,2021-05-10 18:11:00,TSCO
197.33,197.375,197.17,197.375,1500,2021-05-10 18:12:00,TSCO
197.42,197.43,197.32,197.32,700,2021-05-10 18:13:00,TSCO
197.33,197.33,197.21,197.21,1200,2021-05-10 18:14:00,TSCO
197.17,197.215,196.99,196.99,1400,2021-05-10 18:15:00,TSCO
197.06,197.1,196.96,197.03,1200,2021-05-10 18:16:00,TSCO
197.1,197.16,196.87,196.98,1300,2021-05-10 18:17:00,TSCO
197.05,197.16,197.05,197.115,847,2021-05-10 18:18:00,TSCO
196.98,197.13,196.98,197.13,800,2021-05-10 18:19:00,TSCO
197.12,197.19,197.08,197.19,500,2021-05-10 18:20:00,TSCO
197.08,197.08,197.08,197.08,200,2021-05-10 18:21:00,TSCO
197.06,197.06,196.86,196.86,1200,2021-05-10 18:22:00,TSCO
196.88,197.0,196.84,197.0,1127,2021-05-10 18:23:00,TSCO
197.08,197.08,197.08,197.08,300,2021-05-10 18:24:00,TSCO
197.29,197.29,197.13,197.28,500,2021-05-10 18:25:00,TSCO
197.24,197.24,197.24,197.24,300,2021-05-10 18:26:00,TSCO
197.19,197.23,197.18,197.2,500,2021-05-10 18:27:00,TSCO
197.25,197.25,197.08,197.09,1200,2021-05-10 18:28:00,TSCO
197.09,197.17,197.01,197.13,1274,2021-05-10 18:29:00,TSCO
197.07,197.07,196.85,196.85,1400,2021-05-10 18:30:00,TSCO
196.84,196.84,196.84,196.84,100,2021-05-10 18:31:00,TSCO
196.88,196.88,196.77,196.77,2315,2021-05-10 18:32:00,TSCO
196.87,196.87,196.81,196.81,400,2021-05-10 18:33:00,TSCO
196.95,197.035,196.95,197.035,1200,2021-05-10 18:34:00,TSCO
197.03,197.03,196.84,196.84,500,2021-05-10 18:35:00,TSCO
196.92,197.1,196.9,197.1,800,2021-05-10 18:36:00,TSCO
197.08,197.17,197.08,197.08,400,2021-05-10 18:37:00,TSCO
197.07,197.22,197.03,197.2,1100,2021-05-10 18:38:00,TSCO
197.01,197.13,196.93,196.93,700,2021-05-10 18:39:00,TSCO
196.99,197.1,196.86,196.96,1600,2021-05-10 18:40:00,TSCO
196.86,196.86,196.53,196.63,1400,2021-05-10 18:41:00,TSCO
196.69,196.74,196.69,196.74,500,2021-05-10 18:42:00,TSCO
196.6,196.8,196.6,196.655,500,2021-05-10 18:43:00,TSCO
196.54,196.57,196.54,196.57,200,2021-05-10 18:44:00,TSCO
196.72,196.72,196.68,196.68,200,2021-05-10 18:46:00,TSCO
196.5501,196.5501,196.41,196.42,1000,2021-05-10 18:47:00,TSCO
196.4,196.41,196.4,196.41,300,2021-05-10 18:48:00,TSCO
196.44,196.615,196.44,196.58,2700,2021-05-10 18:49:00,TSCO
196.345,196.38,196.08,196.16,5034,2021-05-10 18:51:00,TSCO
196.07,196.22,196.07,196.22,448,2021-05-10 18:52:00,TSCO
196.14,196.18,196.105,196.18,1100,2021-05-10 18:53:00,TSCO
196.26,196.31,196.17,196.17,500,2021-05-10 18:54:00,TSCO
196.31,196.31,195.74,195.74,2464,2021-05-10 18:55:00,TSCO
195.895,196.2,195.895,196.15,1400,2021-05-10 18:56:00,TSCO
196.17,196.28,196.17,196.28,200,2021-05-10 18:58:00,TSCO
196.26,196.4,196.26,196.4,400,2021-05-10 18:59:00,TSCO
196.38,196.4,196.24,196.35,700,2021-05-10 19:00:00,TSCO
196.4713,196.4713,196.47,196.47,236,2021-05-10 19:02:00,TSCO
196.43,196.47,196.4,196.4,700,2021-05-10 19:03:00,TSCO
196.32,196.53,196.3,196.35,1491,2021-05-10 19:04:00,TSCO
196.27,196.27,196.27,196.27,100,2021-05-10 19:06:00,TSCO
196.17,196.3,196.17,196.28,600,2021-05-10 19:07:00,TSCO
196.3781,196.3781,196.29,196.34,348,2021-05-10 19:08:00,TSCO
196.35,196.43,196.33,196.43,1000,2021-05-10 19:09:00,TSCO
196.4516,196.5299,196.4,196.5299,600,2021-05-10 19:10:00,TSCO
196.47,196.47,196.45,196.45,400,2021-05-10 19:11:00,TSCO
196.4,196.48,196.4,196.48,600,2021-05-10 19:12:00,TSCO
196.42,196.42,196.42,196.42,100,2021-05-10 19:13:00,TSCO
196.43,196.43,196.43,196.43,100,2021-05-10 19:14:00,TSCO
196.35,196.35,196.26,196.3299,800,2021-05-10 19:15:00,TSCO
196.27,196.27,196.25,196.25,532,2021-05-10 19:16:00,TSCO
196.25,196.38,196.25,196.38,1400,2021-05-10 19:17:00,TSCO
196.48,196.48,196.48,196.48,100,2021-05-10 19:18:00,TSCO
196.47,196.47,196.22,196.25,3100,2021-05-10 19:19:00,TSCO
196.18,196.21,196.1,196.21,2696,2021-05-10 19:20:00,TSCO
196.15,196.15,196.15,196.15,100,2021-05-10 19:21:00,TSCO
196.15,196.15,196.08,196.13,900,2021-05-10 19:22:00,TSCO
196.14,196.14,196.1,196.1,400,2021-05-10 19:23:00,TSCO
196.06,196.16,195.98,196.04,1600,2021-05-10 19:24:00,TSCO
196.08,196.15,196.07,196.12,2419,2021-05-10 19:25:00,TSCO
196.08,196.18,196.08,196.12,816,2021-05-10 19:26:00,TSCO
196.1,196.13,196.0,196.01,3920,2021-05-10 19:27:00,TSCO
196.01,196.1,195.83,195.9,3741,2021-05-10 19:28:00,TSCO
195.915,195.99,195.83,195.9012,1910,2021-05-10 19:29:00,TSCO
195.94,196.03,195.94,195.98,1320,2021-05-10 19:30:00,TSCO
196.0457,196.0457,195.94,195.98,607,2021-05-10 19:31:00,TSCO
196.06,196.27,196.04,196.27,2500,2021-05-10 19:32:00,TSCO
196.36,196.36,196.23,196.36,1315,2021-05-10 19:33:00,TSCO
196.46,196.58,196.45,196.58,1000,2021-05-10 19:34:00,TSCO
196.58,196.645,196.38,196.46,3000,2021-05-10 19:35:00,TSCO
196.46,196.52,196.46,196.49,800,2021-05-10 19:36:00,TSCO
196.5,196.51,196.42,196.42,1200,2021-05-10 19:37:00,TSCO
196.38,196.44,196.32,196.435,3726,2021-05-10 19:38:00,TSCO
196.42,196.49,196.4,196.47,5915,2021-05-10 19:39:00,TSCO
196.43,196.52,196.43,196.46,510,2021-05-10 19:40:00,TSCO
196.49,196.63,196.44,196.63,2223,2021-05-10 19:41:00,TSCO
196.63,196.63,196.54,196.54,600,2021-05-10 19:42:00,TSCO
196.5,196.55,196.49,196.52,1000,2021-05-10 19:43:00,TSCO
196.57,196.58,196.37,196.37,3400,2021-05-10 19:44:00,TSCO
196.36,196.46,196.33,196.38,1805,2021-05-10 19:45:00,TSCO
196.35,196.38,195.91,195.91,4311,2021-05-10 19:46:00,TSCO
195.97,195.99,195.95,195.95,1600,2021-05-10 19:47:00,TSCO
195.91,195.936,195.785,195.87,985,2021-05-10 19:48:00,TSCO
195.9,196.235,195.79,196.235,2811,2021-05-10 19:49:00,TSCO
196.23,196.23,195.88,195.89,900,2021-05-10 19:50:00,TSCO
195.86,195.92,195.71,195.82,2913,2021-05-10 19:51:00,TSCO
195.77,195.92,195.77,195.8,1000,2021-05-10 19:52:00,TSCO
195.77,195.98,195.72,195.96,3104,2021-05-10 19:53:00,TSCO
196.01,196.08,195.85,195.85,3316,2021-05-10 19:54:00,TSCO
195.92,195.92,195.66,195.815,7100,2021-05-10 19:55:00,TSCO
195.855,195.855,195.74,195.74,3942,2021-05-10 19:56:00,TSCO
195.72,195.72,195.5,195.67,7064,2021-05-10 19:57:00,TSCO
195.67,195.67,195.48,195.48,5169,2021-05-10 19:58:00,TSCO
195.52,195.795,195.45,195.77,19129,2021-05-10 19:59:00,TSCO
195.7,195.7,195.7,195.7,55194,2021-05-10 20:00:00,TSCO
195.7,195.7,195.7,195.7,2148,2021-05-10 20:02:00,TSCO
194.0,194.0,194.0,194.0,465,2021-05-11 12:23:00,TSCO
193.0,193.0,193.0,193.0,123,2021-05-11 12:55:00,TSCO
193.0,193.0,192.97,192.97,344,2021-05-11 13:15:00,TSCO
193.9,193.9,193.9,193.9,100,2021-05-11 13:29:00,TSCO
194.38,194.63,193.75,194.33,11464,2021-05-11 13:30:00,TSCO
194.59,194.59,194.115,194.115,200,2021-05-11 13:31:00,TSCO
194.125,194.135,193.02,193.3,15386,2021-05-11 13:32:00,TSCO
193.04,193.5626,192.52,193.19,7827,2021-05-11 13:33:00,TSCO
192.98,193.37,192.79,193.11,20401,2021-05-11 13:34:00,TSCO
193.05,193.34,192.83,193.26,14989,2021-05-11 13:35:00,TSCO
193.26,193.5,192.98,192.98,11735,2021-05-11 13:36:00,TSCO
193.31,193.45,193.19,193.28,1600,2021-05-11 13:37:00,TSCO
193.3,193.45,192.92,193.345,11875,2021-05-11 13:38:00,TSCO
193.43,193.575,193.07,193.3916,52800,2021-05-11 13:39:00,TSCO
193.544,193.74,193.405,193.405,400,2021-05-11 13:40:00,TSCO
193.62,194.0104,193.38,194.0104,1561,2021-05-11 13:41:00,TSCO
194.18,194.69,193.925,194.375,2879,2021-05-11 13:42:00,TSCO
194.46,194.4899,194.21,194.21,1045,2021-05-11 13:43:00,TSCO
194.2201,194.54,194.08,194.54,3900,2021-05-11 13:44:00,TSCO
193.99,193.99,193.4538,193.4538,918,2021-05-11 13:45:00,TSCO
193.4,194.64,193.39,194.64,5440,2021-05-11 13:46:00,TSCO
194.29,194.72,194.21,194.36,613,2021-05-11 13:47:00,TSCO
194.52,194.7899,194.36,194.7899,1025,2021-05-11 13:48:00,TSCO
194.62,194.69,194.43,194.69,2105,2021-05-11 13:49:00,TSCO
194.55,194.78,194.35,194.35,1436,2021-05-11 13:50:00,TSCO
194.31,194.4158,194.18,194.4158,902,2021-05-11 13:51:00,TSCO
194.265,194.265,193.79,194.0,2400,2021-05-11 13:52:00,TSCO
194.37,194.4,194.08,194.09,1390,2021-05-11 13:53:00,TSCO
194.085,194.085,193.78,193.78,904,2021-05-11 13:54:00,TSCO
193.51,193.8,193.32,193.475,3675,2021-05-11 13:55:00,TSCO
193.75,194.16,193.75,194.16,950,2021-05-11 13:56:00,TSCO
193.7873,194.1065,193.7873,193.935,602,2021-05-11 13:57:00,TSCO
194.01,194.19,193.99,193.99,4805,2021-05-11 13:58:00,TSCO
194.03,194.23,193.99,194.0,7500,2021-05-11 13:59:00,TSCO
194.05,194.2,193.96,194.0,22779,2021-05-11 14:00:00,TSCO
194.1,194.265,193.94,193.97,8300,2021-05-11 14:01:00,TSCO
194.0,194.08,193.48,193.56,15114,2021-05-11 14:02:00,TSCO
193.51,193.62,193.25,193.25,5080,2021-05-11 14:03:00,TSCO
193.53,193.675,193.5,193.52,600,2021-05-11 14:04:00,TSCO
193.37,193.37,193.325,193.325,450,2021-05-11 14:05:00,TSCO
193.33,193.3997,193.18,193.18,500,2021-05-11 14:06:00,TSCO
193.34,193.39,192.79,193.1095,2319,2021-05-11 14:07:00,TSCO
192.62,192.72,192.29,192.43,33540,2021-05-11 14:08:00,TSCO
192.27,192.37,191.69,191.69,2890,2021-05-11 14:09:00,TSCO
191.9,191.9,191.12,191.12,19167,2021-05-11 14:10:00,TSCO
191.13,191.47,191.13,191.39,1500,2021-05-11 14:11:00,TSCO
191.38,191.6,191.18,191.25,3432,2021-05-11 14:12:00,TSCO
191.24,191.24,190.08,190.5,9826,2021-05-11 14:13:00,TSCO
190.33,190.57,190.03,190.175,19253,2021-05-11 14:14:00,TSCO
190.21,190.27,189.71,189.915,4965,2021-05-11 14:15:00,TSCO
189.71,189.95,189.08,189.825,15918,2021-05-11 14:16:00,TSCO
189.67,190.2,189.465,189.79,12250,2021-05-11 14:17:00,TSCO
189.805,189.88,189.62,189.62,410,2021-05-11 14:18:00,TSCO
189.875,190.0,189.61,189.81,4235,2021-05-11 14:19:00,TSCO
189.8299,190.0,189.58,189.835,5674,2021-05-11 14:20:00,TSCO
189.795,189.84,189.15,189.37,37229,2021-05-11 14:21:00,TSCO
189.47,190.18,189.28,189.91,3700,2021-05-11 14:22:00,TSCO
190.08,190.08,189.44,189.74,3797,2021-05-11 14:23:00,TSCO
189.59,189.97,189.58,189.58,5698,2021-05-11 14:24:00,TSCO
189.43,189.59,188.76,188.84,10726,2021-05-11 14:25:00,TSCO
189.0,189.19,188.99,188.99,3323,2021-05-11 14:26:00,TSCO
188.99,189.04,188.77,189.0,2271,2021-05-11 14:27:00,TSCO
188.98,189.1,188.81,189.0,1218,2021-05-11 14:28:00,TSCO
188.915,189.2,188.915,189.01,1200,2021-05-11 14:29:00,TSCO
189.19,189.19,188.75,188.9,900,2021-05-11 14:30:00,TSCO
188.93,189.055,188.93,189.055,607,2021-05-11 14:31:00,TSCO
188.96,188.96,188.895,188.895,201,2021-05-11 14:32:00,TSCO
189.01,189.01,188.76,188.76,1300,2021-05-11 14:33:00,TSCO
188.865,189.16,188.865,189.11,3910,2021-05-11 14:34:00,TSCO
189.16,189.16,188.9,188.9,630,2021-05-11 14:35:00,TSCO
188.99,188.99,188.9,188.9,400,2021-05-11 14:36:00,TSCO
188.97,188.98,188.9,188.954,1200,2021-05-11 14:37:00,TSCO
189.02,189.9,189.0,189.67,6300,2021-05-11 14:38:00,TSCO
189.7234,189.87,189.62,189.67,842,2021-05-11 14:39:00,TSCO
189.705,189.705,189.6397,189.7,15980,2021-05-11 14:40:00,TSCO
189.71,189.71,189.55,189.55,1220,2021-05-11 14:41:00,TSCO
189.4651,189.53,189.4115,189.4115,400,2021-05-11 14:42:00,TSCO
189.41,189.42,189.005,189.005,1600,2021-05-11 14:43:00,TSCO
189.14,189.29,189.14,189.29,400,2021-05-11 14:44:00,TSCO
189.29,189.32,189.165,189.19,1011,2021-05-11 14:45:00,TSCO
189.04,189.06,188.96,189.06,970,2021-05-11 14:46:00,TSCO
189.31,189.43,189.11,189.43,1245,2021-05-11 14:47:00,TSCO
189.11,189.215,189.11,189.15,700,2021-05-11 14:48:00,TSCO
189.155,189.29,189.02,189.275,900,2021-05-11 14:49:00,TSCO
189.29,189.29,189.29,189.29,100,2021-05-11 14:50:00,TSCO
189.29,189.39,189.115,189.115,14068,2021-05-11 14:51:00,TSCO
189.19,189.19,189.01,189.05,1000,2021-05-11 14:52:00,TSCO
189.2,189.26,189.1,189.1,601,2021-05-11 14:53:00,TSCO
189.14,189.28,189.04,189.12,5625,2021-05-11 14:54:00,TSCO
189.06,189.06,188.99,188.99,390,2021-05-11 14:55:00,TSCO
189.1,189.255,189.1,189.255,505,2021-05-11 14:56:00,TSCO
189.42,189.48,189.34,189.34,1050,2021-05-11 14:57:00,TSCO
189.43,189.435,189.355,189.355,400,2021-05-11 14:58:00,TSCO
189.43,189.45,189.385,189.425,830,2021-05-11 14:59:00,TSCO
189.34,189.415,189.33,189.365,700,2021-05-11 15:00:00,TSCO
189.44,189.44,188.83,188.83,5476,2021-05-11 15:01:00,TSCO
188.74,188.88,188.51,188.82,2401,2021-05-11 15:02:00,TSCO
188.91,188.9612,188.815,188.9612,400,2021-05-11 15:03:00,TSCO
188.76,188.76,188.76,188.76,100,2021-05-11 15:04:00,TSCO
188.865,188.89,188.65,188.7,2273,2021-05-11 15:05:00,TSCO
188.98,189.245,188.96,189.245,1372,2021-05-11 15:06:00,TSCO
189.26,189.685,189.26,189.685,1312,2021-05-11 15:08:00,TSCO
189.91,189.91,189.75,189.75,1365,2021-05-11 15:09:00,TSCO
189.65,189.65,189.46,189.52,1100,2021-05-11 15:10:00,TSCO
189.6083,189.6083,189.53,189.53,300,2021-05-11 15:11:00,TSCO
189.65,189.65,189.46,189.46,550,2021-05-11 15:12:00,TSCO
189.49,189.56,189.36,189.54,3181,2021-05-11 15:13:00,TSCO
189.52,189.77,189.52,189.72,1600,2021-05-11 15:14:00,TSCO
189.69,189.69,189.52,189.52,820,2021-05-11 15:15:00,TSCO
189.505,189.505,189.42,189.42,300,2021-05-11 15:16:00,TSCO
189.41,189.62,189.305,189.62,600,2021-05-11 15:17:00,TSCO
189.72,190.12,189.67,190.12,916,2021-05-11 15:18:00,TSCO
190.38,190.38,190.12,190.32,1488,2021-05-11 15:19:00,TSCO
190.39,190.56,190.39,190.56,812,2021-05-11 15:20:00,TSCO
190.35,190.35,190.31,190.31,905,2021-05-11 15:21:00,TSCO
190.18,190.2387,190.1,190.19,600,2021-05-11 15:22:00,TSCO
190.1,190.2205,190.1,190.15,1755,2021-05-11 15:23:00,TSCO
190.135,190.135,190.07,190.07,914,2021-05-11 15:24:00,TSCO
190.1352,190.22,190.1352,190.22,517,2021-05-11 15:25:00,TSCO
190.32,190.52,190.24,190.52,1600,2021-05-11 15:26:00,TSCO
190.49,190.5078,190.4,190.4,800,2021-05-11 15:27:00,TSCO
190.42,190.42,190.03,190.29,1564,2021-05-11 15:28:00,TSCO
190.21,190.61,190.21,190.61,3420,2021-05-11 15:29:00,TSCO
190.59,190.59,190.5,190.5,800,2021-05-11 15:30:00,TSCO
190.5207,190.67,190.5207,190.56,800,2021-05-11 15:31:00,TSCO
190.51,190.58,190.51,190.58,200,2021-05-11 15:32:00,TSCO
190.609,190.609,190.57,190.6,1898,2021-05-11 15:33:00,TSCO
190.63,190.91,190.625,190.625,7855,2021-05-11 15:34:00,TSCO
190.7,190.72,190.62,190.68,700,2021-05-11 15:35:00,TSCO
190.61,190.83,190.525,190.83,882,2021-05-11 15:36:00,TSCO
190.91,190.96,190.67,190.67,3200,2021-05-11 15:37:00,TSCO
190.72,190.94,190.72,190.86,1400,2021-05-11 15:38:00,TSCO
190.86,190.94,190.67,190.72,1100,2021-05-11 15:39:00,TSCO
190.72,190.72,190.46,190.46,1200,2021-05-11 15:40:00,TSCO
190.4751,190.54,190.39,190.54,896,2021-05-11 15:41:00,TSCO
190.48,190.48,190.38,190.38,800,2021-05-11 15:42:00,TSCO
190.37,190.37,190.12,190.28,6673,2021-05-11 15:43:00,TSCO
190.13,190.13,190.13,190.13,100,2021-05-11 15:44:00,TSCO
190.1019,190.1019,189.87,189.87,2366,2021-05-11 15:45:00,TSCO
189.9255,190.23,189.9255,189.98,2100,2021-05-11 15:46:00,TSCO
190.17,190.33,190.07,190.33,1800,2021-05-11 15:47:00,TSCO
190.35,190.74,190.35,190.74,1400,2021-05-11 15:48:00,TSCO
190.59,190.6973,190.52,190.6973,2393,2021-05-11 15:49:00,TSCO
190.69,190.94,190.63,190.94,2400,2021-05-11 15:50:00,TSCO
190.83,190.83,190.76,190.77,1599,2021-05-11 15:51:00,TSCO
190.6709,190.7,190.625,190.7,1405,2021-05-11 15:52:00,TSCO
190.745,190.76,190.645,190.76,800,2021-05-11 15:53:00,TSCO
190.76,190.87,190.76,190.87,300,2021-05-11 15:54:00,TSCO
191.17,191.17,191.06,191.06,499,2021-05-11 15:55:00,TSCO
191.04,191.04,190.96,190.96,200,2021-05-11 15:56:00,TSCO
190.8,190.91,190.8,190.91,210,2021-05-11 15:57:00,TSCO
190.99,190.99,190.78,190.78,500,2021-05-11 15:58:00,TSCO
190.75,190.75,190.75,190.75,100,2021-05-11 15:59:00,TSCO
190.56,190.56,190.37,190.37,300,2021-05-11 16:00:00,TSCO
190.39,190.64,190.39,190.63,2162,2021-05-11 16:01:00,TSCO
190.62,190.68,190.62,190.635,441,2021-05-11 16:03:00,TSCO
190.57,190.57,190.56,190.56,500,2021-05-11 16:04:00,TSCO
190.68,190.72,190.51,190.56,1200,2021-05-11 16:05:00,TSCO
190.65,190.73,190.65,190.65,750,2021-05-11 16:06:00,TSCO
190.67,190.67,190.48,190.485,700,2021-05-11 16:07:00,TSCO
190.435,190.435,190.435,190.435,188,2021-05-11 16:08:00,TSCO
190.5075,190.54,190.41,190.475,900,2021-05-11 16:09:00,TSCO
190.28,190.48,190.195,190.48,2200,2021-05-11 16:10:00,TSCO
190.37,190.4,190.3207,190.33,1200,2021-05-11 16:11:00,TSCO
190.33,190.5065,190.2513,190.5065,3748,2021-05-11 16:12:00,TSCO
190.505,190.56,190.49,190.495,2266,2021-05-11 16:13:00,TSCO
190.45,190.49,190.45,190.49,784,2021-05-11 16:14:00,TSCO
190.5294,190.58,190.5294,190.56,873,2021-05-11 16:15:00,TSCO
190.6284,190.6284,190.58,190.58,871,2021-05-11 16:16:00,TSCO
190.515,190.65,190.515,190.55,900,2021-05-11 16:17:00,TSCO
190.45,190.48,190.36,190.36,601,2021-05-11 16:18:00,TSCO
190.42,190.53,190.35,190.53,872,2021-05-11 16:19:00,TSCO
190.47,190.49,190.46,190.46,300,2021-05-11 16:20:00,TSCO
190.38,190.385,190.38,190.385,400,2021-05-11 16:21:00,TSCO
190.28,190.35,190.269,190.305,1320,2021-05-11 16:22:00,TSCO
190.305,190.43,190.26,190.26,1725,2021-05-11 16:23:00,TSCO
190.25,190.25,190.245,190.245,200,2021-05-11 16:24:00,TSCO
190.2,190.2054,190.2,190.2054,205,2021-05-11 16:25:00,TSCO
190.14,190.18,190.13,190.13,300,2021-05-11 16:27:00,TSCO
190.25,190.26,190.25,190.26,200,2021-05-11 16:28:00,TSCO
190.23,190.23,190.17,190.21,500,2021-05-11 16:29:00,TSCO
190.14,190.14,189.98,189.98,500,2021-05-11 16:30:00,TSCO
190.05,190.16,189.89,190.12,2000,2021-05-11 16:31:00,TSCO
190.2,190.2,190.01,190.1,1200,2021-05-11 16:34:00,TSCO
190.18,190.18,190.18,190.18,100,2021-05-11 16:35:00,TSCO
190.18,190.4064,190.095,190.4064,2276,2021-05-11 16:36:00,TSCO
190.545,190.7767,190.49,190.7767,502,2021-05-11 16:37:00,TSCO
190.84,191.06,190.68,190.68,668,2021-05-11 16:38:00,TSCO
190.67,190.89,190.67,190.89,500,2021-05-11 16:39:00,TSCO
190.71,190.86,190.51,190.69,900,2021-05-11 16:40:00,TSCO
190.64,190.64,190.59,190.64,700,2021-05-11 16:41:00,TSCO
190.5,190.5,190.4,190.4,400,2021-05-11 16:42:00,TSCO
190.42,190.42,190.29,190.29,200,2021-05-11 16:43:00,TSCO
190.185,190.28,190.13,190.17,3400,2021-05-11 16:44:00,TSCO
190.27,190.36,190.26,190.26,800,2021-05-11 16:46:00,TSCO
190.08,190.08,190.08,190.08,100,2021-05-11 16:47:00,TSCO
190.13,190.13,190.04,190.065,300,2021-05-11 16:49:00,TSCO
189.99,189.99,189.99,189.99,100,2021-05-11 16:50:00,TSCO
189.9401,189.97,189.87,189.87,500,2021-05-11 16:51:00,TSCO
189.77,189.87,189.75,189.75,900,2021-05-11 16:52:00,TSCO
189.73,189.73,189.55,189.6112,1127,2021-05-11 16:53:00,TSCO
189.42,189.45,189.26,189.35,1300,2021-05-11 16:54:00,TSCO
189.34,189.46,189.34,189.46,500,2021-05-11 16:55:00,TSCO
189.45,189.57,189.34,189.5,1649,2021-05-11 16:56:00,TSCO
189.4,189.4929,189.4,189.4929,500,2021-05-11 16:57:00,TSCO
189.52,189.53,189.43,189.43,506,2021-05-11 16:58:00,TSCO
189.4088,189.61,189.4088,189.52,1000,2021-05-11 16:59:00,TSCO
189.4452,189.4452,189.4452,189.4452,171,2021-05-11 17:00:00,TSCO
189.47,189.53,189.41,189.41,500,2021-05-11 17:01:00,TSCO
189.41,189.54,189.41,189.54,700,2021-05-11 17:02:00,TSCO
189.56,189.7,189.56,189.595,900,2021-05-11 17:03:00,TSCO
189.61,189.7,189.61,189.7,500,2021-05-11 17:04:00,TSCO
189.84,189.91,189.58,189.6503,2069,2021-05-11 17:05:00,TSCO
189.57,189.57,189.46,189.46,200,2021-05-11 17:06:00,TSCO
189.57,189.61,189.53,189.53,549,2021-05-11 17:07:00,TSCO
189.57,189.57,189.405,189.405,500,2021-05-11 17:08:00,TSCO
189.52,189.59,189.465,189.59,608,2021-05-11 17:09:00,TSCO
189.67,189.83,189.6,189.725,900,2021-05-11 17:10:00,TSCO
189.505,189.505,189.505,189.505,100,2021-05-11 17:11:00,TSCO
189.54,189.545,189.54,189.545,200,2021-05-11 17:12:00,TSCO
189.43,189.53,189.29,189.3,800,2021-05-11 17:15:00,TSCO
189.34,189.45,189.34,189.36,500,2021-05-11 17:17:00,TSCO
189.53,189.74,189.52,189.74,900,2021-05-11 17:18:00,TSCO
189.58,189.58,189.58,189.58,101,2021-05-11 17:19:00,TSCO
189.58,189.74,189.58,189.72,900,2021-05-11 17:21:00,TSCO
189.58,189.59,189.5201,189.5201,700,2021-05-11 17:22:00,TSCO
189.555,189.63,189.555,189.63,400,2021-05-11 17:23:00,TSCO
189.66,189.69,189.55,189.605,2100,2021-05-11 17:24:00,TSCO
189.62,189.68,189.62,189.65,600,2021-05-11 17:25:00,TSCO
189.71,189.72,189.63,189.63,600,2021-05-11 17:27:00,TSCO
189.59,189.59,189.59,189.59,100,2021-05-11 17:28:00,TSCO
189.74,189.9614,189.69,189.92,5250,2021-05-11 17:29:00,TSCO
190.02,190.1,189.78,189.78,901,2021-05-11 17:30:00,TSCO
189.745,189.745,189.745,189.745,100,2021-05-11 17:31:00,TSCO
189.77,189.77,189.77,189.77,200,2021-05-11 17:32:00,TSCO
189.76,189.85,189.76,189.85,1000,2021-05-11 17:33:00,TSCO
189.77,189.7906,189.74,189.74,816,2021-05-11 17:34:00,TSCO
189.785,189.785,189.785,189.785,200,2021-05-11 17:36:00,TSCO
189.83,189.83,189.83,189.83,200,2021-05-11 17:38:00,TSCO
189.87,190.11,189.83,190.11,1000,2021-05-11 17:39:00,TSCO
190.02,190.08,189.84,189.98,1300,2021-05-11 17:40:00,TSCO
190.02,190.02,190.0,190.01,400,2021-05-11 17:41:00,TSCO
190.12,190.2206,190.12,190.13,435,2021-05-11 17:42:00,TSCO
190.17,190.19,190.17,190.19,200,2021-05-11 17:43:00,TSCO
190.19,190.3,190.09,190.3,1052,2021-05-11 17:44:00,TSCO
190.32,190.55,190.28,190.55,3350,2021-05-11 17:45:00,TSCO
190.45,190.45,190.41,190.43,1300,2021-05-11 17:46:00,TSCO
190.405,190.49,190.405,190.49,200,2021-05-11 17:47:00,TSCO
190.42,190.46,190.32,190.32,300,2021-05-11 17:48:00,TSCO
190.345,190.38,190.21,190.38,500,2021-05-11 17:49:00,TSCO
190.44,190.44,190.44,190.44,100,2021-05-11 17:50:00,TSCO
190.36,190.36,190.15,190.29,2906,2021-05-11 17:51:00,TSCO
190.36,190.37,190.2,190.27,1000,2021-05-11 17:52:00,TSCO
190.23,190.23,190.11,190.155,2100,2021-05-11 17:53:00,TSCO
190.145,190.185,190.01,190.01,1015,2021-05-11 17:54:00,TSCO
190.13,190.21,190.13,190.21,302,2021-05-11 17:55:00,TSCO
190.22,190.22,190.145,190.17,742,2021-05-11 17:56:00,TSCO
190.26,190.28,190.26,190.28,200,2021-05-11 17:57:00,TSCO
190.37,190.37,190.21,190.21,420,2021-05-11 17:58:00,TSCO
190.34,190.34,190.27,190.27,400,2021-05-11 18:00:00,TSCO
190.3,190.36,190.23,190.29,700,2021-05-11 18:01:00,TSCO
190.4,190.4,190.29,190.36,510,2021-05-11 18:02:00,TSCO
190.31,190.37,190.25,190.27,1200,2021-05-11 18:03:00,TSCO
190.35,190.41,190.27,190.27,750,2021-05-11 18:04:00,TSCO
190.415,190.415,190.41,190.41,250,2021-05-11 18:05:00,TSCO
190.25,190.3,190.25,190.3,300,2021-05-11 18:07:00,TSCO
190.25,190.25,190.08,190.08,400,2021-05-11 18:08:00,TSCO
190.035,190.17,190.02,190.02,1301,2021-05-11 18:09:00,TSCO
190.035,190.21,190.025,190.1,5404,2021-05-11 18:10:00,TSCO
190.19,190.19,189.96,189.96,300,2021-05-11 18:11:00,TSCO
189.99,189.99,189.99,189.99,200,2021-05-11 18:12:00,TSCO
189.94,189.94,189.7,189.7,1100,2021-05-11 18:13:00,TSCO
189.75,189.83,189.72,189.72,1723,2021-05-11 18:14:00,TSCO
189.86,190.01,189.84,189.955,6399,2021-05-11 18:15:00,TSCO
190.01,190.01,189.96,189.96,600,2021-05-11 18:16:00,TSCO
189.9,189.9,189.82,189.82,300,2021-05-11 18:17:00,TSCO
189.75,189.84,189.72,189.84,700,2021-05-11 18:18:00,TSCO
189.94,189.96,189.93,189.96,400,2021-05-11 18:19:00,TSCO
190.02,190.1767,190.02,190.14,620,2021-05-11 18:20:00,TSCO
190.15,190.185,190.12,190.125,800,2021-05-11 18:21:00,TSCO
190.26,190.26,190.2,190.23,664,2021-05-11 18:22:00,TSCO
190.205,190.315,190.205,190.315,300,2021-05-11 18:23:00,TSCO
190.47,190.55,190.33,190.46,800,2021-05-11 18:24:00,TSCO
190.44,190.52,190.44,190.52,200,2021-05-11 18:25:00,TSCO
190.385,190.45,190.385,190.4,700,2021-05-11 18:26:00,TSCO
190.47,190.54,190.3,190.36,900,2021-05-11 18:27:00,TSCO
190.4,190.465,190.4,190.465,400,2021-05-11 18:28:00,TSCO
190.49,190.55,190.49,190.55,300,2021-05-11 18:29:00,TSCO
190.47,190.615,190.1706,190.1706,1434,2021-05-11 18:30:00,TSCO
190.06,190.06,190.01,190.01,200,2021-05-11 18:31:00,TSCO
190.13,190.13,190.13,190.13,104,2021-05-11 18:32:00,TSCO
190.14,190.32,190.05,190.15,1600,2021-05-11 18:33:00,TSCO
190.27,190.37,190.27,190.36,900,2021-05-11 18:34:00,TSCO
190.48,190.48,190.3998,190.3998,300,2021-05-11 18:35:00,TSCO
190.38,190.38,190.13,190.25,800,2021-05-11 18:36:00,TSCO
190.37,190.38,190.22,190.22,800,2021-05-11 18:37:00,TSCO
190.2,190.25,190.13,190.13,300,2021-05-11 18:38:00,TSCO
190.153,190.31,190.15,190.15,1279,2021-05-11 18:39:00,TSCO
190.16,190.165,190.06,190.06,300,2021-05-11 18:40:00,TSCO
190.15,190.19,190.15,190.19,300,2021-05-11 18:41:00,TSCO
190.25,190.31,190.25,190.31,300,2021-05-11 18:42:00,TSCO
190.47,190.52,190.21,190.21,800,2021-05-11 18:43:00,TSCO
190.24,190.51,190.24,190.51,1530,2021-05-11 18:45:00,TSCO
190.43,190.43,190.43,190.43,100,2021-05-11 18:46:00,TSCO
190.28,190.63,190.28,190.525,1469,2021-05-11 18:47:00,TSCO
190.53,190.56,190.5,190.54,800,2021-05-11 18:48:00,TSCO
190.73,190.76,190.61,190.63,5142,2021-05-11 18:49:00,TSCO
190.69,190.69,190.53,190.53,514,2021-05-11 18:50:00,TSCO
190.58,190.58,190.51,190.51,200,2021-05-11 18:51:00,TSCO
190.425,190.49,190.425,190.49,300,2021-05-11 18:52:00,TSCO
190.8,190.8,190.73,190.79,700,2021-05-11 18:53:00,TSCO
190.82,190.82,190.58,190.71,300,2021-05-11 18:54:00,TSCO
190.73,190.74,190.73,190.74,200,2021-05-11 18:55:00,TSCO
190.68,190.79,190.62,190.71,1100,2021-05-11 18:56:00,TSCO
190.56,190.65,190.56,190.65,200,2021-05-11 18:57:00,TSCO
190.61,190.76,190.61,190.76,310,2021-05-11 18:58:00,TSCO
190.635,190.635,190.56,190.63,400,2021-05-11 18:59:00,TSCO
190.61,190.73,190.61,190.73,800,2021-05-11 19:00:00,TSCO
190.66,190.72,190.66,190.68,1362,2021-05-11 19:01:00,TSCO
190.61,190.85,190.6,190.71,2068,2021-05-11 19:02:00,TSCO
190.81,190.9,190.71,190.85,832,2021-05-11 19:03:00,TSCO
190.92,190.93,190.83,190.87,800,2021-05-11 19:04:00,TSCO
190.9,191.02,190.87,191.02,606,2021-05-11 19:05:00,TSCO
190.85,191.18,190.82,191.03,2800,2021-05-11 19:06:00,TSCO
191.01,191.11,191.01,191.07,731,2021-05-11 19:07:00,TSCO
191.06,191.3,191.05,191.22,700,2021-05-11 19:08:00,TSCO
191.19,191.22,190.945,190.95,23300,2021-05-11 19:09:00,TSCO
191.005,191.09,190.97,191.01,1999,2021-05-11 19:10:00,TSCO
190.91,191.14,190.91,191.0,900,2021-05-11 19:11:00,TSCO
190.98,191.09,190.98,191.09,600,2021-05-11 19:12:00,TSCO
191.11,191.22,191.11,191.12,700,2021-05-11 19:13:00,TSCO
191.15,191.15,190.995,191.06,1609,2021-05-11 19:14:00,TSCO
191.0,191.0,190.985,190.985,200,2021-05-11 19:15:00,TSCO
190.92,190.92,190.84,190.845,800,2021-05-11 19:16:00,TSCO
190.92,191.13,190.92,191.13,700,2021-05-11 19:17:00,TSCO
191.16,191.84,191.16,191.84,7154,2021-05-11 19:18:00,TSCO
191.77,191.83,191.67,191.83,1644,2021-05-11 19:19:00,TSCO
191.77,191.77,191.7495,191.7495,385,2021-05-11 19:20:00,TSCO
191.72,191.8,191.675,191.8,1000,2021-05-11 19:21:00,TSCO
191.725,191.725,191.725,191.725,131,2021-05-11 19:22:00,TSCO
191.8,191.84,191.7,191.7,1004,2021-05-11 19:23:00,TSCO
191.84,191.84,191.73,191.7901,870,2021-05-11 19:24:00,TSCO
191.68,191.87,191.68,191.87,1564,2021-05-11 19:25:00,TSCO
191.89,191.91,191.85,191.885,800,2021-05-11 19:27:00,TSCO
191.8,191.8,191.59,191.59,1000,2021-05-11 19:28:00,TSCO
191.56,191.63,191.51,191.57,1066,2021-05-11 19:29:00,TSCO
191.5,191.68,191.5,191.54,668,2021-05-11 19:30:00,TSCO
191.5,191.5,191.31,191.31,400,2021-05-11 19:31:00,TSCO
191.25,191.25,191.01,191.09,1009,2021-05-11 19:32:00,TSCO
191.18,191.21,191.08,191.08,713,2021-05-11 19:33:00,TSCO
191.11,191.15,190.97,190.97,837,2021-05-11 19:34:00,TSCO
190.895,190.96,190.895,190.92,700,2021-05-11 19:35:00,TSCO
190.89,190.89,190.72,190.72,200,2021-05-11 19:36:00,TSCO
190.67,190.93,190.67,190.93,4724,2021-05-11 19:37:00,TSCO
190.8,190.8,190.65,190.78,1300,2021-05-11 19:38:00,TSCO
190.68,190.72,190.64,190.65,1623,2021-05-11 19:39:00,TSCO
190.65,190.74,190.65,190.7352,1055,2021-05-11 19:40:00,TSCO
190.77,190.84,190.75,190.82,652,2021-05-11 19:41:00,TSCO
190.82,190.93,190.695,190.93,1318,2021-05-11 19:42:00,TSCO
190.93,191.01,190.86,190.89,5352,2021-05-11 19:43:00,TSCO
191.0,191.08,190.965,191.04,1701,2021-05-11 19:44:00,TSCO
190.99,190.99,190.89,190.89,1552,2021-05-11 19:45:00,TSCO
190.89,191.17,190.89,191.14,1624,2021-05-11 19:46:00,TSCO
191.18,191.26,191.18,191.26,1220,2021-05-11 19:47:00,TSCO
191.225,191.4,190.985,191.1,1500,2021-05-11 19:48:00,TSCO
191.25,191.5,191.175,191.4899,1114,2021-05-11 19:49:00,TSCO
191.48,191.64,191.3,191.485,2084,2021-05-11 19:50:00,TSCO
191.485,191.5599,191.45,191.45,694,2021-05-11 19:51:00,TSCO
191.54,191.54,191.2989,191.3199,1850,2021-05-11 19:52:00,TSCO
191.3,191.3,191.07,191.17,2185,2021-05-11 19:53:00,TSCO
191.215,191.26,191.12,191.2,4042,2021-05-11 19:54:00,TSCO
191.08,191.19,191.07,191.07,4000,2021-05-11 19:55:00,TSCO
191.08,191.23,190.92,191.19,4970,2021-05-11 19:56:00,TSCO
191.2,191.26,191.09,191.2,2839,2021-05-11 19:57:00,TSCO
191.1,191.21,191.08,191.12,6904,2021-05-11 19:58:00,TSCO
191.09,191.25,190.99,191.25,4324,2021-05-11 19:59:00,TSCO
191.26,191.5,191.26,191.5,78884,2021-05-11 20:00:00,TSCO
191.26,191.26,191.26,191.26,2277,2021-05-11 20:01:00,TSCO
190.75,190.75,190.75,190.75,200,2021-05-11 20:09:00,TSCO
190.75,190.75,190.75,190.75,300,2021-05-11 20:10:00,TSCO
190.0,190.0,190.0,190.0,250,2021-05-12 12:44:00,TSCO
191.2,191.2,191.2,191.2,100,2021-05-12 12:46:00,TSCO
191.1581,191.1581,191.1581,191.1581,122,2021-05-12 12:57:00,TSCO
189.19,189.19,189.19,189.19,460,2021-05-12 13:03:00,TSCO
189.16,189.17,189.16,189.17,8673,2021-05-12 13:30:00,TSCO
189.5,189.6,189.25,189.44,650,2021-05-12 13:31:00,TSCO
189.25,189.25,188.875,189.0431,1933,2021-05-12 13:32:00,TSCO
189.14,189.83,189.12,189.83,3100,2021-05-12 13:33:00,TSCO
189.56,190.3,189.56,190.3,1600,2021-05-12 13:34:00,TSCO
190.48,190.48,190.48,190.48,100,2021-05-12 13:35:00,TSCO
189.94,189.94,189.69,189.69,1100,2021-05-12 13:36:00,TSCO
189.84,189.89,189.67,189.89,300,2021-05-12 13:37:00,TSCO
189.78,190.205,189.29,189.3,1500,2021-05-12 13:38:00,TSCO
189.23,189.34,189.12,189.34,1100,2021-05-12 13:39:00,TSCO
189.3013,189.36,188.61,188.61,3060,2021-05-12 13:40:00,TSCO
188.61,188.61,188.28,188.28,600,2021-05-12 13:41:00,TSCO
188.28,188.47,187.6019,187.7,5502,2021-05-12 13:42:00,TSCO
187.7,188.07,187.68,187.998,1300,2021-05-12 13:43:00,TSCO
188.03,188.59,187.8281,188.4,9948,2021-05-12 13:44:00,TSCO
188.58,188.6,188.18,188.18,1600,2021-05-12 13:45:00,TSCO
188.0486,188.5975,187.54,187.85,38688,2021-05-12 13:46:00,TSCO
188.11,188.33,187.91,187.91,4182,2021-05-12 13:47:00,TSCO
187.66,187.71,187.29,187.29,2660,2021-05-12 13:48:00,TSCO
187.6447,187.9,187.61,187.62,7417,2021-05-12 13:49:00,TSCO
187.69,188.0799,187.45,187.56,1684,2021-05-12 13:50:00,TSCO
187.7826,188.27,187.56,188.07,3847,2021-05-12 13:51:00,TSCO
188.27,188.3086,188.14,188.27,1416,2021-05-12 13:52:00,TSCO
188.11,188.29,188.01,188.01,900,2021-05-12 13:53:00,TSCO
187.95,187.95,187.43,187.43,2000,2021-05-12 13:54:00,TSCO
187.575,187.62,187.31,187.62,2000,2021-05-12 13:55:00,TSCO
187.72,187.99,187.57,187.915,2800,2021-05-12 13:56:00,TSCO
187.96,187.96,187.34,187.34,1220,2021-05-12 13:57:00,TSCO
187.772,187.78,187.36,187.4,1500,2021-05-12 13:58:00,TSCO
187.78,187.78,187.53,187.53,6313,2021-05-12 13:59:00,TSCO
187.5,187.94,187.44,187.44,6378,2021-05-12 14:00:00,TSCO
187.44,187.5,187.3,187.42,2183,2021-05-12 14:01:00,TSCO
187.42,187.6,187.27,187.6,2599,2021-05-12 14:02:00,TSCO
187.63,187.855,187.49,187.57,1350,2021-05-12 14:03:00,TSCO
187.45,187.48,187.06,187.06,2068,2021-05-12 14:04:00,TSCO
187.4,187.4,187.4,187.4,400,2021-05-12 14:05:00,TSCO
187.49,187.54,187.18,187.54,622,2021-05-12 14:06:00,TSCO
187.44,187.74,187.44,187.74,300,2021-05-12 14:07:00,TSCO
188.02,188.02,188.02,188.02,251,2021-05-12 14:08:00,TSCO
188.02,188.47,188.02,188.47,5400,2021-05-12 14:09:00,TSCO
188.425,188.425,188.425,188.425,100,2021-05-12 14:10:00,TSCO
188.36,188.48,188.32,188.32,940,2021-05-12 14:11:00,TSCO
188.21,188.21,188.21,188.21,100,2021-05-12 14:12:00,TSCO
188.41,188.49,188.29,188.4,400,2021-05-12 14:13:00,TSCO
188.4226,188.4226,188.4226,188.4226,105,2021-05-12 14:14:00,TSCO
188.54,188.54,188.41,188.41,200,2021-05-12 14:15:00,TSCO
188.5,189.12,188.48,189.12,5746,2021-05-12 14:16:00,TSCO
189.045,189.13,188.81,189.13,900,2021-05-12 14:17:00,TSCO
189.15,189.15,189.055,189.055,263,2021-05-12 14:18:00,TSCO
189.12,189.37,189.115,189.115,1500,2021-05-12 14:19:00,TSCO
189.02,189.085,189.01,189.085,700,2021-05-12 14:20:00,TSCO
189.02,189.04,189.02,189.04,936,2021-05-12 14:21:00,TSCO
189.145,189.215,188.72,188.76,7034,2021-05-12 14:22:00,TSCO
188.7,188.7,188.38,188.62,1400,2021-05-12 14:23:00,TSCO
188.55,188.6871,188.55,188.6871,200,2021-05-12 14:24:00,TSCO
188.42,188.42,188.01,188.01,550,2021-05-12 14:25:00,TSCO
188.0,188.0,188.0,188.0,336,2021-05-12 14:26:00,TSCO
187.76,187.92,187.76,187.92,1150,2021-05-12 14:27:00,TSCO
187.8,187.8,187.58,187.69,700,2021-05-12 14:28:00,TSCO
187.6,187.6,187.55,187.55,400,2021-05-12 14:29:00,TSCO
187.38,187.79,187.38,187.66,2197,2021-05-12 14:30:00,TSCO
187.64,187.8172,187.64,187.8172,483,2021-05-12 14:31:00,TSCO
187.69,187.78,187.47,187.47,700,2021-05-12 14:32:00,TSCO
187.41,187.75,187.41,187.43,1882,2021-05-12 14:33:00,TSCO
187.43,187.43,187.43,187.43,100,2021-05-12 14:34:00,TSCO
187.48,187.48,187.4,187.4,414,2021-05-12 14:35:00,TSCO
187.445,187.445,187.36,187.37,456,2021-05-12 14:36:00,TSCO
187.1136,187.42,187.0954,187.3503,3596,2021-05-12 14:37:00,TSCO
187.3765,187.4319,187.32,187.33,2354,2021-05-12 14:38:00,TSCO
187.24,187.24,186.79,186.79,1164,2021-05-12 14:39:00,TSCO
186.76,186.76,186.3,186.61,4766,2021-05-12 14:40:00,TSCO
186.39,186.39,186.39,186.39,312,2021-05-12 14:41:00,TSCO
186.475,186.55,186.41,186.41,300,2021-05-12 14:42:00,TSCO
186.54,186.725,186.54,186.725,532,2021-05-12 14:43:00,TSCO
186.79,186.86,186.65,186.86,2478,2021-05-12 14:44:00,TSCO
186.8501,186.8501,186.84,186.84,300,2021-05-12 14:45:00,TSCO
186.9158,187.06,186.89,186.91,1260,2021-05-12 14:46:00,TSCO
186.89,186.9304,186.87,186.87,871,2021-05-12 14:47:00,TSCO
186.84,186.84,186.71,186.73,2440,2021-05-12 14:48:00,TSCO
186.47,186.47,186.47,186.47,200,2021-05-12 14:49:00,TSCO
186.46,186.73,186.39,186.39,3269,2021-05-12 14:50:00,TSCO
186.53,186.55,186.37,186.505,2092,2021-05-12 14:51:00,TSCO
186.62,186.63,186.33,186.475,1748,2021-05-12 14:52:00,TSCO
186.36,186.4,185.92,185.98,2250,2021-05-12 14:53:00,TSCO
186.02,186.25,186.02,186.07,1772,2021-05-12 14:54:00,TSCO
186.07,186.07,185.855,185.9,1100,2021-05-12 14:55:00,TSCO
185.94,185.94,185.76,185.93,1501,2021-05-12 14:56:00,TSCO
185.76,186.09,185.76,185.95,1501,2021-05-12 14:57:00,TSCO
186.25,186.25,186.05,186.05,3834,2021-05-12 14:58:00,TSCO
185.96,186.14,185.92,185.92,2333,2021-05-12 14:59:00,TSCO
186.02,186.12,185.91,185.91,600,2021-05-12 15:00:00,TSCO
185.77,185.93,185.74,185.74,1850,2021-05-12 15:01:00,TSCO
185.705,186.0,185.705,186.0,1708,2021-05-12 15:02:00,TSCO
186.0,186.18,186.0,186.17,1000,2021-05-12 15:03:00,TSCO
186.2643,186.2643,186.07,186.07,2248,2021-05-12 15:04:00,TSCO
186.135,186.135,185.97,185.97,809,2021-05-12 15:05:00,TSCO
185.89,186.21,185.89,186.18,2700,2021-05-12 15:06:00,TSCO
186.1201,186.13,186.12,186.12,500,2021-05-12 15:07:00,TSCO
186.34,186.63,186.34,186.63,2237,2021-05-12 15:08:00,TSCO
186.56,186.7,186.56,186.57,1202,2021-05-12 15:09:00,TSCO
186.41,186.41,186.325,186.38,600,2021-05-12 15:10:00,TSCO
186.33,186.33,186.22,186.22,1015,2021-05-12 15:11:00,TSCO
186.17,186.17,186.14,186.14,400,2021-05-12 15:12:00,TSCO
186.17,186.69,186.17,186.69,2025,2021-05-12 15:13:00,TSCO
186.69,186.69,186.63,186.67,300,2021-05-12 15:14:00,TSCO
186.54,186.71,186.54,186.71,1400,2021-05-12 15:15:00,TSCO
186.6,186.73,186.23,186.695,5666,2021-05-12 15:16:00,TSCO
186.72,186.81,186.49,186.49,1803,2021-05-12 15:17:00,TSCO
186.48,186.48,186.22,186.22,600,2021-05-12 15:18:00,TSCO
186.24,186.29,186.185,186.185,600,2021-05-12 15:19:00,TSCO
186.2219,186.2219,186.11,186.11,414,2021-05-12 15:20:00,TSCO
186.12,186.26,186.06,186.1719,2221,2021-05-12 15:21:00,TSCO
186.15,186.15,185.87,186.13,2100,2021-05-12 15:22:00,TSCO
186.2,186.2,186.06,186.1,508,2021-05-12 15:23:00,TSCO
186.2,186.2,186.07,186.07,300,2021-05-12 15:24:00,TSCO
186.1209,186.19,185.81,185.82,3580,2021-05-12 15:25:00,TSCO
185.76,185.8,185.61,185.61,1500,2021-05-12 15:26:00,TSCO
185.63,185.63,185.56,185.58,836,2021-05-12 15:27:00,TSCO
185.73,185.785,185.65,185.785,4913,2021-05-12 15:28:00,TSCO
185.74,185.75,185.6122,185.6122,2300,2021-05-12 15:29:00,TSCO
185.76,185.9,185.67,185.78,4827,2021-05-12 15:30:00,TSCO
185.72,185.8509,185.72,185.8,921,2021-05-12 15:31:00,TSCO
185.75,185.75,185.68,185.68,400,2021-05-12 15:32:00,TSCO
185.645,185.645,185.645,185.645,100,2021-05-12 15:33:00,TSCO
185.72,185.76,185.62,185.65,1352,2021-05-12 15:34:00,TSCO
185.54,185.78,185.53,185.73,1709,2021-05-12 15:35:00,TSCO
185.73,185.76,185.71,185.73,1105,2021-05-12 15:36:00,TSCO
185.68,185.68,185.535,185.62,1100,2021-05-12 15:37:00,TSCO
185.64,185.64,185.53,185.53,575,2021-05-12 15:38:00,TSCO
185.45,185.45,185.21,185.21,6750,2021-05-12 15:39:00,TSCO
185.21,185.3786,185.0,185.17,7024,2021-05-12 15:40:00,TSCO
185.03,185.21,185.03,185.195,2195,2021-05-12 15:41:00,TSCO
185.335,185.3859,185.335,185.34,300,2021-05-12 15:42:00,TSCO
185.31,185.54,185.31,185.54,2400,2021-05-12 15:43:00,TSCO
185.6,185.69,185.46,185.69,1000,2021-05-12 15:44:00,TSCO
185.62,185.65,185.59,185.64,1595,2021-05-12 15:45:00,TSCO
185.625,185.625,185.34,185.34,1200,2021-05-12 15:46:00,TSCO
185.415,185.47,185.36,185.36,500,2021-05-12 15:47:00,TSCO
185.26,185.26,185.06,185.06,200,2021-05-12 15:48:00,TSCO
184.97,184.9807,184.7,184.7,1070,2021-05-12 15:49:00,TSCO
184.79,184.9,184.5364,184.68,7568,2021-05-12 15:50:00,TSCO
184.57,184.76,184.44,184.44,1700,2021-05-12 15:51:00,TSCO
184.32,184.44,184.2441,184.2441,1720,2021-05-12 15:52:00,TSCO
184.3375,184.3375,184.3375,184.3375,100,2021-05-12 15:53:00,TSCO
184.42,184.42,184.21,184.39,4273,2021-05-12 15:54:00,TSCO
184.32,184.365,184.165,184.245,6177,2021-05-12 15:55:00,TSCO
184.215,184.215,184.07,184.115,625,2021-05-12 15:56:00,TSCO
184.05,184.12,184.02,184.08,1336,2021-05-12 15:57:00,TSCO
184.07,184.08,183.94,183.94,821,2021-05-12 15:58:00,TSCO
184.06,184.21,184.05,184.12,1365,2021-05-12 15:59:00,TSCO
184.17,184.17,183.92,183.92,1985,2021-05-12 16:00:00,TSCO
183.95,183.95,183.72,183.78,700,2021-05-12 16:01:00,TSCO
183.86,184.09,183.825,183.96,2113,2021-05-12 16:02:00,TSCO
184.09,184.09,184.09,184.09,200,2021-05-12 16:03:00,TSCO
184.05,184.1,184.0,184.0,700,2021-05-12 16:04:00,TSCO
184.09,184.1599,184.09,184.1599,500,2021-05-12 16:05:00,TSCO
184.09,184.245,184.085,184.245,1200,2021-05-12 16:06:00,TSCO
184.2672,184.35,184.2672,184.35,200,2021-05-12 16:07:00,TSCO
184.335,184.335,184.16,184.16,1200,2021-05-12 16:08:00,TSCO
184.26,184.26,184.12,184.165,1500,2021-05-12 16:09:00,TSCO
184.17,184.31,184.14,184.31,1900,2021-05-12 16:10:00,TSCO
184.24,184.31,183.86,183.91,2203,2021-05-12 16:11:00,TSCO
183.915,183.915,183.72,183.83,1000,2021-05-12 16:12:00,TSCO
183.9,183.9,183.78,183.85,400,2021-05-12 16:13:00,TSCO
183.76,184.16,183.72,184.05,9617,2021-05-12 16:14:00,TSCO
184.07,184.2,184.07,184.11,2600,2021-05-12 16:15:00,TSCO
184.18,184.18,184.1,184.1,200,2021-05-12 16:16:00,TSCO
184.1,184.1,184.0,184.0,600,2021-05-12 16:17:00,TSCO
183.935,184.2499,183.935,184.2499,859,2021-05-12 16:18:00,TSCO
184.26,184.4582,184.205,184.38,1245,2021-05-12 16:19:00,TSCO
184.45,184.67,184.39,184.46,3023,2021-05-12 16:20:00,TSCO
184.42,184.47,184.41,184.47,700,2021-05-12 16:21:00,TSCO
184.515,184.59,184.515,184.59,600,2021-05-12 16:23:00,TSCO
184.61,184.62,184.5094,184.6,1314,2021-05-12 16:24:00,TSCO
184.66,184.73,184.5678,184.58,4756,2021-05-12 16:25:00,TSCO
184.61,184.61,184.56,184.56,200,2021-05-12 16:26:00,TSCO
184.5,184.59,184.425,184.425,1400,2021-05-12 16:27:00,TSCO
184.4,184.52,184.4,184.43,1866,2021-05-12 16:28:00,TSCO
184.39,184.43,184.21,184.21,6191,2021-05-12 16:29:00,TSCO
184.1,184.18,184.095,184.16,1537,2021-05-12 16:30:00,TSCO
184.08,184.08,183.81,183.995,1500,2021-05-12 16:31:00,TSCO
183.985,184.24,183.985,184.12,2600,2021-05-12 16:32:00,TSCO
184.13,184.16,183.97,184.16,1175,2021-05-12 16:33:00,TSCO
184.13,184.14,183.95,184.07,1300,2021-05-12 16:34:00,TSCO
184.01,184.01,183.95,183.95,300,2021-05-12 16:35:00,TSCO
184.0175,184.03,183.93,183.93,881,2021-05-12 16:36:00,TSCO
183.85,183.92,183.85,183.92,600,2021-05-12 16:37:00,TSCO
183.94,183.94,183.84,183.84,500,2021-05-12 16:38:00,TSCO
183.84,183.89,183.72,183.77,1900,2021-05-12 16:39:00,TSCO
183.77,183.77,183.6,183.6,300,2021-05-12 16:40:00,TSCO
183.6434,183.6434,183.6434,183.6434,300,2021-05-12 16:41:00,TSCO
183.56,183.56,183.56,183.56,200,2021-05-12 16:42:00,TSCO
183.55,183.55,183.3,183.34,2458,2021-05-12 16:43:00,TSCO
183.34,183.49,183.255,183.44,3500,2021-05-12 16:44:00,TSCO
183.39,183.52,183.31,183.495,1743,2021-05-12 16:45:00,TSCO
183.555,183.61,183.51,183.51,1000,2021-05-12 16:46:00,TSCO
183.5,183.73,183.5,183.72,1200,2021-05-12 16:47:00,TSCO
183.8003,183.85,183.605,183.605,716,2021-05-12 16:48:00,TSCO
183.76,184.24,183.76,184.24,600,2021-05-12 16:50:00,TSCO
183.93,183.94,183.93,183.94,300,2021-05-12 16:51:00,TSCO
184.04,184.04,183.87,183.87,1011,2021-05-12 16:52:00,TSCO
183.89,183.98,183.73,183.73,1200,2021-05-12 16:53:00,TSCO
183.82,183.85,183.78,183.85,454,2021-05-12 16:54:00,TSCO
183.82,183.83,183.6,183.74,1800,2021-05-12 16:55:00,TSCO
183.69,183.705,183.69,183.705,300,2021-05-12 16:56:00,TSCO
183.76,183.765,183.75,183.765,300,2021-05-12 16:57:00,TSCO
183.79,183.79,183.55,183.55,1877,2021-05-12 16:58:00,TSCO
183.67,183.68,183.595,183.68,700,2021-05-12 16:59:00,TSCO
183.671,183.671,183.49,183.49,1955,2021-05-12 17:00:00,TSCO
183.41,183.55,183.31,183.36,1505,2021-05-12 17:01:00,TSCO
183.33,183.488,183.275,183.488,1189,2021-05-12 17:02:00,TSCO
183.46,183.49,183.35,183.48,2100,2021-05-12 17:03:00,TSCO
183.79,183.8,183.7,183.7,1100,2021-05-12 17:04:00,TSCO
183.765,183.765,183.59,183.67,2420,2021-05-12 17:05:00,TSCO
183.72,183.79,183.72,183.72,500,2021-05-12 17:06:00,TSCO
183.895,183.895,183.655,183.72,2301,2021-05-12 17:07:00,TSCO
183.81,183.83,183.65,183.65,623,2021-05-12 17:08:00,TSCO
183.77,183.77,183.66,183.66,200,2021-05-12 17:09:00,TSCO
183.62,183.79,183.51,183.79,1656,2021-05-12 17:10:00,TSCO
183.91,184.06,183.83,183.94,2821,2021-05-12 17:11:00,TSCO
184.08,184.22,183.99,184.22,900,2021-05-12 17:12:00,TSCO
184.14,184.1675,183.96,184.1675,600,2021-05-12 17:13:00,TSCO
184.07,184.07,184.0,184.0,244,2021-05-12 17:14:00,TSCO
184.015,184.015,183.86,183.95,1000,2021-05-12 17:15:00,TSCO
183.77,183.9,183.77,183.84,600,2021-05-12 17:16:00,TSCO
183.81,183.86,183.71,183.71,667,2021-05-12 17:17:00,TSCO
183.8409,183.8409,183.555,183.66,3126,2021-05-12 17:18:00,TSCO
183.7,183.7,183.52,183.68,800,2021-05-12 17:20:00,TSCO
183.65,183.65,183.57,183.63,400,2021-05-12 17:21:00,TSCO
183.585,183.62,183.54,183.55,400,2021-05-12 17:22:00,TSCO
183.43,183.4806,183.43,183.475,400,2021-05-12 17:23:00,TSCO
183.48,183.53,183.39,183.51,2401,2021-05-12 17:24:00,TSCO
183.58,183.58,183.58,183.58,100,2021-05-12 17:25:00,TSCO
183.58,183.58,183.58,183.58,316,2021-05-12 17:26:00,TSCO
183.43,183.48,183.39,183.48,900,2021-05-12 17:27:00,TSCO
183.47,183.58,183.41,183.58,1600,2021-05-12 17:29:00,TSCO
183.525,183.525,183.28,183.38,1100,2021-05-12 17:30:00,TSCO
183.39,183.39,183.39,183.39,100,2021-05-12 17:31:00,TSCO
183.33,183.335,183.24,183.24,606,2021-05-12 17:32:00,TSCO
183.259,183.259,183.14,183.14,675,2021-05-12 17:33:00,TSCO
183.12,183.18,183.07,183.08,1185,2021-05-12 17:34:00,TSCO
183.155,183.27,183.155,183.23,700,2021-05-12 17:35:00,TSCO
183.2499,183.27,183.195,183.235,1027,2021-05-12 17:36:00,TSCO
183.28,183.48,183.28,183.405,1846,2021-05-12 17:37:00,TSCO
183.405,183.58,183.405,183.515,500,2021-05-12 17:38:00,TSCO
183.44,183.44,183.43,183.43,200,2021-05-12 17:39:00,TSCO
183.48,183.49,183.25,183.315,2524,2021-05-12 17:40:00,TSCO
183.28,183.28,183.21,183.21,300,2021-05-12 17:41:00,TSCO
183.24,183.24,183.24,183.24,100,2021-05-12 17:42:00,TSCO
183.261,183.541,183.261,183.541,2156,2021-05-12 17:43:00,TSCO
183.37,183.4,183.275,183.4,600,2021-05-12 17:44:00,TSCO
183.34,183.48,183.34,183.48,10804,2021-05-12 17:45:00,TSCO
183.5,183.88,183.5,183.61,8835,2021-05-12 17:46:00,TSCO
183.63,183.76,183.58,183.76,1100,2021-05-12 17:47:00,TSCO
183.665,183.665,183.63,183.63,200,2021-05-12 17:48:00,TSCO
183.57,183.57,183.26,183.48,11800,2021-05-12 17:49:00,TSCO
183.5406,183.5406,183.5406,183.5406,309,2021-05-12 17:50:00,TSCO
183.44,183.637,183.3,183.34,948,2021-05-12 17:51:00,TSCO
183.54,183.54,183.415,183.415,210,2021-05-12 17:52:00,TSCO
183.49,183.49,183.34,183.34,977,2021-05-12 17:53:00,TSCO
183.35,183.35,183.27,183.33,400,2021-05-12 17:54:00,TSCO
183.29,183.41,183.29,183.31,300,2021-05-12 17:55:00,TSCO
183.33,183.45,183.3,183.45,800,2021-05-12 17:56:00,TSCO
183.48,183.48,183.48,183.48,200,2021-05-12 17:57:00,TSCO
183.47,183.53,183.37,183.47,950,2021-05-12 17:58:00,TSCO
183.41,183.41,183.41,183.41,300,2021-05-12 17:59:00,TSCO
183.42,183.42,183.205,183.205,700,2021-05-12 18:00:00,TSCO
183.27,183.28,183.21,183.21,600,2021-05-12 18:01:00,TSCO
183.26,183.29,183.24,183.28,517,2021-05-12 18:02:00,TSCO
183.295,183.5,183.28,183.425,2854,2021-05-12 18:03:00,TSCO
183.47,183.53,183.44,183.5,2800,2021-05-12 18:04:00,TSCO
183.66,183.66,183.66,183.66,100,2021-05-12 18:05:00,TSCO
183.82,183.89,183.82,183.89,941,2021-05-12 18:06:00,TSCO
184.06,184.06,183.89,184.03,1264,2021-05-12 18:07:00,TSCO
184.075,184.075,183.93,183.93,432,2021-05-12 18:08:00,TSCO
183.865,183.985,183.865,183.94,600,2021-05-12 18:09:00,TSCO
183.84,183.85,183.615,183.615,1100,2021-05-12 18:11:00,TSCO
183.62,183.69,183.615,183.675,626,2021-05-12 18:12:00,TSCO
183.73,183.73,183.43,183.49,6842,2021-05-12 18:13:00,TSCO
183.483,183.58,183.47,183.58,1000,2021-05-12 18:14:00,TSCO
183.45,183.5,183.42,183.47,1200,2021-05-12 18:15:00,TSCO
183.475,183.499,183.41,183.47,1707,2021-05-12 18:16:00,TSCO
183.51,183.52,183.465,183.52,320,2021-05-12 18:17:00,TSCO
183.41,183.41,183.32,183.37,1050,2021-05-12 18:18:00,TSCO
183.38,183.51,183.38,183.46,800,2021-05-12 18:19:00,TSCO
183.53,183.65,183.42,183.42,1500,2021-05-12 18:20:00,TSCO
183.51,183.52,183.5,183.5,1100,2021-05-12 18:21:00,TSCO
183.48,183.64,183.48,183.64,600,2021-05-12 18:22:00,TSCO
183.63,183.63,183.525,183.525,797,2021-05-12 18:23:00,TSCO
183.6,183.655,183.57,183.57,400,2021-05-12 18:24:00,TSCO
183.5336,183.5336,183.5336,183.5336,200,2021-05-12 18:25:00,TSCO
183.54,183.57,183.54,183.57,300,2021-05-12 18:26:00,TSCO
183.57,183.77,183.46,183.73,2100,2021-05-12 18:27:00,TSCO
183.825,183.8688,183.825,183.8688,300,2021-05-12 18:28:00,TSCO
183.75,183.75,183.71,183.71,800,2021-05-12 18:29:00,TSCO
183.62,183.62,183.47,183.61,1085,2021-05-12 18:30:00,TSCO
183.69,183.815,183.685,183.815,600,2021-05-12 18:31:00,TSCO
183.93,183.93,183.78,183.78,1299,2021-05-12 18:32:00,TSCO
183.87,183.95,183.87,183.95,300,2021-05-12 18:33:00,TSCO
184.1532,184.1532,184.03,184.03,830,2021-05-12 18:34:00,TSCO
183.99,184.0,183.755,183.94,1300,2021-05-12 18:35:00,TSCO
184.02,184.16,183.935,184.095,1700,2021-05-12 18:36:00,TSCO
184.125,184.14,184.125,184.14,200,2021-05-12 18:37:00,TSCO
184.07,184.07,184.07,184.07,100,2021-05-12 18:38:00,TSCO
183.95,184.02,183.79,184.02,1711,2021-05-12 18:40:00,TSCO
183.93,184.08,183.93,183.96,1000,2021-05-12 18:41:00,TSCO
183.94,183.94,183.79,183.895,900,2021-05-12 18:42:00,TSCO
183.8178,183.97,183.8178,183.89,1424,2021-05-12 18:43:00,TSCO
183.98,184.03,183.88,183.88,1505,2021-05-12 18:44:00,TSCO
183.94,183.94,183.885,183.885,200,2021-05-12 18:45:00,TSCO
183.82,183.84,183.74,183.795,1050,2021-05-12 18:46:00,TSCO
183.88,184.08,183.795,184.035,1100,2021-05-12 18:47:00,TSCO
184.01,184.17,183.985,184.17,2480,2021-05-12 18:48:00,TSCO
184.06,184.06,184.06,184.06,100,2021-05-12 18:49:00,TSCO
184.055,184.245,184.02,184.245,613,2021-05-12 18:50:00,TSCO
184.22,184.29,184.22,184.29,400,2021-05-12 18:51:00,TSCO
184.36,184.44,184.36,184.38,917,2021-05-12 18:52:00,TSCO
184.38,184.38,184.19,184.3,1200,2021-05-12 18:53:00,TSCO
184.17,184.235,184.14,184.15,400,2021-05-12 18:54:00,TSCO
184.07,184.07,183.86,183.94,700,2021-05-12 18:55:00,TSCO
183.89,183.89,183.89,183.89,100,2021-05-12 18:56:00,TSCO
184.04,184.206,183.95,183.95,1780,2021-05-12 18:57:00,TSCO
184.14,184.14,184.07,184.07,290,2021-05-12 18:58:00,TSCO
184.02,184.02,183.76,183.76,1105,2021-05-12 18:59:00,TSCO
183.705,183.705,183.58,183.59,1088,2021-05-12 19:00:00,TSCO
183.68,183.93,183.66,183.88,1446,2021-05-12 19:01:00,TSCO
183.97,183.97,183.885,183.97,500,2021-05-12 19:02:00,TSCO
183.895,183.895,183.77,183.84,1200,2021-05-12 19:03:00,TSCO
183.78,183.78,183.78,183.78,400,2021-05-12 19:04:00,TSCO
183.72,183.82,183.34,183.48,4150,2021-05-12 19:05:00,TSCO
183.465,183.5,183.38,183.38,2100,2021-05-12 19:06:00,TSCO
183.41,183.43,183.18,183.26,5477,2021-05-12 19:07:00,TSCO
183.23,183.33,183.15,183.31,3431,2021-05-12 19:08:00,TSCO
183.24,183.24,183.01,183.15,706,2021-05-12 19:09:00,TSCO
183.13,183.13,183.01,183.06,1000,2021-05-12 19:10:00,TSCO
183.0,183.0,182.85,182.95,1425,2021-05-12 19:11:00,TSCO
182.88,182.945,182.87,182.92,1621,2021-05-12 19:12:00,TSCO
182.9122,182.9122,182.66,182.685,1546,2021-05-12 19:13:00,TSCO
182.78,182.81,182.76,182.77,800,2021-05-12 19:14:00,TSCO
182.73,182.8,182.68,182.8,551,2021-05-12 19:15:00,TSCO
182.775,182.82,182.775,182.8,1100,2021-05-12 19:16:00,TSCO
182.72,182.83,182.68,182.83,1700,2021-05-12 19:17:00,TSCO
182.88,182.95,182.78,182.95,2875,2021-05-12 19:18:00,TSCO
182.95,182.95,182.635,182.635,3925,2021-05-12 19:19:00,TSCO
182.67,182.85,182.67,182.69,1100,2021-05-12 19:20:00,TSCO
182.63,182.63,182.57,182.61,300,2021-05-12 19:21:00,TSCO
182.62,182.62,182.5,182.5,3849,2021-05-12 19:22:00,TSCO
182.52,182.59,182.36,182.36,2066,2021-05-12 19:23:00,TSCO
182.35,182.41,182.1,182.1,5666,2021-05-12 19:24:00,TSCO
182.1,182.19,181.995,181.995,7962,2021-05-12 19:25:00,TSCO
181.97,182.02,181.91,181.95,5924,2021-05-12 19:26:00,TSCO
181.91,181.92,181.82,181.875,2522,2021-05-12 19:27:00,TSCO
181.88,182.04,181.8743,182.01,5513,2021-05-12 19:28:00,TSCO
182.025,182.09,181.88,181.88,1403,2021-05-12 19:29:00,TSCO
181.88,182.03,181.73,182.03,3560,2021-05-12 19:30:00,TSCO
182.05,182.15,182.01,182.08,4230,2021-05-12 19:31:00,TSCO
182.04,182.05,181.86,181.955,2451,2021-05-12 19:32:00,TSCO
181.99,182.21,181.94,182.15,4620,2021-05-12 19:33:00,TSCO
182.105,182.16,182.06,182.1,3503,2021-05-12 19:34:00,TSCO
182.125,182.125,181.73,182.07,5265,2021-05-12 19:35:00,TSCO
182.15,182.2,182.01,182.01,3160,2021-05-12 19:36:00,TSCO
182.07,182.3665,182.03,182.3,5831,2021-05-12 19:37:00,TSCO
182.31,182.37,182.26,182.37,1550,2021-05-12 19:38:00,TSCO
182.33,182.64,182.33,182.48,3569,2021-05-12 19:39:00,TSCO
182.31,182.335,182.31,182.32,500,2021-05-12 19:40:00,TSCO
182.36,182.38,182.06,182.09,5214,2021-05-12 19:41:00,TSCO
182.1112,182.15,182.1,182.13,900,2021-05-12 19:42:00,TSCO
182.14,182.25,182.14,182.165,3695,2021-05-12 19:43:00,TSCO
182.16,182.41,182.16,182.37,2548,2021-05-12 19:44:00,TSCO
182.3,182.49,182.27,182.42,4015,2021-05-12 19:45:00,TSCO
182.49,182.59,182.46,182.52,2421,2021-05-12 19:46:00,TSCO
182.43,182.55,182.43,182.5051,1723,2021-05-12 19:47:00,TSCO
182.429,182.52,182.3,182.36,2583,2021-05-12 19:48:00,TSCO
182.34,182.41,182.19,182.245,3635,2021-05-12 19:49:00,TSCO
182.22,182.22,181.89,182.11,4845,2021-05-12 19:50:00,TSCO
182.15,182.2,182.0,182.015,3556,2021-05-12 19:51:00,TSCO
181.96,182.12,181.96,182.1,5101,2021-05-12 19:52:00,TSCO
182.05,182.15,182.01,182.115,5143,2021-05-12 19:53:00,TSCO
182.16,182.27,182.05,182.06,6259,2021-05-12 19:54:00,TSCO
182.11,182.45,182.07,182.29,5730,2021-05-12 19:55:00,TSCO
182.335,182.54,182.29,182.42,5900,2021-05-12 19:56:00,TSCO
182.39,182.61,182.36,182.58,8108,2021-05-12 19:57:00,TSCO
182.53,182.7,182.46,182.64,9294,2021-05-12 19:58:00,TSCO
182.65,182.65,182.29,182.52,16527,2021-05-12 19:59:00,TSCO
182.41,182.41,182.41,182.41,96918,2021-05-12 20:00:00,TSCO
182.41,182.41,182.41,182.41,720,2021-05-12 20:01:00,TSCO
182.41,182.41,182.41,182.41,4090,2021-05-12 20:02:00,TSCO
182.5,182.5,182.5,182.5,150,2021-05-12 20:21:00,TSCO
182.5,182.5,182.5,182.5,170,2021-05-12 20:28:00,TSCO
183.0,183.0,183.0,183.0,260,2021-05-12 20:33:00,TSCO
182.39,182.39,182.39,182.39,200,2021-05-12 22:15:00,TSCO
182.39,182.39,182.39,182.39,100,2021-05-12 22:16:00,TSCO
182.39,182.39,182.39,182.39,1500,2021-05-12 23:28:00,TSCO
182.39,182.39,182.39,182.39,900,2021-05-12 23:34:00,TSCO
182.39,182.39,182.39,182.39,390,2021-05-12 23:46:00,TSCO
183.0,183.0,183.0,183.0,120,2021-05-13 12:25:00,TSCO
183.0,183.0,183.0,183.0,250,2021-05-13 12:39:00,TSCO
182.7,182.7,182.7,182.7,10808,2021-05-13 13:30:00,TSCO
183.3066,183.97,183.105,183.542,3537,2021-05-13 13:31:00,TSCO
183.49,183.49,183.09,183.43,1795,2021-05-13 13:32:00,TSCO
183.5595,183.565,183.11,183.23,772,2021-05-13 13:33:00,TSCO
183.4,183.96,183.4,183.9276,1600,2021-05-13 13:35:00,TSCO
184.32,184.85,184.15,184.15,4015,2021-05-13 13:36:00,TSCO
184.38,184.75,184.38,184.717,600,2021-05-13 13:37:00,TSCO
184.87,184.87,184.38,184.38,700,2021-05-13 13:38:00,TSCO
184.33,184.33,184.25,184.28,300,2021-05-13 13:39:00,TSCO
184.0,184.84,183.89,184.84,1785,2021-05-13 13:40:00,TSCO
184.61,184.61,184.03,184.305,1775,2021-05-13 13:41:00,TSCO
184.1,184.34,183.91,184.34,1811,2021-05-13 13:42:00,TSCO
184.51,184.8,184.3,184.8,1820,2021-05-13 13:43:00,TSCO
184.61,184.61,184.61,184.61,100,2021-05-13 13:44:00,TSCO
184.9899,184.9899,184.63,184.66,1507,2021-05-13 13:45:00,TSCO
184.73,185.0,184.73,184.99,2857,2021-05-13 13:46:00,TSCO
184.89,184.96,184.8,184.94,900,2021-05-13 13:47:00,TSCO
185.1,185.275,184.995,185.275,2384,2021-05-13 13:48:00,TSCO
185.48,185.7,185.0,185.15,49088,2021-05-13 13:49:00,TSCO
185.2,185.49,185.2,185.325,1303,2021-05-13 13:50:00,TSCO
185.48,185.55,185.34,185.41,2400,2021-05-13 13:51:00,TSCO
185.31,185.31,185.12,185.12,1300,2021-05-13 13:52:00,TSCO
185.205,185.525,185.205,185.525,2300,2021-05-13 13:53:00,TSCO
185.76,185.76,185.75,185.75,1500,2021-05-13 13:54:00,TSCO
185.86,185.86,185.52,185.52,1500,2021-05-13 13:55:00,TSCO
185.515,185.64,185.515,185.64,9900,2021-05-13 13:56:00,TSCO
185.67,185.67,185.57,185.57,1300,2021-05-13 13:57:00,TSCO
185.66,185.66,185.55,185.55,7450,2021-05-13 13:58:00,TSCO
185.45,185.45,185.34,185.4,530,2021-05-13 13:59:00,TSCO
185.4,185.52,185.375,185.46,1625,2021-05-13 14:00:00,TSCO
185.56,185.815,185.56,185.815,500,2021-05-13 14:01:00,TSCO
185.79,185.95,185.79,185.9141,6956,2021-05-13 14:02:00,TSCO
185.95,186.025,185.95,186.025,400,2021-05-13 14:03:00,TSCO
185.79,185.79,185.79,185.79,100,2021-05-13 14:04:00,TSCO
185.83,186.087,185.83,186.087,1772,2021-05-13 14:05:00,TSCO
186.04,186.2,185.77,185.8866,2375,2021-05-13 14:06:00,TSCO
185.79,185.79,185.4172,185.4172,1000,2021-05-13 14:07:00,TSCO
185.6,185.65,185.51,185.65,500,2021-05-13 14:08:00,TSCO
185.65,185.8799,185.65,185.8799,1640,2021-05-13 14:09:00,TSCO
185.7535,185.7535,185.72,185.72,300,2021-05-13 14:10:00,TSCO
185.7,185.7,185.64,185.65,600,2021-05-13 14:11:00,TSCO
185.84,185.99,185.83,185.95,1700,2021-05-13 14:12:00,TSCO
186.01,186.1399,186.01,186.04,2600,2021-05-13 14:13:00,TSCO
186.04,186.04,185.79,185.79,300,2021-05-13 14:14:00,TSCO
185.9,186.024,185.9,186.024,1200,2021-05-13 14:15:00,TSCO
185.97,186.0,185.82,185.82,6500,2021-05-13 14:16:00,TSCO
185.86,186.06,185.86,186.06,1100,2021-05-13 14:17:00,TSCO
186.08,186.17,185.95,186.1547,3244,2021-05-13 14:18:00,TSCO
186.17,186.43,186.17,186.31,2370,2021-05-13 14:19:00,TSCO
186.23,186.23,186.23,186.23,100,2021-05-13 14:20:00,TSCO
186.4,186.76,186.4,186.76,9407,2021-05-13 14:21:00,TSCO
186.78,186.8362,186.38,186.38,1000,2021-05-13 14:22:00,TSCO
186.37,186.37,186.205,186.25,1030,2021-05-13 14:23:00,TSCO
186.26,186.26,186.26,186.26,100,2021-05-13 14:24:00,TSCO
186.255,186.255,186.11,186.11,6400,2021-05-13 14:25:00,TSCO
186.0,186.0,185.8013,185.915,700,2021-05-13 14:26:00,TSCO
186.005,186.07,185.91,185.92,6700,2021-05-13 14:27:00,TSCO
185.78,185.78,185.76,185.76,300,2021-05-13 14:28:00,TSCO
185.86,186.0,185.86,186.0,400,2021-05-13 14:29:00,TSCO
186.02,186.11,185.94,185.95,1002,2021-05-13 14:30:00,TSCO
185.9,185.93,185.9,185.93,200,2021-05-13 14:31:00,TSCO
185.84,185.98,185.84,185.98,425,2021-05-13 14:32:00,TSCO
185.96,186.01,185.96,186.01,200,2021-05-13 14:34:00,TSCO
185.83,185.83,185.74,185.74,300,2021-05-13 14:35:00,TSCO
185.76,185.76,185.76,185.76,100,2021-05-13 14:36:00,TSCO
185.75,185.91,185.75,185.88,900,2021-05-13 14:37:00,TSCO
185.72,185.72,185.72,185.72,130,2021-05-13 14:38:00,TSCO
185.81,185.81,185.74,185.74,300,2021-05-13 14:39:00,TSCO
185.79,185.79,185.79,185.79,300,2021-05-13 14:40:00,TSCO
185.74,185.795,185.71,185.795,300,2021-05-13 14:41:00,TSCO
185.7999,185.945,185.74,185.945,4010,2021-05-13 14:42:00,TSCO
185.945,185.945,185.75,185.765,2114,2021-05-13 14:43:00,TSCO
185.7,185.7,185.635,185.635,2200,2021-05-13 14:44:00,TSCO
185.65,185.71,185.65,185.71,400,2021-05-13 14:45:00,TSCO
185.7713,185.7713,185.66,185.66,700,2021-05-13 14:46:00,TSCO
185.65,185.68,185.595,185.625,6987,2021-05-13 14:47:00,TSCO
185.6209,185.72,185.6209,185.71,1900,2021-05-13 14:48:00,TSCO
185.65,185.65,185.61,185.61,200,2021-05-13 14:49:00,TSCO
185.525,185.56,185.37,185.37,1554,2021-05-13 14:50:00,TSCO
185.415,185.48,185.41,185.458,1400,2021-05-13 14:51:00,TSCO
185.415,185.58,185.415,185.57,1790,2021-05-13 14:52:00,TSCO
185.67,185.77,185.58,185.58,1889,2021-05-13 14:53:00,TSCO
185.715,185.884,185.715,185.884,400,2021-05-13 14:54:00,TSCO
185.74,186.04,185.74,186.04,500,2021-05-13 14:55:00,TSCO
186.015,186.045,185.885,185.98,908,2021-05-13 14:56:00,TSCO
185.87,185.87,185.645,185.645,1700,2021-05-13 14:57:00,TSCO
185.645,185.645,185.37,185.445,5680,2021-05-13 14:58:00,TSCO
185.5,185.97,185.5,185.97,1900,2021-05-13 14:59:00,TSCO
186.05,186.0675,185.82,185.82,300,2021-05-13 15:00:00,TSCO
185.69,185.71,185.69,185.69,400,2021-05-13 15:01:00,TSCO
185.56,185.65,185.42,185.64,539,2021-05-13 15:02:00,TSCO
185.71,185.93,185.71,185.93,500,2021-05-13 15:03:00,TSCO
185.8,185.8,185.8,185.8,100,2021-05-13 15:04:00,TSCO
185.95,185.95,185.8432,185.8432,500,2021-05-13 15:05:00,TSCO
185.82,185.82,185.82,185.82,100,2021-05-13 15:06:00,TSCO
185.76,185.8199,185.7,185.8199,400,2021-05-13 15:07:00,TSCO
185.65,185.7,185.52,185.68,1200,2021-05-13 15:08:00,TSCO
185.8,185.8,185.56,185.74,1100,2021-05-13 15:09:00,TSCO
185.82,185.84,185.7,185.705,1600,2021-05-13 15:10:00,TSCO
185.63,185.678,185.63,185.678,500,2021-05-13 15:11:00,TSCO
185.72,185.72,185.6,185.6,300,2021-05-13 15:12:00,TSCO
185.6842,185.6842,185.56,185.56,1216,2021-05-13 15:13:00,TSCO
185.52,185.52,185.29,185.29,200,2021-05-13 15:14:00,TSCO
185.28,185.37,185.28,185.36,700,2021-05-13 15:15:00,TSCO
185.37,185.37,185.37,185.37,300,2021-05-13 15:16:00,TSCO
185.33,185.33,185.33,185.33,100,2021-05-13 15:17:00,TSCO
185.43,185.47,185.43,185.47,205,2021-05-13 15:18:00,TSCO
185.48,185.5,185.48,185.5,200,2021-05-13 15:19:00,TSCO
185.45,185.595,185.45,185.55,500,2021-05-13 15:20:00,TSCO
185.53,185.53,185.34,185.36,1696,2021-05-13 15:21:00,TSCO
185.41,185.52,185.39,185.51,1600,2021-05-13 15:22:00,TSCO
185.445,185.445,185.43,185.44,500,2021-05-13 15:24:00,TSCO
185.53,185.58,185.31,185.31,700,2021-05-13 15:25:00,TSCO
185.36,185.36,185.27,185.27,300,2021-05-13 15:26:00,TSCO
185.15,185.15,185.12,185.12,200,2021-05-13 15:27:00,TSCO
185.14,185.14,185.07,185.07,300,2021-05-13 15:28:00,TSCO
185.07,185.07,184.91,184.91,708,2021-05-13 15:29:00,TSCO
185.02,185.24,184.99,185.24,6505,2021-05-13 15:30:00,TSCO
185.24,185.3,185.23,185.23,1500,2021-05-13 15:31:00,TSCO
185.24,185.31,185.22,185.31,2182,2021-05-13 15:32:00,TSCO
185.33,185.35,185.27,185.3,701,2021-05-13 15:33:00,TSCO
185.3,185.3,185.23,185.25,802,2021-05-13 15:34:00,TSCO
185.15,185.21,185.145,185.21,600,2021-05-13 15:36:00,TSCO
185.22,185.22,185.22,185.22,100,2021-05-13 15:37:00,TSCO
185.3,185.41,185.3,185.41,382,2021-05-13 15:38:00,TSCO
185.395,185.6,185.395,185.58,1900,2021-05-13 15:39:00,TSCO
185.645,185.645,185.51,185.51,6990,2021-05-13 15:40:00,TSCO
185.46,185.47,185.44,185.44,800,2021-05-13 15:41:00,TSCO
185.22,185.23,185.22,185.23,200,2021-05-13 15:42:00,TSCO
185.13,185.13,184.835,184.9,868,2021-05-13 15:43:00,TSCO
184.93,184.93,184.82,184.84,600,2021-05-13 15:44:00,TSCO
184.85,184.95,184.84,184.84,700,2021-05-13 15:45:00,TSCO
184.9,184.96,184.842,184.93,1318,2021-05-13 15:46:00,TSCO
184.96,185.095,184.95,185.095,1748,2021-05-13 15:47:00,TSCO
185.1449,185.1449,185.06,185.06,350,2021-05-13 15:48:00,TSCO
185.18,185.22,185.06,185.22,1000,2021-05-13 15:49:00,TSCO
185.4,185.5,185.4,185.5,300,2021-05-13 15:51:00,TSCO
185.5,185.5,185.46,185.46,300,2021-05-13 15:52:00,TSCO
185.52,185.69,185.49,185.65,1100,2021-05-13 15:53:00,TSCO
185.69,185.81,185.49,185.57,2300,2021-05-13 15:54:00,TSCO
185.65,185.67,185.56,185.56,900,2021-05-13 15:55:00,TSCO
185.53,185.53,185.4021,185.4021,325,2021-05-13 15:56:00,TSCO
185.4,185.4,185.37,185.37,200,2021-05-13 15:57:00,TSCO
185.28,185.28,185.25,185.25,200,2021-05-13 15:58:00,TSCO
185.31,185.3275,185.23,185.29,1265,2021-05-13 15:59:00,TSCO
185.36,185.37,185.0283,185.08,3160,2021-05-13 16:00:00,TSCO
185.0724,185.29,185.0724,185.29,2491,2021-05-13 16:01:00,TSCO
185.3,185.41,185.3,185.41,200,2021-05-13 16:02:00,TSCO
185.3101,185.39,185.3101,185.39,201,2021-05-13 16:03:00,TSCO
185.42,185.42,185.25,185.25,300,2021-05-13 16:04:00,TSCO
185.17,185.32,185.1,185.32,1000,2021-05-13 16:05:00,TSCO
185.35,185.405,185.35,185.37,439,2021-05-13 16:06:00,TSCO
185.45,185.53,185.45,185.5,306,2021-05-13 16:07:00,TSCO
185.67,185.67,185.67,185.67,100,2021-05-13 16:08:00,TSCO
185.92,185.94,185.92,185.94,300,2021-05-13 16:09:00,TSCO
186.075,186.31,185.95,185.98,2250,2021-05-13 16:10:00,TSCO
185.93,185.99,185.89,185.9,977,2021-05-13 16:11:00,TSCO
185.89,185.89,185.89,185.89,200,2021-05-13 16:12:00,TSCO
185.8,185.8,185.8,185.8,200,2021-05-13 16:13:00,TSCO
185.86,185.93,185.82,185.82,600,2021-05-13 16:15:00,TSCO
185.9,186.0,185.9,186.0,400,2021-05-13 16:16:00,TSCO
186.06,186.12,186.06,186.12,200,2021-05-13 16:17:00,TSCO
185.96,185.96,185.85,185.87,1544,2021-05-13 16:18:00,TSCO
185.85,185.85,185.7,185.7,480,2021-05-13 16:19:00,TSCO
185.75,185.75,185.69,185.71,1200,2021-05-13 16:20:00,TSCO
185.72,185.72,185.72,185.72,300,2021-05-13 16:21:00,TSCO
185.67,185.68,185.66,185.66,2100,2021-05-13 16:22:00,TSCO
185.6,185.66,185.5401,185.5401,648,2021-05-13 16:23:00,TSCO
185.61,185.62,185.61,185.62,300,2021-05-13 16:24:00,TSCO
185.68,185.74,185.68,185.685,600,2021-05-13 16:25:00,TSCO
185.73,185.836,185.72,185.836,925,2021-05-13 16:26:00,TSCO
185.815,185.815,185.66,185.7,2600,2021-05-13 16:27:00,TSCO
185.79,185.94,185.79,185.94,300,2021-05-13 16:28:00,TSCO
185.945,185.97,185.945,185.97,400,2021-05-13 16:29:00,TSCO
185.96,186.06,185.94,186.06,700,2021-05-13 16:30:00,TSCO
186.0,186.03,185.97,185.97,600,2021-05-13 16:31:00,TSCO
186.07,186.07,186.01,186.03,500,2021-05-13 16:32:00,TSCO
185.96,185.96,185.82,185.915,1060,2021-05-13 16:33:00,TSCO
185.92,185.92,185.82,185.82,2228,2021-05-13 16:34:00,TSCO
185.82,185.82,185.63,185.63,3500,2021-05-13 16:35:00,TSCO
185.63,185.63,185.63,185.63,209,2021-05-13 16:36:00,TSCO
185.71,185.91,185.71,185.91,1000,2021-05-13 16:37:00,TSCO
185.875,185.875,185.74,185.74,800,2021-05-13 16:39:00,TSCO
185.69,185.835,185.47,185.835,6240,2021-05-13 16:40:00,TSCO
185.84,185.84,185.75,185.75,2464,2021-05-13 16:41:00,TSCO
185.72,185.88,185.72,185.88,500,2021-05-13 16:43:00,TSCO
185.94,185.94,185.72,185.76,1400,2021-05-13 16:44:00,TSCO
185.77,185.845,185.7,185.701,994,2021-05-13 16:45:00,TSCO
185.66,185.66,185.54,185.56,2400,2021-05-13 16:46:00,TSCO
185.63,185.74,185.63,185.66,1000,2021-05-13 16:48:00,TSCO
185.71,185.78,185.71,185.78,1000,2021-05-13 16:49:00,TSCO
185.83,185.83,185.825,185.825,200,2021-05-13 16:50:00,TSCO
185.8,185.8,185.52,185.52,1200,2021-05-13 16:51:00,TSCO
185.54,185.54,185.54,185.54,100,2021-05-13 16:52:00,TSCO
185.62,185.62,185.52,185.52,400,2021-05-13 16:53:00,TSCO
185.52,185.52,185.4453,185.4453,265,2021-05-13 16:55:00,TSCO
185.33,185.41,185.31,185.38,1200,2021-05-13 16:56:00,TSCO
185.23,185.3,185.23,185.285,300,2021-05-13 16:57:00,TSCO
185.31,185.31,185.31,185.31,100,2021-05-13 16:58:00,TSCO
185.43,185.53,185.43,185.53,1300,2021-05-13 16:59:00,TSCO
185.44,185.51,185.38,185.45,1000,2021-05-13 17:00:00,TSCO
185.5,185.5,185.205,185.205,600,2021-05-13 17:01:00,TSCO
185.28,185.39,185.28,185.39,400,2021-05-13 17:02:00,TSCO
185.33,185.39,185.32,185.345,500,2021-05-13 17:03:00,TSCO
185.33,185.33,185.33,185.33,300,2021-05-13 17:04:00,TSCO
185.485,185.485,185.3,185.3,700,2021-05-13 17:05:00,TSCO
185.24,185.32,185.22,185.27,800,2021-05-13 17:06:00,TSCO
185.32,185.37,185.32,185.37,200,2021-05-13 17:07:00,TSCO
185.5,185.52,185.5,185.52,200,2021-05-13 17:10:00,TSCO
185.47,185.47,185.31,185.42,701,2021-05-13 17:11:00,TSCO
185.56,185.56,185.41,185.42,800,2021-05-13 17:12:00,TSCO
185.48,185.48,185.42,185.42,700,2021-05-13 17:13:00,TSCO
185.54,185.59,185.51,185.59,400,2021-05-13 17:14:00,TSCO
185.605,185.66,185.55,185.575,700,2021-05-13 17:15:00,TSCO
185.67,185.67,185.615,185.615,400,2021-05-13 17:16:00,TSCO
185.55,185.62,185.55,185.56,550,2021-05-13 17:17:00,TSCO
185.52,185.52,185.26,185.26,1000,2021-05-13 17:18:00,TSCO
185.2,185.2,184.96,185.04,1625,2021-05-13 17:19:00,TSCO
185.055,185.055,185.045,185.045,300,2021-05-13 17:20:00,TSCO
184.85,184.89,184.85,184.89,300,2021-05-13 17:21:00,TSCO
184.89,185.01,184.89,185.01,320,2021-05-13 17:22:00,TSCO
184.99,185.14,184.76,184.8,5038,2021-05-13 17:23:00,TSCO
184.815,184.87,184.815,184.85,500,2021-05-13 17:24:00,TSCO
184.74,184.78,184.74,184.78,400,2021-05-13 17:25:00,TSCO
184.8102,184.8102,184.8102,184.8102,100,2021-05-13 17:26:00,TSCO
184.67,184.67,184.67,184.67,100,2021-05-13 17:27:00,TSCO
184.69,184.69,184.69,184.69,130,2021-05-13 17:28:00,TSCO
184.66,184.66,184.66,184.66,100,2021-05-13 17:29:00,TSCO
184.66,184.66,184.66,184.66,100,2021-05-13 17:30:00,TSCO
184.588,184.63,184.5,184.5,999,2021-05-13 17:31:00,TSCO
184.285,184.379,184.23,184.32,2200,2021-05-13 17:32:00,TSCO
184.35,184.35,184.21,184.21,400,2021-05-13 17:33:00,TSCO
184.238,184.238,184.238,184.238,143,2021-05-13 17:34:00,TSCO
184.39,184.39,184.37,184.39,400,2021-05-13 17:35:00,TSCO
184.4,184.4,184.4,184.4,100,2021-05-13 17:36:00,TSCO
184.3318,184.3318,184.315,184.315,400,2021-05-13 17:37:00,TSCO
184.37,184.37,184.25,184.25,300,2021-05-13 17:38:00,TSCO
184.4,184.59,184.4,184.44,500,2021-05-13 17:39:00,TSCO
184.58,184.58,184.25,184.32,1000,2021-05-13 17:40:00,TSCO
184.41,184.54,184.41,184.54,400,2021-05-13 17:41:00,TSCO
184.53,184.56,184.53,184.56,300,2021-05-13 17:42:00,TSCO
184.73,184.73,184.645,184.645,200,2021-05-13 17:43:00,TSCO
184.62,184.74,184.62,184.74,500,2021-05-13 17:44:00,TSCO
184.71,184.83,184.55,184.585,1400,2021-05-13 17:45:00,TSCO
184.425,184.495,184.425,184.495,500,2021-05-13 17:46:00,TSCO
184.54,184.54,184.21,184.21,2700,2021-05-13 17:47:00,TSCO
184.23,184.23,184.1,184.1,1100,2021-05-13 17:48:00,TSCO
184.0,184.13,183.96,183.96,3121,2021-05-13 17:49:00,TSCO
184.09,184.2,184.09,184.13,600,2021-05-13 17:50:00,TSCO
184.19,184.19,184.19,184.19,100,2021-05-13 17:51:00,TSCO
184.33,184.34,184.25,184.34,2450,2021-05-13 17:52:00,TSCO
184.415,184.42,184.16,184.16,2253,2021-05-13 17:53:00,TSCO
184.39,184.41,184.21,184.34,700,2021-05-13 17:54:00,TSCO
184.35,184.39,184.255,184.255,1802,2021-05-13 17:55:00,TSCO
184.27,184.605,184.25,184.6,2626,2021-05-13 17:56:00,TSCO
184.47,184.51,184.36,184.415,1192,2021-05-13 17:57:00,TSCO
184.4,184.86,184.31,184.85,2147,2021-05-13 17:58:00,TSCO
184.56,184.8,184.49,184.8,700,2021-05-13 17:59:00,TSCO
184.635,185.33,184.5,185.33,6486,2021-05-13 18:00:00,TSCO
185.2,185.4,185.05,185.4,4400,2021-05-13 18:01:00,TSCO
185.42,185.84,185.36,185.63,2900,2021-05-13 18:02:00,TSCO
185.64,185.64,185.64,185.64,117,2021-05-13 18:05:00,TSCO
185.58,185.675,185.565,185.59,2600,2021-05-13 18:06:00,TSCO
185.68,185.73,185.68,185.7,700,2021-05-13 18:07:00,TSCO
185.57,185.76,185.57,185.76,2070,2021-05-13 18:08:00,TSCO
185.85,185.97,185.75,185.9,1855,2021-05-13 18:10:00,TSCO
185.74,185.74,185.61,185.61,700,2021-05-13 18:12:00,TSCO
185.705,185.705,185.64,185.64,403,2021-05-13 18:13:00,TSCO
185.59,185.59,185.59,185.59,300,2021-05-13 18:15:00,TSCO
185.54,185.6,185.5,185.5,1700,2021-05-13 18:16:00,TSCO
185.42,185.51,185.165,185.24,3620,2021-05-13 18:17:00,TSCO
185.325,185.325,185.2891,185.2891,350,2021-05-13 18:19:00,TSCO
185.21,185.26,185.16,185.23,1324,2021-05-13 18:20:00,TSCO
185.395,185.44,185.395,185.44,501,2021-05-13 18:21:00,TSCO
185.49,185.49,185.3,185.3,1984,2021-05-13 18:22:00,TSCO
185.34,185.5,185.34,185.5,1200,2021-05-13 18:23:00,TSCO
185.565,185.65,185.5225,185.65,900,2021-05-13 18:24:00,TSCO
185.65,185.71,185.65,185.71,582,2021-05-13 18:25:00,TSCO
185.71,185.71,185.475,185.475,4688,2021-05-13 18:26:00,TSCO
185.57,185.58,185.515,185.545,1100,2021-05-13 18:27:00,TSCO
185.65,185.765,185.59,185.765,2110,2021-05-13 18:28:00,TSCO
185.89,185.89,185.89,185.89,100,2021-05-13 18:29:00,TSCO
185.96,186.01,185.935,186.01,1000,2021-05-13 18:31:00,TSCO
186.0,186.19,186.0,186.07,900,2021-05-13 18:32:00,TSCO
186.135,186.19,186.04,186.04,844,2021-05-13 18:33:00,TSCO
186.01,186.01,185.915,185.96,1500,2021-05-13 18:34:00,TSCO
186.05,186.245,186.045,186.07,600,2021-05-13 18:35:00,TSCO
186.16,186.255,186.16,186.24,500,2021-05-13 18:36:00,TSCO
186.23,186.23,186.2,186.2,200,2021-05-13 18:37:00,TSCO
186.17,186.17,186.05,186.06,1000,2021-05-13 18:38:00,TSCO
186.13,186.135,186.13,186.135,300,2021-05-13 18:39:00,TSCO
186.05,186.05,185.87,185.87,1800,2021-05-13 18:40:00,TSCO
185.99,186.01,185.99,186.01,300,2021-05-13 18:41:00,TSCO
185.94,186.02,185.94,185.9636,439,2021-05-13 18:42:00,TSCO
186.02,186.09,186.02,186.09,407,2021-05-13 18:43:00,TSCO
186.105,186.195,186.09,186.1577,805,2021-05-13 18:44:00,TSCO
186.15,186.15,185.96,185.99,1000,2021-05-13 18:45:00,TSCO
185.78,185.93,185.78,185.93,600,2021-05-13 18:46:00,TSCO
186.08,186.08,185.98,185.99,700,2021-05-13 18:48:00,TSCO
186.02,186.17,186.02,186.08,511,2021-05-13 18:49:00,TSCO
186.13,186.13,185.6,185.6,6004,2021-05-13 18:50:00,TSCO
185.72,185.88,185.72,185.88,400,2021-05-13 18:51:00,TSCO
185.92,186.015,185.8375,185.8375,603,2021-05-13 18:52:00,TSCO
185.97,186.02,185.97,186.02,200,2021-05-13 18:53:00,TSCO
186.055,186.14,186.055,186.14,200,2021-05-13 18:54:00,TSCO
186.2,186.2,186.04,186.04,400,2021-05-13 18:55:00,TSCO
186.01,186.15,186.01,186.08,1100,2021-05-13 18:56:00,TSCO
185.97,186.045,185.861,186.045,1700,2021-05-13 18:57:00,TSCO
186.01,186.06,185.87,185.87,2998,2021-05-13 18:58:00,TSCO
185.88,185.89,185.82,185.82,1736,2021-05-13 18:59:00,TSCO
185.7975,185.94,185.795,185.94,900,2021-05-13 19:00:00,TSCO
185.99,185.99,185.8,185.815,2960,2021-05-13 19:01:00,TSCO
186.0,186.16,185.94,186.16,2336,2021-05-13 19:02:00,TSCO
186.28,186.28,186.19,186.25,520,2021-05-13 19:03:00,TSCO
186.17,186.17,185.97,186.05,1317,2021-05-13 19:04:00,TSCO
185.96,186.01,185.9,185.995,2200,2021-05-13 19:05:00,TSCO
185.95,185.98,185.76,185.97,7000,2021-05-13 19:06:00,TSCO
186.02,186.06,185.87,185.87,2721,2021-05-13 19:07:00,TSCO
185.77,185.84,185.77,185.84,2400,2021-05-13 19:08:00,TSCO
185.9,185.98,185.9,185.98,300,2021-05-13 19:09:00,TSCO
186.035,186.035,185.68,185.805,6855,2021-05-13 19:10:00,TSCO
185.94,186.02,185.84,185.84,2531,2021-05-13 19:11:00,TSCO
185.84,185.84,185.62,185.74,4755,2021-05-13 19:12:00,TSCO
185.73,185.74,185.44,185.45,8406,2021-05-13 19:13:00,TSCO
185.5,185.58,185.5,185.58,500,2021-05-13 19:14:00,TSCO
185.72,185.78,185.61,185.62,2954,2021-05-13 19:15:00,TSCO
185.61,185.665,185.535,185.64,11064,2021-05-13 19:16:00,TSCO
185.6,185.62,185.51,185.59,5801,2021-05-13 19:17:00,TSCO
185.53,185.94,185.51,185.94,16307,2021-05-13 19:18:00,TSCO
185.95,185.95,185.82,185.82,2162,2021-05-13 19:19:00,TSCO
185.835,185.835,185.835,185.835,100,2021-05-13 19:20:00,TSCO
185.865,185.865,185.62,185.62,6556,2021-05-13 19:21:00,TSCO
185.62,185.62,185.39,185.39,5071,2021-05-13 19:22:00,TSCO
185.34,185.8,185.34,185.65,9353,2021-05-13 19:23:00,TSCO
185.65,185.66,185.45,185.53,13718,2021-05-13 19:24:00,TSCO
185.56,185.765,185.531,185.61,11067,2021-05-13 19:25:00,TSCO
185.63,186.31,185.59,186.2995,21549,2021-05-13 19:26:00,TSCO
186.3,186.35,186.1,186.205,2541,2021-05-13 19:27:00,TSCO
186.15,186.38,186.15,186.29,1700,2021-05-13 19:28:00,TSCO
186.315,186.545,186.315,186.42,600,2021-05-13 19:29:00,TSCO
186.55,186.55,186.42,186.51,800,2021-05-13 19:30:00,TSCO
186.51,186.54,186.45,186.54,1204,2021-05-13 19:31:00,TSCO
186.46,186.59,186.44,186.55,2427,2021-05-13 19:32:00,TSCO
186.49,186.54,186.44,186.54,300,2021-05-13 19:33:00,TSCO
186.45,186.48,186.44,186.47,782,2021-05-13 19:34:00,TSCO
186.4,186.55,186.325,186.48,2360,2021-05-13 19:35:00,TSCO
186.4786,186.4786,186.36,186.42,1004,2021-05-13 19:36:00,TSCO
186.46,186.46,186.3,186.3,10700,2021-05-13 19:37:00,TSCO
186.34,186.365,186.32,186.35,1926,2021-05-13 19:38:00,TSCO
186.44,186.51,186.4,186.5,1415,2021-05-13 19:39:00,TSCO
186.5,186.58,186.46,186.48,1069,2021-05-13 19:40:00,TSCO
186.55,186.59,186.54,186.59,900,2021-05-13 19:41:00,TSCO
186.62,186.95,186.62,186.88,2007,2021-05-13 19:42:00,TSCO
186.82,186.83,186.59,186.73,2455,2021-05-13 19:43:00,TSCO
186.81,186.81,186.74,186.765,400,2021-05-13 19:44:00,TSCO
186.7726,186.84,186.76,186.785,2081,2021-05-13 19:45:00,TSCO
186.83,186.9199,186.83,186.84,1405,2021-05-13 19:46:00,TSCO
186.81,186.86,186.6225,186.71,2753,2021-05-13 19:47:00,TSCO
186.675,186.8478,186.675,186.72,1942,2021-05-13 19:48:00,TSCO
186.7226,186.7226,186.58,186.68,2958,2021-05-13 19:49:00,TSCO
186.89,186.89,186.56,186.77,5517,2021-05-13 19:50:00,TSCO
186.8,186.84,186.7,186.79,3014,2021-05-13 19:51:00,TSCO
186.79,186.79,186.5675,186.64,4460,2021-05-13 19:52:00,TSCO
186.65,186.785,186.65,186.785,2229,2021-05-13 19:53:00,TSCO
186.82,186.84,186.5575,186.73,4946,2021-05-13 19:54:00,TSCO
186.65,186.65,186.41,186.55,4165,2021-05-13 19:55:00,TSCO
186.54,186.6,186.465,186.49,5234,2021-05-13 19:56:00,TSCO
186.49,186.5,186.34,186.39,6298,2021-05-13 19:57:00,TSCO
186.42,186.48,186.35,186.39,7657,2021-05-13 19:58:00,TSCO
186.37,186.59,186.37,186.55,11865,2021-05-13 19:59:00,TSCO
186.54,186.54,186.54,186.54,90361,2021-05-13 20:00:00,TSCO
186.54,186.54,186.54,186.54,2087,2021-05-13 20:02:00,TSCO
186.54,186.54,186.54,186.54,15500,2021-05-13 20:22:00,TSCO
187.75,187.75,187.75,187.75,100,2021-05-14 13:16:00,TSCO
187.29,187.29,186.75,186.75,360,2021-05-14 13:28:00,TSCO
186.65,186.65,186.65,186.65,100,2021-05-14 13:29:00,TSCO
186.56,188.0,186.56,186.84,11721,2021-05-14 13:30:00,TSCO
186.775,186.775,186.775,186.775,100,2021-05-14 13:31:00,TSCO
186.75,186.75,186.06,186.43,2021,2021-05-14 13:32:00,TSCO
186.48,186.48,186.41,186.41,300,2021-05-14 13:33:00,TSCO
186.02,186.35,186.02,186.34,1750,2021-05-14 13:34:00,TSCO
186.76,186.76,186.285,186.45,800,2021-05-14 13:35:00,TSCO
186.09,186.48,186.09,186.48,1316,2021-05-14 13:36:00,TSCO
186.73,187.12,186.66,187.12,450,2021-05-14 13:37:00,TSCO
187.0239,187.0239,187.0239,187.0239,100,2021-05-14 13:38:00,TSCO
186.95,187.38,186.95,187.38,400,2021-05-14 13:39:00,TSCO
187.09,187.57,187.09,187.57,506,2021-05-14 13:40:00,TSCO
187.57,187.665,187.23,187.23,950,2021-05-14 13:41:00,TSCO
187.33,187.33,187.095,187.2666,500,2021-05-14 13:42:00,TSCO
187.2616,187.43,187.24,187.28,4820,2021-05-14 13:43:00,TSCO
187.19,187.34,187.18,187.31,763,2021-05-14 13:44:00,TSCO
187.3,187.33,187.01,187.17,3000,2021-05-14 13:45:00,TSCO
187.17,187.18,187.07,187.08,1000,2021-05-14 13:46:00,TSCO
187.17,187.23,187.17,187.23,200,2021-05-14 13:47:00,TSCO
187.15,187.35,187.15,187.35,1734,2021-05-14 13:48:00,TSCO
187.28,187.28,187.2,187.27,675,2021-05-14 13:49:00,TSCO
187.26,187.26,187.15,187.19,923,2021-05-14 13:50:00,TSCO
187.27,187.39,187.27,187.39,400,2021-05-14 13:51:00,TSCO
187.3,187.32,187.14,187.1532,900,2021-05-14 13:52:00,TSCO
187.0701,187.1851,187.0701,187.1851,400,2021-05-14 13:53:00,TSCO
187.165,187.23,187.165,187.23,300,2021-05-14 13:54:00,TSCO
187.04,187.16,187.04,187.145,2778,2021-05-14 13:55:00,TSCO
187.19,187.19,187.08,187.09,919,2021-05-14 13:56:00,TSCO
187.09,187.09,186.91,187.01,1800,2021-05-14 13:57:00,TSCO
187.0,187.005,187.0,187.005,350,2021-05-14 13:58:00,TSCO
187.01,187.11,186.93,186.93,1756,2021-05-14 13:59:00,TSCO
187.075,187.075,186.94,186.94,300,2021-05-14 14:00:00,TSCO
187.15,187.26,187.15,187.19,900,2021-05-14 14:01:00,TSCO
187.21,187.27,187.17,187.265,1418,2021-05-14 14:02:00,TSCO
187.17,187.3,187.135,187.3,2546,2021-05-14 14:03:00,TSCO
187.23,187.275,187.22,187.275,1700,2021-05-14 14:04:00,TSCO
187.275,187.34,186.915,186.915,1929,2021-05-14 14:05:00,TSCO
186.915,186.915,186.78,186.83,1320,2021-05-14 14:06:00,TSCO
186.91,186.91,186.83,186.83,200,2021-05-14 14:07:00,TSCO
186.8544,186.925,186.8544,186.925,370,2021-05-14 14:08:00,TSCO
186.9,186.925,186.9,186.925,600,2021-05-14 14:09:00,TSCO
186.87,186.9899,186.87,186.9899,592,2021-05-14 14:10:00,TSCO
186.87,186.87,186.87,186.87,400,2021-05-14 14:11:00,TSCO
186.85,187.01,186.85,186.92,1000,2021-05-14 14:12:00,TSCO
186.78,186.78,186.73,186.75,400,2021-05-14 14:13:00,TSCO
186.78,186.78,186.68,186.7,1060,2021-05-14 14:14:00,TSCO
186.775,186.85,186.775,186.85,300,2021-05-14 14:15:00,TSCO
186.79,186.79,186.54,186.59,3563,2021-05-14 14:16:00,TSCO
186.54,186.59,186.305,186.32,2763,2021-05-14 14:17:00,TSCO
186.38,186.38,186.38,186.38,100,2021-05-14 14:18:00,TSCO
186.29,186.435,186.28,186.435,2049,2021-05-14 14:19:00,TSCO
186.23,186.35,186.23,186.28,1951,2021-05-14 14:21:00,TSCO
186.28,186.4181,186.28,186.41,1500,2021-05-14 14:22:00,TSCO
186.34,186.34,186.34,186.34,100,2021-05-14 14:23:00,TSCO
186.4349,186.4349,186.32,186.32,542,2021-05-14 14:24:00,TSCO
186.26,186.315,186.19,186.2,2000,2021-05-14 14:25:00,TSCO
186.14,186.14,186.09,186.09,300,2021-05-14 14:26:00,TSCO
186.0,186.08,185.92,185.92,1030,2021-05-14 14:27:00,TSCO
185.81,185.92,185.63,185.63,958,2021-05-14 14:28:00,TSCO
185.76,185.76,185.46,185.46,2841,2021-05-14 14:29:00,TSCO
185.46,185.56,185.33,185.33,2125,2021-05-14 14:30:00,TSCO
185.12,185.12,185.08,185.08,347,2021-05-14 14:31:00,TSCO
185.0738,185.35,184.95,185.35,2741,2021-05-14 14:32:00,TSCO
185.5761,185.5761,185.57,185.57,200,2021-05-14 14:34:00,TSCO
185.46,185.46,185.37,185.38,800,2021-05-14 14:35:00,TSCO
185.5499,185.5499,185.495,185.495,298,2021-05-14 14:36:00,TSCO
185.42,185.495,185.41,185.41,800,2021-05-14 14:38:00,TSCO
185.48,185.65,185.48,185.65,958,2021-05-14 14:39:00,TSCO
185.865,185.865,185.77,185.81,3300,2021-05-14 14:40:00,TSCO
185.82,185.89,185.71,185.84,1900,2021-05-14 14:41:00,TSCO
185.9518,185.9518,185.745,185.745,700,2021-05-14 14:42:00,TSCO
185.7,185.7,185.38,185.38,1400,2021-05-14 14:43:00,TSCO
185.21,185.32,185.21,185.23,946,2021-05-14 14:44:00,TSCO
185.33,185.4,185.2079,185.4,4159,2021-05-14 14:45:00,TSCO
185.33,185.33,185.3,185.305,550,2021-05-14 14:46:00,TSCO
185.25,185.47,185.25,185.43,1100,2021-05-14 14:47:00,TSCO
185.49,185.65,185.42,185.65,1000,2021-05-14 14:48:00,TSCO
185.7,185.84,185.64,185.7077,2200,2021-05-14 14:49:00,TSCO
185.63,185.75,185.61,185.75,1300,2021-05-14 14:50:00,TSCO
185.7,185.7,185.497,185.497,650,2021-05-14 14:51:00,TSCO
185.515,185.515,185.515,185.515,100,2021-05-14 14:52:00,TSCO
185.62,185.66,185.54,185.56,1500,2021-05-14 14:53:00,TSCO
185.57,185.66,185.57,185.66,2100,2021-05-14 14:54:00,TSCO
185.81,185.81,185.74,185.74,200,2021-05-14 14:55:00,TSCO
185.7146,185.87,185.7146,185.87,900,2021-05-14 14:56:00,TSCO
185.9,185.96,185.895,185.95,1290,2021-05-14 14:57:00,TSCO
185.9257,185.96,185.85,185.96,1500,2021-05-14 14:58:00,TSCO
186.045,186.32,186.045,186.31,1202,2021-05-14 14:59:00,TSCO
186.24,186.38,186.18,186.38,1100,2021-05-14 15:00:00,TSCO
186.35,186.38,186.18,186.18,500,2021-05-14 15:01:00,TSCO
186.27,186.36,186.27,186.36,300,2021-05-14 15:02:00,TSCO
186.4,186.57,186.4,186.57,300,2021-05-14 15:03:00,TSCO
186.5,186.69,186.5,186.5,800,2021-05-14 15:04:00,TSCO
186.64,186.78,186.535,186.78,1362,2021-05-14 15:05:00,TSCO
186.79,186.93,186.79,186.85,1600,2021-05-14 15:06:00,TSCO
186.93,187.03,186.93,187.03,200,2021-05-14 15:07:00,TSCO
186.97,187.05,186.95,186.95,465,2021-05-14 15:08:00,TSCO
187.0503,187.0503,187.03,187.03,200,2021-05-14 15:09:00,TSCO
187.025,187.28,187.025,187.28,600,2021-05-14 15:10:00,TSCO
187.21,187.25,187.18,187.25,1133,2021-05-14 15:11:00,TSCO
187.31,187.31,187.31,187.31,200,2021-05-14 15:12:00,TSCO
187.3099,187.4899,187.3099,187.4899,956,2021-05-14 15:13:00,TSCO
187.49,187.55,187.275,187.275,7100,2021-05-14 15:14:00,TSCO
187.275,187.35,187.2,187.2,3360,2021-05-14 15:15:00,TSCO
187.03,187.03,187.03,187.03,100,2021-05-14 15:16:00,TSCO
187.1,187.1,187.1,187.1,1000,2021-05-14 15:17:00,TSCO
187.1599,187.17,187.1599,187.17,400,2021-05-14 15:18:00,TSCO
187.04,187.04,187.04,187.04,100,2021-05-14 15:19:00,TSCO
187.08,187.08,187.08,187.08,100,2021-05-14 15:20:00,TSCO
187.085,187.085,187.03,187.03,500,2021-05-14 15:21:00,TSCO
186.91,186.91,186.91,186.91,300,2021-05-14 15:22:00,TSCO
186.83,186.83,186.74,186.74,524,2021-05-14 15:24:00,TSCO
186.67,186.74,186.67,186.73,500,2021-05-14 15:25:00,TSCO
186.6807,186.8,186.6807,186.76,2132,2021-05-14 15:26:00,TSCO
186.75,186.75,186.75,186.75,100,2021-05-14 15:27:00,TSCO
186.74,186.74,186.71,186.74,600,2021-05-14 15:28:00,TSCO
186.74,186.74,186.74,186.74,100,2021-05-14 15:29:00,TSCO
186.78,186.83,186.78,186.83,659,2021-05-14 15:30:00,TSCO
186.74,186.74,186.69,186.69,700,2021-05-14 15:31:00,TSCO
186.68,186.715,186.65,186.67,600,2021-05-14 15:33:00,TSCO
186.59,186.62,186.59,186.62,200,2021-05-14 15:34:00,TSCO
186.71,186.75,186.7,186.75,700,2021-05-14 15:35:00,TSCO
186.72,186.72,186.7,186.71,800,2021-05-14 15:36:00,TSCO
186.68,186.69,186.61,186.69,600,2021-05-14 15:37:00,TSCO
186.62,186.62,186.62,186.62,535,2021-05-14 15:38:00,TSCO
186.74,186.8,186.74,186.8,800,2021-05-14 15:39:00,TSCO
186.95,186.99,186.91,186.99,300,2021-05-14 15:41:00,TSCO
187.03,187.16,187.03,187.16,500,2021-05-14 15:42:00,TSCO
187.14,187.245,187.09,187.09,900,2021-05-14 15:43:00,TSCO
187.15,187.15,187.14,187.14,200,2021-05-14 15:44:00,TSCO
187.02,187.0567,186.86,186.86,3941,2021-05-14 15:46:00,TSCO
186.82,186.92,186.8,186.92,2874,2021-05-14 15:47:00,TSCO
186.91,186.96,186.91,186.955,610,2021-05-14 15:48:00,TSCO
186.92,186.99,186.92,186.99,400,2021-05-14 15:49:00,TSCO
186.95,186.95,186.92,186.92,300,2021-05-14 15:50:00,TSCO
186.79,186.79,186.79,186.79,100,2021-05-14 15:51:00,TSCO
186.71,186.71,186.71,186.71,454,2021-05-14 15:52:00,TSCO
186.64,186.67,186.52,186.67,1623,2021-05-14 15:54:00,TSCO
186.7,186.75,186.6912,186.6912,530,2021-05-14 15:55:00,TSCO
186.8586,186.8586,186.78,186.78,250,2021-05-14 15:57:00,TSCO
186.955,186.955,186.955,186.955,200,2021-05-14 15:59:00,TSCO
186.93,186.96,186.87,186.94,900,2021-05-14 16:00:00,TSCO
186.89,187.01,186.88,187.01,500,2021-05-14 16:01:00,TSCO
186.965,186.965,186.965,186.965,1100,2021-05-14 16:04:00,TSCO
186.98,187.0,186.98,187.0,400,2021-05-14 16:05:00,TSCO
186.97,187.03,186.96,187.03,758,2021-05-14 16:06:00,TSCO
187.1,187.11,187.1,187.11,200,2021-05-14 16:07:00,TSCO
187.06,187.1,187.06,187.1,500,2021-05-14 16:08:00,TSCO
187.11,187.12,187.11,187.12,200,2021-05-14 16:09:00,TSCO
187.1,187.17,187.1,187.17,400,2021-05-14 16:11:00,TSCO
187.17,187.17,187.17,187.17,535,2021-05-14 16:12:00,TSCO
187.21,187.21,187.21,187.21,100,2021-05-14 16:13:00,TSCO
187.21,187.21,187.21,187.21,500,2021-05-14 16:14:00,TSCO
187.245,187.245,187.245,187.245,100,2021-05-14 16:15:00,TSCO
187.27,187.315,187.27,187.29,800,2021-05-14 16:17:00,TSCO
187.25,187.25,187.15,187.18,1007,2021-05-14 16:18:00,TSCO
187.195,187.2,187.16,187.16,300,2021-05-14 16:20:00,TSCO
187.16,187.16,187.06,187.06,500,2021-05-14 16:21:00,TSCO
187.07,187.07,187.035,187.035,300,2021-05-14 16:22:00,TSCO
187.0,187.02,186.95,187.02,914,2021-05-14 16:23:00,TSCO
187.0303,187.0303,187.0303,187.0303,100,2021-05-14 16:24:00,TSCO
187.05,187.1,187.05,187.1,700,2021-05-14 16:25:00,TSCO
187.115,187.15,187.115,187.15,250,2021-05-14 16:27:00,TSCO
187.15,187.16,187.14,187.14,300,2021-05-14 16:28:00,TSCO
187.15,187.15,187.1,187.12,500,2021-05-14 16:29:00,TSCO
187.09,187.17,187.09,187.17,3924,2021-05-14 16:30:00,TSCO
187.2,187.23,187.15,187.15,410,2021-05-14 16:31:00,TSCO
187.23,187.4,187.23,187.4,500,2021-05-14 16:32:00,TSCO
187.4,187.56,187.4,187.56,600,2021-05-14 16:34:00,TSCO
187.48,187.5,187.42,187.5,400,2021-05-14 16:35:00,TSCO
187.49,187.54,187.49,187.54,200,2021-05-14 16:36:00,TSCO
187.59,187.59,187.5717,187.5717,200,2021-05-14 16:37:00,TSCO
187.51,187.54,187.5,187.54,500,2021-05-14 16:38:00,TSCO
187.63,187.63,187.62,187.62,200,2021-05-14 16:39:00,TSCO
187.61,187.63,187.61,187.63,400,2021-05-14 16:41:00,TSCO
187.55,187.55,187.55,187.55,200,2021-05-14 16:42:00,TSCO
187.55,187.55,187.55,187.55,100,2021-05-14 16:43:00,TSCO
187.57,187.57,187.32,187.32,500,2021-05-14 16:44:00,TSCO
187.46,187.5,187.46,187.4795,700,2021-05-14 16:45:00,TSCO
187.59,187.6,187.59,187.6,400,2021-05-14 16:46:00,TSCO
187.62,187.62,187.555,187.555,300,2021-05-14 16:48:00,TSCO
187.59,187.7,187.59,187.67,600,2021-05-14 16:49:00,TSCO
187.72,187.72,187.72,187.72,100,2021-05-14 16:50:00,TSCO
187.77,187.77,187.54,187.62,2000,2021-05-14 16:51:00,TSCO
187.69,187.7,187.69,187.69,600,2021-05-14 16:53:00,TSCO
187.77,187.77,187.77,187.77,100,2021-05-14 16:54:00,TSCO
187.75,187.75,187.72,187.72,200,2021-05-14 16:55:00,TSCO
187.74,187.75,187.74,187.75,200,2021-05-14 16:56:00,TSCO
187.7536,187.7536,187.7536,187.7536,160,2021-05-14 16:57:00,TSCO
187.79,187.79,187.79,187.79,200,2021-05-14 16:58:00,TSCO
187.87,187.87,187.83,187.83,600,2021-05-14 16:59:00,TSCO
187.89,187.92,187.86,187.86,752,2021-05-14 17:00:00,TSCO
187.905,187.905,187.9,187.9,200,2021-05-14 17:01:00,TSCO
187.83,187.83,187.77,187.82,915,2021-05-14 17:02:00,TSCO
187.77,187.77,187.77,187.77,700,2021-05-14 17:03:00,TSCO
187.72,187.72,187.72,187.72,100,2021-05-14 17:04:00,TSCO
187.72,187.72,187.615,187.615,500,2021-05-14 17:05:00,TSCO
187.615,187.615,187.615,187.615,170,2021-05-14 17:06:00,TSCO
187.63,187.63,187.63,187.63,200,2021-05-14 17:07:00,TSCO
187.605,187.65,187.602,187.65,983,2021-05-14 17:08:00,TSCO
187.669,187.67,187.6371,187.67,300,2021-05-14 17:09:00,TSCO
187.63,187.69,187.63,187.69,400,2021-05-14 17:10:00,TSCO
187.66,187.69,187.66,187.69,300,2021-05-14 17:11:00,TSCO
187.68,187.76,187.68,187.75,600,2021-05-14 17:12:00,TSCO
187.755,187.755,187.71,187.71,200,2021-05-14 17:13:00,TSCO
187.71,187.87,187.71,187.815,1700,2021-05-14 17:14:00,TSCO
187.815,187.815,187.77,187.77,700,2021-05-14 17:15:00,TSCO
187.7398,187.7398,187.7398,187.7398,721,2021-05-14 17:16:00,TSCO
187.7,187.7,187.7,187.7,100,2021-05-14 17:17:00,TSCO
187.62,187.62,187.62,187.62,100,2021-05-14 17:18:00,TSCO
187.58,187.58,187.538,187.54,2716,2021-05-14 17:19:00,TSCO
187.525,187.53,187.48,187.48,300,2021-05-14 17:20:00,TSCO
187.48,187.54,187.46,187.54,900,2021-05-14 17:21:00,TSCO
187.52,187.52,187.52,187.52,200,2021-05-14 17:23:00,TSCO
187.47,187.47,187.47,187.47,300,2021-05-14 17:24:00,TSCO
187.36,187.39,187.335,187.335,300,2021-05-14 17:25:00,TSCO
187.4,187.43,187.385,187.385,600,2021-05-14 17:26:00,TSCO
187.375,187.375,187.27,187.33,300,2021-05-14 17:28:00,TSCO
187.3,187.3,187.21,187.28,800,2021-05-14 17:29:00,TSCO
187.3,187.43,187.3,187.43,1000,2021-05-14 17:30:00,TSCO
187.47,187.47,187.47,187.47,300,2021-05-14 17:31:00,TSCO
187.55,187.55,187.55,187.55,100,2021-05-14 17:32:00,TSCO
187.5,187.56,187.43,187.45,1047,2021-05-14 17:33:00,TSCO
187.49,187.55,187.49,187.55,200,2021-05-14 17:34:00,TSCO
187.545,187.59,187.545,187.59,400,2021-05-14 17:35:00,TSCO
187.56,187.56,187.56,187.56,100,2021-05-14 17:36:00,TSCO
187.534,187.534,187.534,187.534,100,2021-05-14 17:38:00,TSCO
187.52,187.55,187.52,187.55,400,2021-05-14 17:39:00,TSCO
187.455,187.57,187.455,187.57,1233,2021-05-14 17:40:00,TSCO
187.5599,187.56,187.49,187.56,600,2021-05-14 17:41:00,TSCO
187.56,187.59,187.46,187.46,900,2021-05-14 17:42:00,TSCO
187.395,187.45,187.37,187.37,1170,2021-05-14 17:45:00,TSCO
187.37,187.412,187.36,187.36,675,2021-05-14 17:46:00,TSCO
187.43,187.5,187.43,187.47,700,2021-05-14 17:47:00,TSCO
187.41,187.41,187.41,187.41,200,2021-05-14 17:48:00,TSCO
187.49,187.59,187.49,187.59,1103,2021-05-14 17:49:00,TSCO
187.65,187.69,187.65,187.65,611,2021-05-14 17:50:00,TSCO
187.72,187.72,187.72,187.72,200,2021-05-14 17:51:00,TSCO
187.69,187.69,187.645,187.68,900,2021-05-14 17:52:00,TSCO
187.76,187.76,187.67,187.67,600,2021-05-14 17:54:00,TSCO
187.61,187.69,187.61,187.69,400,2021-05-14 17:55:00,TSCO
187.68,187.7,187.66,187.7,440,2021-05-14 17:56:00,TSCO
187.759,187.759,187.705,187.705,214,2021-05-14 17:57:00,TSCO
187.74,187.75,187.67,187.74,500,2021-05-14 17:58:00,TSCO
187.73,187.73,187.7,187.73,500,2021-05-14 17:59:00,TSCO
187.76,187.76,187.7,187.7,400,2021-05-14 18:00:00,TSCO
187.75,187.75,187.75,187.75,200,2021-05-14 18:01:00,TSCO
187.79,187.87,187.79,187.87,700,2021-05-14 18:03:00,TSCO
187.92,187.93,187.92,187.93,400,2021-05-14 18:04:00,TSCO
187.99,188.0431,187.99,188.02,1355,2021-05-14 18:06:00,TSCO
187.995,188.13,187.995,188.13,1321,2021-05-14 18:07:00,TSCO
188.17,188.2,188.165,188.18,1115,2021-05-14 18:08:00,TSCO
188.2,188.2,188.2,188.2,100,2021-05-14 18:09:00,TSCO
188.195,188.24,188.195,188.2,1600,2021-05-14 18:11:00,TSCO
188.29,188.32,188.194,188.194,1700,2021-05-14 18:12:00,TSCO
188.3,188.3,188.24,188.24,300,2021-05-14 18:14:00,TSCO
188.19,188.19,188.08,188.08,502,2021-05-14 18:15:00,TSCO
188.005,188.005,187.94,187.94,600,2021-05-14 18:17:00,TSCO
187.91,188.01,187.91,188.01,1100,2021-05-14 18:18:00,TSCO
187.985,187.985,187.985,187.985,100,2021-05-14 18:19:00,TSCO
188.01,188.01,187.94,187.94,400,2021-05-14 18:20:00,TSCO
187.85,187.85,187.85,187.85,100,2021-05-14 18:21:00,TSCO
187.897,187.96,187.8133,187.8876,2496,2021-05-14 18:22:00,TSCO
187.9017,187.975,187.9017,187.975,1072,2021-05-14 18:24:00,TSCO
187.94,187.94,187.94,187.94,100,2021-05-14 18:25:00,TSCO
187.89,188.0,187.89,187.93,400,2021-05-14 18:26:00,TSCO
187.925,187.925,187.925,187.925,100,2021-05-14 18:28:00,TSCO
187.87,188.0,187.87,187.98,700,2021-05-14 18:30:00,TSCO
188.02,188.08,188.02,188.08,699,2021-05-14 18:31:00,TSCO
188.12,188.12,188.04,188.05,900,2021-05-14 18:32:00,TSCO
188.09,188.09,188.09,188.09,359,2021-05-14 18:33:00,TSCO
188.03,188.03,188.03,188.03,200,2021-05-14 18:34:00,TSCO
188.12,188.12,188.08,188.09,498,2021-05-14 18:35:00,TSCO
188.12,188.12,188.11,188.11,400,2021-05-14 18:36:00,TSCO
188.07,188.1,188.07,188.1,305,2021-05-14 18:37:00,TSCO
188.11,188.11,188.01,188.01,500,2021-05-14 18:38:00,TSCO
188.025,188.025,188.025,188.025,100,2021-05-14 18:39:00,TSCO
188.0393,188.0393,188.035,188.035,421,2021-05-14 18:40:00,TSCO
188.05,188.08,188.05,188.08,200,2021-05-14 18:42:00,TSCO
188.04,188.055,188.03,188.03,400,2021-05-14 18:43:00,TSCO
188.09,188.09,188.04,188.04,540,2021-05-14 18:44:00,TSCO
188.07,188.11,188.07,188.0947,746,2021-05-14 18:45:00,TSCO
188.06,188.15,188.06,188.15,1021,2021-05-14 18:46:00,TSCO
188.14,188.2,188.14,188.2,900,2021-05-14 18:47:00,TSCO
188.16,188.16,188.13,188.13,200,2021-05-14 18:48:00,TSCO
188.1,188.15,188.1,188.15,700,2021-05-14 18:49:00,TSCO
188.1761,188.1761,188.1,188.1,899,2021-05-14 18:50:00,TSCO
188.14,188.25,188.14,188.19,1100,2021-05-14 18:52:00,TSCO
188.25,188.3,188.25,188.3,600,2021-05-14 18:53:00,TSCO
188.33,188.33,188.33,188.33,100,2021-05-14 18:54:00,TSCO
188.36,188.36,188.335,188.335,200,2021-05-14 18:55:00,TSCO
188.31,188.33,188.24,188.33,1400,2021-05-14 18:56:00,TSCO
188.32,188.32,188.21,188.21,200,2021-05-14 18:57:00,TSCO
188.21,188.24,188.185,188.24,400,2021-05-14 18:58:00,TSCO
188.225,188.26,188.225,188.26,200,2021-05-14 18:59:00,TSCO
188.25,188.25,188.19,188.2,600,2021-05-14 19:00:00,TSCO
188.08,188.08,188.08,188.08,200,2021-05-14 19:01:00,TSCO
187.88,188.0,187.85,188.0,1400,2021-05-14 19:04:00,TSCO
187.99,188.01,187.935,187.935,500,2021-05-14 19:05:00,TSCO
188.02,188.02,187.9203,187.9203,200,2021-05-14 19:06:00,TSCO
188.0599,188.06,187.997,188.025,1435,2021-05-14 19:07:00,TSCO
187.99,187.99,187.94,187.94,200,2021-05-14 19:08:00,TSCO
187.945,187.945,187.9001,187.945,1594,2021-05-14 19:09:00,TSCO
187.99,188.05,187.99,188.05,300,2021-05-14 19:10:00,TSCO
188.1,188.1,188.09,188.095,400,2021-05-14 19:11:00,TSCO
188.095,188.095,188.0,188.0,700,2021-05-14 19:12:00,TSCO
187.95,187.95,187.95,187.95,200,2021-05-14 19:13:00,TSCO
188.01,188.02,188.01,188.02,600,2021-05-14 19:14:00,TSCO
188.055,188.055,188.05,188.05,300,2021-05-14 19:16:00,TSCO
188.08,188.12,188.07,188.07,1600,2021-05-14 19:17:00,TSCO
188.0399,188.0399,188.0399,188.0399,100,2021-05-14 19:18:00,TSCO
188.08,188.17,188.05,188.16,1700,2021-05-14 19:19:00,TSCO
188.13,188.13,188.13,188.13,100,2021-05-14 19:20:00,TSCO
188.135,188.23,188.135,188.23,1000,2021-05-14 19:21:00,TSCO
188.23,188.26,188.23,188.26,500,2021-05-14 19:22:00,TSCO
188.24,188.24,188.2,188.2,200,2021-05-14 19:23:00,TSCO
188.21,188.21,188.18,188.18,200,2021-05-14 19:24:00,TSCO
188.22,188.29,188.22,188.255,700,2021-05-14 19:25:00,TSCO
188.19,188.19,188.075,188.075,1000,2021-05-14 19:27:00,TSCO
188.06,188.11,188.05,188.11,2100,2021-05-14 19:28:00,TSCO
188.11,188.11,188.11,188.11,100,2021-05-14 19:29:00,TSCO
188.06,188.14,188.06,188.06,930,2021-05-14 19:30:00,TSCO
188.05,188.05,187.935,187.935,1259,2021-05-14 19:31:00,TSCO
187.95,187.99,187.95,187.95,861,2021-05-14 19:32:00,TSCO
187.925,187.93,187.89,187.89,500,2021-05-14 19:33:00,TSCO
187.89,187.93,187.89,187.91,1086,2021-05-14 19:34:00,TSCO
187.85,188.07,187.85,188.06,1300,2021-05-14 19:35:00,TSCO
188.08,188.08,187.96,188.009,1831,2021-05-14 19:36:00,TSCO
187.92,187.96,187.875,187.875,1555,2021-05-14 19:37:00,TSCO
187.86,187.96,187.86,187.96,727,2021-05-14 19:38:00,TSCO
187.99,188.1,187.99,188.1,912,2021-05-14 19:39:00,TSCO
188.1,188.23,188.1,188.23,917,2021-05-14 19:40:00,TSCO
188.27,188.27,188.09,188.0993,2092,2021-05-14 19:41:00,TSCO
188.09,188.09,188.02,188.08,1200,2021-05-14 19:42:00,TSCO
188.1,188.1,188.03,188.05,700,2021-05-14 19:43:00,TSCO
188.09,188.2,188.075,188.15,1900,2021-05-14 19:44:00,TSCO
188.145,188.145,188.01,188.01,1704,2021-05-14 19:45:00,TSCO
187.99,188.105,187.99,188.105,1614,2021-05-14 19:46:00,TSCO
188.18,188.23,188.16,188.16,1200,2021-05-14 19:47:00,TSCO
188.12,188.21,188.12,188.12,1600,2021-05-14 19:48:00,TSCO
188.14,188.29,188.09,188.29,2419,2021-05-14 19:49:00,TSCO
188.23,188.35,188.01,188.025,10324,2021-05-14 19:50:00,TSCO
188.045,188.14,188.0,188.12,7165,2021-05-14 19:51:00,TSCO
188.13,188.13,187.75,187.75,16681,2021-05-14 19:52:00,TSCO
187.77,187.89,187.75,187.8,11746,2021-05-14 19:53:00,TSCO
187.81,187.85,187.39,187.465,17788,2021-05-14 19:54:00,TSCO
187.435,187.78,187.43,187.72,13788,2021-05-14 19:55:00,TSCO
187.735,188.16,187.73,188.16,8428,2021-05-14 19:56:00,TSCO
188.23,188.24,187.92,187.96,10626,2021-05-14 19:57:00,TSCO
187.94,188.02,187.915,187.92,5566,2021-05-14 19:58:00,TSCO
187.92,188.095,187.87,187.87,9992,2021-05-14 19:59:00,TSCO
187.88,187.88,187.88,187.88,73774,2021-05-14 20:00:00,TSCO
187.88,187.88,187.88,187.88,1126,2021-05-14 20:01:00,TSCO
187.88,187.88,187.88,187.88,981,2021-05-14 20:02:00,TSCO
189.5,189.5,189.33,189.33,500,2021-05-14 20:48:00,TSCO
189.35,189.35,188.72,188.72,420,2021-05-14 21:11:00,TSCO
188.68,188.69,188.06,188.43,7512,2021-05-17 13:30:00,TSCO
188.84,189.085,188.81,189.085,1407,2021-05-17 13:31:00,TSCO
188.9758,188.9758,188.62,188.69,500,2021-05-17 13:32:00,TSCO
188.975,189.04,188.735,189.04,575,2021-05-17 13:33:00,TSCO
188.77,189.01,188.77,188.86,700,2021-05-17 13:34:00,TSCO
188.9,189.05,188.78,189.05,922,2021-05-17 13:35:00,TSCO
188.78,188.78,188.45,188.45,900,2021-05-17 13:36:00,TSCO
188.58,188.65,188.235,188.46,1300,2021-05-17 13:37:00,TSCO
188.4,188.4,188.225,188.225,200,2021-05-17 13:38:00,TSCO
188.0601,188.23,188.0601,188.23,400,2021-05-17 13:39:00,TSCO
188.07,188.07,187.86,187.86,400,2021-05-17 13:40:00,TSCO
187.805,187.97,187.63,187.97,600,2021-05-17 13:41:00,TSCO
188.18,188.18,187.935,187.935,600,2021-05-17 13:42:00,TSCO
187.99,188.04,187.84,187.84,1330,2021-05-17 13:43:00,TSCO
187.89,187.89,187.49,187.49,1500,2021-05-17 13:44:00,TSCO
187.605,187.74,187.585,187.74,1828,2021-05-17 13:45:00,TSCO
187.79,187.86,187.51,187.51,1800,2021-05-17 13:47:00,TSCO
187.36,187.66,187.36,187.66,804,2021-05-17 13:48:00,TSCO
187.39,187.39,186.94,187.03,848,2021-05-17 13:49:00,TSCO
186.86,187.115,186.86,187.115,1409,2021-05-17 13:50:00,TSCO
187.095,187.1297,187.075,187.1297,300,2021-05-17 13:51:00,TSCO
187.12,187.2999,187.12,187.2999,819,2021-05-17 13:52:00,TSCO
187.21,187.49,187.21,187.3334,1335,2021-05-17 13:53:00,TSCO
187.54,187.54,187.5,187.52,500,2021-05-17 13:54:00,TSCO
187.43,187.5,187.4,187.5,663,2021-05-17 13:57:00,TSCO
187.38,187.42,187.29,187.42,2182,2021-05-17 13:58:00,TSCO
187.58,187.6,187.55,187.554,1100,2021-05-17 13:59:00,TSCO
187.51,187.565,187.36,187.39,900,2021-05-17 14:00:00,TSCO
187.35,187.7,187.35,187.655,1635,2021-05-17 14:01:00,TSCO
187.66,187.81,187.65,187.81,707,2021-05-17 14:02:00,TSCO
187.85,188.2,187.85,188.2,933,2021-05-17 14:03:00,TSCO
188.475,188.48,188.29,188.29,800,2021-05-17 14:04:00,TSCO
188.35,188.6,188.35,188.45,1728,2021-05-17 14:05:00,TSCO
188.41,188.43,188.41,188.43,300,2021-05-17 14:06:00,TSCO
188.505,188.505,188.38,188.505,600,2021-05-17 14:07:00,TSCO
188.39,188.48,188.38,188.425,900,2021-05-17 14:08:00,TSCO
188.3,188.43,188.2,188.43,1248,2021-05-17 14:09:00,TSCO
188.44,188.44,188.25,188.25,200,2021-05-17 14:10:00,TSCO
188.22,188.22,187.72,187.72,500,2021-05-17 14:12:00,TSCO
187.715,187.91,187.715,187.91,212,2021-05-17 14:13:00,TSCO
187.94,187.94,187.82,187.82,800,2021-05-17 14:14:00,TSCO
187.78,187.78,187.535,187.535,2800,2021-05-17 14:15:00,TSCO
187.64,187.66,187.54,187.64,1108,2021-05-17 14:16:00,TSCO
187.74,187.89,187.74,187.89,840,2021-05-17 14:17:00,TSCO
187.76,187.8,187.62,187.62,1000,2021-05-17 14:18:00,TSCO
187.705,188.07,187.705,187.9,1600,2021-05-17 14:19:00,TSCO
187.97,187.97,187.855,187.855,770,2021-05-17 14:20:00,TSCO
187.855,187.855,187.855,187.855,300,2021-05-17 14:21:00,TSCO
187.8624,187.8624,187.74,187.85,821,2021-05-17 14:22:00,TSCO
187.74,187.795,187.6,187.71,900,2021-05-17 14:24:00,TSCO
187.74,187.75,187.74,187.75,392,2021-05-17 14:25:00,TSCO
187.61,187.68,187.59,187.68,1100,2021-05-17 14:26:00,TSCO
187.59,187.59,187.24,187.24,1181,2021-05-17 14:27:00,TSCO
187.21,187.45,187.21,187.39,1223,2021-05-17 14:28:00,TSCO
187.45,187.45,187.0,187.07,750,2021-05-17 14:29:00,TSCO
187.02,187.04,186.66,186.66,2403,2021-05-17 14:30:00,TSCO
186.4785,186.4785,186.4785,186.4785,100,2021-05-17 14:31:00,TSCO
186.5,186.59,186.41,186.41,1642,2021-05-17 14:32:00,TSCO
186.28,186.32,186.0,186.085,3418,2021-05-17 14:33:00,TSCO
186.2369,186.36,186.02,186.36,1725,2021-05-17 14:34:00,TSCO
186.23,186.31,186.23,186.31,610,2021-05-17 14:35:00,TSCO
186.34,186.57,186.34,186.54,1701,2021-05-17 14:36:00,TSCO
186.6,186.7735,186.6,186.7735,778,2021-05-17 14:37:00,TSCO
186.93,186.93,186.93,186.93,100,2021-05-17 14:38:00,TSCO
186.965,187.16,186.965,187.16,512,2021-05-17 14:40:00,TSCO
187.205,187.26,187.08,187.26,1000,2021-05-17 14:42:00,TSCO
187.27,187.27,187.14,187.175,700,2021-05-17 14:43:00,TSCO
187.175,187.25,187.175,187.25,266,2021-05-17 14:44:00,TSCO
187.245,187.29,187.18,187.19,800,2021-05-17 14:45:00,TSCO
187.29,187.55,187.29,187.55,833,2021-05-17 14:46:00,TSCO
187.475,187.56,187.475,187.56,2964,2021-05-17 14:47:00,TSCO
187.5599,187.58,187.37,187.37,5890,2021-05-17 14:48:00,TSCO
187.22,187.42,187.22,187.2475,1161,2021-05-17 14:49:00,TSCO
187.33,187.38,187.27,187.37,2000,2021-05-17 14:50:00,TSCO
187.36,187.36,187.2,187.2,1500,2021-05-17 14:51:00,TSCO
187.32,187.32,187.32,187.32,300,2021-05-17 14:52:00,TSCO
187.195,187.195,187.195,187.195,100,2021-05-17 14:54:00,TSCO
187.12,187.14,187.06,187.1,771,2021-05-17 14:55:00,TSCO
187.17,187.17,187.17,187.17,280,2021-05-17 14:56:00,TSCO
187.09,187.1,186.775,186.825,1686,2021-05-17 14:58:00,TSCO
186.88,186.88,186.835,186.835,720,2021-05-17 14:59:00,TSCO
186.9,186.95,186.77,186.77,800,2021-05-17 15:00:00,TSCO
186.56,186.56,186.23,186.3,2098,2021-05-17 15:01:00,TSCO
186.2,186.27,186.1,186.12,3350,2021-05-17 15:02:00,TSCO
186.2802,186.51,186.2802,186.45,1300,2021-05-17 15:03:00,TSCO
186.8288,186.8288,186.8288,186.8288,160,2021-05-17 15:06:00,TSCO
186.88,186.95,186.85,186.85,626,2021-05-17 15:07:00,TSCO
186.97,186.97,186.58,186.67,1000,2021-05-17 15:08:00,TSCO
186.7,186.7,186.5,186.5,1366,2021-05-17 15:09:00,TSCO
186.42,186.42,186.38,186.38,400,2021-05-17 15:10:00,TSCO
186.33,186.34,186.25,186.34,500,2021-05-17 15:13:00,TSCO
186.44,186.46,186.34,186.34,400,2021-05-17 15:14:00,TSCO
186.45,186.45,186.45,186.45,100,2021-05-17 15:15:00,TSCO
186.34,186.34,186.28,186.28,200,2021-05-17 15:16:00,TSCO
186.27,186.27,186.27,186.27,100,2021-05-17 15:17:00,TSCO
186.2,186.3,186.16,186.16,1200,2021-05-17 15:18:00,TSCO
186.3,186.3,186.185,186.185,300,2021-05-17 15:19:00,TSCO
186.25,186.29,186.21,186.21,800,2021-05-17 15:20:00,TSCO
186.3,186.3,186.3,186.3,100,2021-05-17 15:21:00,TSCO
186.235,186.235,186.235,186.235,100,2021-05-17 15:22:00,TSCO
186.52,186.59,186.42,186.48,1299,2021-05-17 15:23:00,TSCO
186.435,186.435,186.435,186.435,100,2021-05-17 15:24:00,TSCO
186.53,186.58,186.34,186.44,886,2021-05-17 15:25:00,TSCO
186.46,186.61,186.46,186.61,317,2021-05-17 15:26:00,TSCO
186.59,186.59,186.48,186.48,413,2021-05-17 15:27:00,TSCO
186.41,186.41,186.41,186.41,100,2021-05-17 15:28:00,TSCO
186.37,186.42,186.28,186.28,1500,2021-05-17 15:29:00,TSCO
186.23,186.23,186.115,186.115,450,2021-05-17 15:30:00,TSCO
186.0,186.0,186.0,186.0,100,2021-05-17 15:31:00,TSCO
186.0,186.0,185.82,185.99,2272,2021-05-17 15:32:00,TSCO
185.89,186.04,185.89,186.04,930,2021-05-17 15:33:00,TSCO
186.31,186.31,186.31,186.31,100,2021-05-17 15:35:00,TSCO
186.22,186.28,186.22,186.24,601,2021-05-17 15:36:00,TSCO
186.31,186.31,186.31,186.31,100,2021-05-17 15:37:00,TSCO
186.37,186.42,186.37,186.42,200,2021-05-17 15:38:00,TSCO
186.43,186.45,186.21,186.21,811,2021-05-17 15:39:00,TSCO
186.16,186.16,186.16,186.16,100,2021-05-17 15:40:00,TSCO
186.14,186.14,186.11,186.11,400,2021-05-17 15:41:00,TSCO
186.25,186.31,186.2499,186.31,1300,2021-05-17 15:42:00,TSCO
186.33,186.33,186.31,186.31,500,2021-05-17 15:45:00,TSCO
186.45,186.45,186.45,186.45,100,2021-05-17 15:46:00,TSCO
186.335,186.335,186.335,186.335,100,2021-05-17 15:47:00,TSCO
186.28,186.28,186.28,186.28,100,2021-05-17 15:48:00,TSCO
186.03,186.03,186.03,186.03,205,2021-05-17 15:49:00,TSCO
186.01,186.01,186.01,186.01,100,2021-05-17 15:50:00,TSCO
185.76,185.92,185.76,185.85,935,2021-05-17 15:51:00,TSCO
185.93,186.03,185.93,186.03,572,2021-05-17 15:52:00,TSCO
186.19,186.2,186.19,186.19,602,2021-05-17 15:53:00,TSCO
186.25,186.25,186.22,186.24,800,2021-05-17 15:54:00,TSCO
186.27,186.27,186.24,186.24,300,2021-05-17 15:55:00,TSCO
186.28,186.28,186.18,186.23,1400,2021-05-17 15:56:00,TSCO
186.31,186.31,186.31,186.31,206,2021-05-17 15:58:00,TSCO
186.32,186.32,186.32,186.32,200,2021-05-17 15:59:00,TSCO
186.22,186.27,186.14,186.14,700,2021-05-17 16:00:00,TSCO
186.12,186.12,186.12,186.12,200,2021-05-17 16:01:00,TSCO
186.0,186.0,186.0,186.0,100,2021-05-17 16:03:00,TSCO
186.1,186.16,186.06,186.06,1200,2021-05-17 16:04:00,TSCO
186.11,186.14,186.08,186.08,407,2021-05-17 16:05:00,TSCO
186.09,186.09,186.09,186.09,200,2021-05-17 16:06:00,TSCO
186.12,186.12,186.04,186.07,600,2021-05-17 16:09:00,TSCO
186.12,186.13,186.09,186.125,1206,2021-05-17 16:10:00,TSCO
186.17,186.17,186.17,186.17,100,2021-05-17 16:11:00,TSCO
186.33,186.33,186.29,186.3253,725,2021-05-17 16:12:00,TSCO
186.42,186.55,186.3918,186.55,2949,2021-05-17 16:13:00,TSCO
186.58,186.58,186.46,186.53,700,2021-05-17 16:14:00,TSCO
186.61,186.61,186.61,186.61,100,2021-05-17 16:16:00,TSCO
186.66,186.66,186.63,186.65,400,2021-05-17 16:17:00,TSCO
186.625,186.625,186.57,186.57,300,2021-05-17 16:18:00,TSCO
186.67,186.67,186.58,186.58,300,2021-05-17 16:19:00,TSCO
186.695,186.695,186.61,186.61,600,2021-05-17 16:21:00,TSCO
186.6,186.66,186.6,186.66,317,2021-05-17 16:23:00,TSCO
186.6,186.625,186.6,186.625,226,2021-05-17 16:24:00,TSCO
186.69,186.69,186.57,186.57,316,2021-05-17 16:25:00,TSCO
186.55,186.6,186.55,186.59,300,2021-05-17 16:26:00,TSCO
186.61,186.68,186.61,186.63,400,2021-05-17 16:27:00,TSCO
186.73,186.73,186.73,186.73,100,2021-05-17 16:28:00,TSCO
186.6105,186.69,186.6105,186.69,444,2021-05-17 16:29:00,TSCO
186.74,186.74,186.73,186.74,300,2021-05-17 16:30:00,TSCO
186.61,186.61,186.57,186.575,300,2021-05-17 16:32:00,TSCO
186.45,186.45,186.37,186.37,300,2021-05-17 16:33:00,TSCO
186.38,186.51,186.38,186.51,800,2021-05-17 16:34:00,TSCO
186.51,186.53,186.47,186.47,300,2021-05-17 16:35:00,TSCO
186.53,186.53,186.53,186.53,100,2021-05-17 16:36:00,TSCO
186.66,186.69,186.59,186.69,400,2021-05-17 16:38:00,TSCO
186.69,186.69,186.61,186.61,300,2021-05-17 16:39:00,TSCO
186.78,186.78,186.71,186.71,700,2021-05-17 16:41:00,TSCO
186.809,186.96,186.809,186.89,1329,2021-05-17 16:42:00,TSCO
186.98,186.98,186.98,186.98,100,2021-05-17 16:43:00,TSCO
187.05,187.05,187.03,187.03,400,2021-05-17 16:44:00,TSCO
187.1339,187.16,186.8,186.8,13353,2021-05-17 16:45:00,TSCO
186.73,186.73,186.64,186.64,200,2021-05-17 16:49:00,TSCO
186.72,186.72,186.51,186.51,400,2021-05-17 16:50:00,TSCO
186.43,186.43,186.43,186.43,100,2021-05-17 16:52:00,TSCO
186.5,186.6,186.42,186.42,1006,2021-05-17 16:53:00,TSCO
186.46,186.46,186.46,186.46,100,2021-05-17 16:54:00,TSCO
186.445,186.445,186.445,186.445,300,2021-05-17 16:55:00,TSCO
186.41,186.41,186.41,186.41,200,2021-05-17 16:56:00,TSCO
186.31,186.31,186.245,186.245,400,2021-05-17 16:57:00,TSCO
186.31,186.34,186.3,186.3,514,2021-05-17 16:59:00,TSCO
186.38,186.38,186.3135,186.33,586,2021-05-17 17:00:00,TSCO
186.42,186.42,186.42,186.42,100,2021-05-17 17:01:00,TSCO
186.43,186.465,186.43,186.465,203,2021-05-17 17:02:00,TSCO
186.4013,186.46,186.4,186.46,1200,2021-05-17 17:03:00,TSCO
186.43,186.43,186.43,186.43,100,2021-05-17 17:05:00,TSCO
186.295,186.36,186.26,186.36,300,2021-05-17 17:06:00,TSCO
186.29,186.29,186.21,186.21,400,2021-05-17 17:07:00,TSCO
186.17,186.17,186.09,186.09,200,2021-05-17 17:09:00,TSCO
186.04,186.04,186.04,186.04,260,2021-05-17 17:10:00,TSCO
186.12,186.12,186.12,186.12,100,2021-05-17 17:12:00,TSCO
186.24,186.24,186.17,186.17,200,2021-05-17 17:13:00,TSCO
186.2,186.2,186.2,186.2,100,2021-05-17 17:14:00,TSCO
186.1,186.14,186.1,186.14,200,2021-05-17 17:15:00,TSCO
186.15,186.15,186.0,186.0,998,2021-05-17 17:17:00,TSCO
186.0,186.0,186.0,186.0,239,2021-05-17 17:18:00,TSCO
186.04,186.04,185.99,185.99,200,2021-05-17 17:19:00,TSCO
185.96,185.96,185.96,185.96,394,2021-05-17 17:21:00,TSCO
186.0,186.0,185.955,185.955,271,2021-05-17 17:22:00,TSCO
185.85,185.87,185.85,185.87,300,2021-05-17 17:23:00,TSCO
185.82,185.93,185.82,185.93,218,2021-05-17 17:24:00,TSCO
185.89,185.98,185.89,185.98,200,2021-05-17 17:25:00,TSCO
186.0,186.0,186.0,186.0,100,2021-05-17 17:26:00,TSCO
186.0,186.0,186.0,186.0,195,2021-05-17 17:27:00,TSCO
186.08,186.08,186.08,186.08,200,2021-05-17 17:28:00,TSCO
186.1,186.1,185.99,186.09,700,2021-05-17 17:29:00,TSCO
186.105,186.105,186.07,186.07,300,2021-05-17 17:30:00,TSCO
186.05,186.05,185.99,185.99,400,2021-05-17 17:31:00,TSCO
186.05,186.05,186.05,186.05,200,2021-05-17 17:32:00,TSCO
186.0,186.0,186.0,186.0,500,2021-05-17 17:33:00,TSCO
185.93,186.0,185.865,186.0,806,2021-05-17 17:34:00,TSCO
186.12,186.12,186.02,186.02,200,2021-05-17 17:35:00,TSCO
186.25,186.25,186.25,186.25,100,2021-05-17 17:36:00,TSCO
186.23,186.23,186.04,186.13,700,2021-05-17 17:37:00,TSCO
186.07,186.12,186.07,186.12,200,2021-05-17 17:38:00,TSCO
186.08,186.08,185.87,185.9,700,2021-05-17 17:40:00,TSCO
185.905,185.9463,185.78,185.78,3943,2021-05-17 17:41:00,TSCO
185.9386,185.9386,185.81,185.81,352,2021-05-17 17:42:00,TSCO
185.9704,185.9704,185.9704,185.9704,100,2021-05-17 17:43:00,TSCO
185.94,185.94,185.94,185.94,100,2021-05-17 17:44:00,TSCO
185.94,186.075,185.8801,186.02,966,2021-05-17 17:45:00,TSCO
186.075,186.13,186.075,186.13,300,2021-05-17 17:46:00,TSCO
186.11,186.11,185.98,185.98,3600,2021-05-17 17:47:00,TSCO
185.9901,185.9901,185.9901,185.9901,100,2021-05-17 17:50:00,TSCO
186.07,186.07,185.91,185.91,700,2021-05-17 17:51:00,TSCO
185.91,185.9499,185.84,185.84,3537,2021-05-17 17:52:00,TSCO
185.83,185.85,185.83,185.85,200,2021-05-17 17:53:00,TSCO
185.74,185.74,185.66,185.66,500,2021-05-17 17:54:00,TSCO
185.66,185.71,185.58,185.64,700,2021-05-17 17:55:00,TSCO
185.6207,185.74,185.6207,185.74,665,2021-05-17 17:56:00,TSCO
185.79,186.0399,185.79,186.0399,738,2021-05-17 17:57:00,TSCO
186.16,186.16,186.06,186.06,220,2021-05-17 17:58:00,TSCO
185.91,185.92,185.76,185.78,1238,2021-05-17 17:59:00,TSCO
185.855,185.855,185.78,185.79,700,2021-05-17 18:00:00,TSCO
185.74,185.82,185.65,185.65,768,2021-05-17 18:01:00,TSCO
185.66,185.66,185.66,185.66,100,2021-05-17 18:02:00,TSCO
185.75,185.85,185.75,185.76,922,2021-05-17 18:03:00,TSCO
185.8625,185.8625,185.8625,185.8625,100,2021-05-17 18:04:00,TSCO
185.77,185.82,185.76,185.82,787,2021-05-17 18:05:00,TSCO
185.82,185.84,185.62,185.65,13086,2021-05-17 18:06:00,TSCO
185.71,185.75,185.555,185.555,1600,2021-05-17 18:07:00,TSCO
185.61,185.65,185.48,185.48,1800,2021-05-17 18:08:00,TSCO
185.465,185.75,185.465,185.545,860,2021-05-17 18:09:00,TSCO
185.59,185.62,185.5,185.62,4700,2021-05-17 18:10:00,TSCO
185.76,185.79,185.7,185.7,1800,2021-05-17 18:11:00,TSCO
185.64,185.64,185.57,185.585,500,2021-05-17 18:13:00,TSCO
185.63,185.7,185.63,185.7,700,2021-05-17 18:14:00,TSCO
185.685,185.685,185.685,185.685,100,2021-05-17 18:15:00,TSCO
185.685,185.685,185.68,185.68,403,2021-05-17 18:16:00,TSCO
185.69,185.69,185.64,185.665,600,2021-05-17 18:17:00,TSCO
185.7,185.78,185.695,185.78,1189,2021-05-17 18:18:00,TSCO
185.82,185.82,185.82,185.82,100,2021-05-17 18:19:00,TSCO
185.8,185.82,185.7375,185.82,814,2021-05-17 18:20:00,TSCO
185.905,185.905,185.815,185.815,900,2021-05-17 18:21:00,TSCO
185.89,185.9,185.84,185.84,784,2021-05-17 18:23:00,TSCO
185.84,185.87,185.84,185.87,300,2021-05-17 18:24:00,TSCO
185.915,186.055,185.915,186.055,1154,2021-05-17 18:25:00,TSCO
185.98,185.98,185.83,185.9462,1650,2021-05-17 18:26:00,TSCO
185.8838,185.8838,185.8838,185.8838,266,2021-05-17 18:27:00,TSCO
185.86,185.86,185.76,185.79,400,2021-05-17 18:28:00,TSCO
185.82,185.86,185.7975,185.86,602,2021-05-17 18:29:00,TSCO
185.863,185.863,185.79,185.8,901,2021-05-17 18:30:00,TSCO
185.89,185.99,185.89,185.96,350,2021-05-17 18:31:00,TSCO
186.0,186.0,185.97,185.98,671,2021-05-17 18:33:00,TSCO
186.02,186.03,185.9501,186.03,650,2021-05-17 18:34:00,TSCO
186.035,186.21,186.035,186.17,2413,2021-05-17 18:35:00,TSCO
186.1,186.1,186.1,186.1,493,2021-05-17 18:37:00,TSCO
186.05,186.05,185.99,185.99,200,2021-05-17 18:38:00,TSCO
185.87,185.87,185.87,185.87,200,2021-05-17 18:39:00,TSCO
185.875,185.875,185.85,185.85,400,2021-05-17 18:40:00,TSCO
185.9,185.92,185.875,185.875,325,2021-05-17 18:41:00,TSCO
185.845,185.845,185.845,185.845,100,2021-05-17 18:42:00,TSCO
185.8575,185.93,185.8575,185.93,500,2021-05-17 18:44:00,TSCO
185.93,185.95,185.85,185.95,1210,2021-05-17 18:45:00,TSCO
186.045,186.045,186.045,186.045,300,2021-05-17 18:47:00,TSCO
185.98,186.03,185.96,186.03,632,2021-05-17 18:48:00,TSCO
186.05,186.1,186.05,186.1,324,2021-05-17 18:49:00,TSCO
186.21,186.21,186.19,186.19,300,2021-05-17 18:50:00,TSCO
186.21,186.36,186.21,186.36,342,2021-05-17 18:51:00,TSCO
186.35,186.35,186.35,186.35,100,2021-05-17 18:52:00,TSCO
186.42,186.42,186.42,186.42,100,2021-05-17 18:53:00,TSCO
186.38,186.38,186.38,186.38,100,2021-05-17 18:54:00,TSCO
186.44,186.44,186.385,186.385,200,2021-05-17 18:55:00,TSCO
186.34,186.38,186.28,186.38,300,2021-05-17 18:56:00,TSCO
186.41,186.45,186.41,186.45,203,2021-05-17 18:57:00,TSCO
186.5,186.5,186.43,186.43,200,2021-05-17 18:58:00,TSCO
186.49,186.575,186.49,186.575,309,2021-05-17 18:59:00,TSCO
186.62,186.62,186.46,186.46,500,2021-05-17 19:00:00,TSCO
186.46,186.46,186.4,186.4,400,2021-05-17 19:01:00,TSCO
186.415,186.51,186.415,186.445,1205,2021-05-17 19:02:00,TSCO
186.395,186.44,186.36,186.36,600,2021-05-17 19:03:00,TSCO
186.46,186.46,186.41,186.41,500,2021-05-17 19:04:00,TSCO
186.5,186.5,186.5,186.5,100,2021-05-17 19:05:00,TSCO
186.42,186.42,186.42,186.42,100,2021-05-17 19:06:00,TSCO
186.53,186.53,186.35,186.35,1893,2021-05-17 19:07:00,TSCO
186.37,186.53,186.37,186.485,1364,2021-05-17 19:08:00,TSCO
186.53,186.53,186.44,186.44,200,2021-05-17 19:09:00,TSCO
186.5,186.53,186.5,186.53,221,2021-05-17 19:10:00,TSCO
186.4711,186.4711,186.4711,186.4711,400,2021-05-17 19:11:00,TSCO
186.53,186.55,186.53,186.55,300,2021-05-17 19:12:00,TSCO
186.48,186.48,186.37,186.37,900,2021-05-17 19:13:00,TSCO
186.385,186.385,186.35,186.35,600,2021-05-17 19:14:00,TSCO
186.26,186.31,186.21,186.21,1000,2021-05-17 19:15:00,TSCO
186.27,186.27,186.27,186.27,100,2021-05-17 19:16:00,TSCO
186.24,186.24,186.2,186.2,600,2021-05-17 19:17:00,TSCO
186.17,186.17,186.11,186.16,900,2021-05-17 19:18:00,TSCO
186.24,186.24,186.24,186.24,100,2021-05-17 19:19:00,TSCO
186.22,186.22,186.195,186.22,300,2021-05-17 19:20:00,TSCO
186.26,186.34,186.245,186.26,1028,2021-05-17 19:21:00,TSCO
186.265,186.265,186.22,186.22,305,2021-05-17 19:22:00,TSCO
186.21,186.21,186.21,186.21,100,2021-05-17 19:23:00,TSCO
186.21,186.24,186.21,186.24,600,2021-05-17 19:24:00,TSCO
186.24,186.37,186.24,186.3568,1266,2021-05-17 19:25:00,TSCO
186.42,186.48,186.4,186.48,1409,2021-05-17 19:26:00,TSCO
186.54,186.54,186.54,186.54,222,2021-05-17 19:27:00,TSCO
186.44,186.5,186.44,186.5,500,2021-05-17 19:28:00,TSCO
186.58,186.58,186.525,186.525,1300,2021-05-17 19:29:00,TSCO
186.555,186.555,186.45,186.45,700,2021-05-17 19:30:00,TSCO
186.505,186.54,186.5,186.5,1201,2021-05-17 19:31:00,TSCO
186.44,186.56,186.44,186.55,500,2021-05-17 19:32:00,TSCO
186.58,186.64,186.51,186.51,900,2021-05-17 19:33:00,TSCO
186.49,186.5917,186.49,186.5917,568,2021-05-17 19:34:00,TSCO
186.61,186.61,186.305,186.35,900,2021-05-17 19:35:00,TSCO
186.32,186.35,186.3,186.3,900,2021-05-17 19:36:00,TSCO
186.32,186.32,186.21,186.21,1194,2021-05-17 19:37:00,TSCO
186.24,186.315,186.24,186.26,900,2021-05-17 19:38:00,TSCO
186.3,186.32,186.24,186.32,2967,2021-05-17 19:39:00,TSCO
186.34,186.39,186.31,186.39,2310,2021-05-17 19:40:00,TSCO
186.41,186.51,186.4,186.51,1010,2021-05-17 19:41:00,TSCO
186.46,186.46,186.35,186.35,800,2021-05-17 19:42:00,TSCO
186.37,186.42,186.33,186.42,700,2021-05-17 19:43:00,TSCO
186.53,186.63,186.53,186.63,676,2021-05-17 19:44:00,TSCO
186.61,186.62,186.53,186.585,1910,2021-05-17 19:45:00,TSCO
186.625,186.74,186.625,186.69,3607,2021-05-17 19:46:00,TSCO
186.64,186.66,186.55,186.5675,2788,2021-05-17 19:47:00,TSCO
186.575,186.575,186.36,186.365,1900,2021-05-17 19:48:00,TSCO
186.38,186.3999,186.295,186.33,4128,2021-05-17 19:49:00,TSCO
186.305,186.47,186.26,186.45,1645,2021-05-17 19:50:00,TSCO
186.53,186.55,186.46,186.485,2799,2021-05-17 19:51:00,TSCO
186.5,186.54,186.49,186.49,1927,2021-05-17 19:52:00,TSCO
186.5,186.6134,186.48,186.59,1521,2021-05-17 19:53:00,TSCO
186.595,186.595,186.5,186.515,4616,2021-05-17 19:54:00,TSCO
186.5,186.53,186.335,186.36,4429,2021-05-17 19:55:00,TSCO
186.34,186.37,186.27,186.31,4106,2021-05-17 19:56:00,TSCO
186.32,186.475,186.32,186.475,4496,2021-05-17 19:57:00,TSCO
186.41,186.41,186.34,186.37,4295,2021-05-17 19:58:00,TSCO
186.4,186.46,186.3,186.39,5116,2021-05-17 19:59:00,TSCO
186.39,186.39,186.39,186.39,51896,2021-05-17 20:00:00,TSCO
186.39,186.39,186.39,186.39,12399,2021-05-17 20:02:00,TSCO
186.39,186.39,186.39,186.39,100,2021-05-17 20:11:00,TSCO
186.42,186.42,186.42,186.42,100,2021-05-17 22:43:00,TSCO
187.22,187.22,187.22,187.22,200,2021-05-18 12:33:00,TSCO
187.25,187.25,187.25,187.25,174,2021-05-18 13:25:00,TSCO
187.61,187.61,186.63,186.79,8899,2021-05-18 13:30:00,TSCO
186.92,187.13,186.92,187.13,804,2021-05-18 13:31:00,TSCO
187.37,187.565,187.21,187.21,600,2021-05-18 13:32:00,TSCO
187.51,187.53,187.1,187.1,2837,2021-05-18 13:33:00,TSCO
187.105,187.105,186.64,186.64,1365,2021-05-18 13:34:00,TSCO
186.351,186.49,186.13,186.13,900,2021-05-18 13:35:00,TSCO
185.75,185.75,185.7,185.7,400,2021-05-18 13:36:00,TSCO
185.89,186.1,185.6,185.765,843,2021-05-18 13:37:00,TSCO
185.66,185.82,185.6,185.82,2587,2021-05-18 13:38:00,TSCO
185.825,186.02,185.825,185.97,1815,2021-05-18 13:39:00,TSCO
185.92,186.135,185.92,186.135,472,2021-05-18 13:40:00,TSCO
186.1877,186.1877,186.1877,186.1877,131,2021-05-18 13:41:00,TSCO
186.2722,186.2722,185.54,185.54,2494,2021-05-18 13:42:00,TSCO
185.53,185.56,185.26,185.305,8328,2021-05-18 13:43:00,TSCO
185.5181,185.5181,185.35,185.39,1870,2021-05-18 13:44:00,TSCO
185.5791,185.85,185.5791,185.85,725,2021-05-18 13:45:00,TSCO
185.81,185.82,185.81,185.82,300,2021-05-18 13:46:00,TSCO
185.97,185.97,185.89,185.89,200,2021-05-18 13:47:00,TSCO
185.87,186.25,185.87,186.25,900,2021-05-18 13:48:00,TSCO
186.295,186.295,186.19,186.25,400,2021-05-18 13:49:00,TSCO
186.28,186.28,186.0,186.11,1060,2021-05-18 13:50:00,TSCO
186.13,186.13,185.98,186.04,1000,2021-05-18 13:51:00,TSCO
186.05,186.1,185.9,185.9,2225,2021-05-18 13:52:00,TSCO
186.0,186.08,186.0,186.08,600,2021-05-18 13:53:00,TSCO
186.17,186.35,186.16,186.3,403,2021-05-18 13:54:00,TSCO
186.37,186.37,186.24,186.24,363,2021-05-18 13:55:00,TSCO
186.22,186.23,186.22,186.23,417,2021-05-18 13:56:00,TSCO
186.21,186.22,185.66,185.66,1859,2021-05-18 13:57:00,TSCO
185.635,185.79,185.635,185.71,700,2021-05-18 13:58:00,TSCO
185.92,186.13,185.855,186.13,400,2021-05-18 13:59:00,TSCO
186.06,186.14,185.91,185.91,1400,2021-05-18 14:00:00,TSCO
185.78,185.78,185.53,185.55,619,2021-05-18 14:01:00,TSCO
185.82,185.86,185.5784,185.793,1402,2021-05-18 14:02:00,TSCO
185.68,185.68,185.6,185.6,304,2021-05-18 14:03:00,TSCO
186.0,186.09,185.97,186.06,700,2021-05-18 14:04:00,TSCO
186.23,186.27,186.18,186.255,800,2021-05-18 14:05:00,TSCO
186.33,186.47,185.94,185.94,1901,2021-05-18 14:06:00,TSCO
186.03,186.04,185.99,186.01,700,2021-05-18 14:07:00,TSCO
185.9225,185.955,185.9225,185.95,300,2021-05-18 14:08:00,TSCO
185.95,185.95,185.855,185.855,1000,2021-05-18 14:09:00,TSCO
185.86,185.86,185.74,185.74,200,2021-05-18 14:10:00,TSCO
185.6701,185.79,185.6701,185.7,2325,2021-05-18 14:11:00,TSCO
185.57,185.57,185.46,185.53,1426,2021-05-18 14:12:00,TSCO
185.555,185.555,185.34,185.45,2100,2021-05-18 14:13:00,TSCO
185.42,185.42,185.42,185.42,200,2021-05-18 14:14:00,TSCO
185.37,185.445,185.1001,185.11,3000,2021-05-18 14:15:00,TSCO
185.07,185.12,184.68,184.68,1200,2021-05-18 14:16:00,TSCO
184.9599,184.9599,184.72,184.72,300,2021-05-18 14:17:00,TSCO
184.63,184.63,184.63,184.63,100,2021-05-18 14:18:00,TSCO
184.34,184.42,184.055,184.055,2300,2021-05-18 14:19:00,TSCO
184.08,184.26,183.916,184.26,3589,2021-05-18 14:20:00,TSCO
184.29,184.42,184.29,184.335,900,2021-05-18 14:21:00,TSCO
184.37,184.45,184.275,184.275,735,2021-05-18 14:22:00,TSCO
184.28,184.4281,184.18,184.4281,1200,2021-05-18 14:23:00,TSCO
184.4673,184.4673,184.255,184.2994,1700,2021-05-18 14:24:00,TSCO
184.31,184.45,184.31,184.43,902,2021-05-18 14:25:00,TSCO
184.43,184.49,184.43,184.445,700,2021-05-18 14:26:00,TSCO
184.435,184.46,184.41,184.41,834,2021-05-18 14:27:00,TSCO
184.295,184.51,184.185,184.475,2678,2021-05-18 14:28:00,TSCO
184.48,184.48,184.4,184.42,5200,2021-05-18 14:29:00,TSCO
184.44,184.51,184.37,184.51,1779,2021-05-18 14:30:00,TSCO
184.48,184.52,184.33,184.34,7335,2021-05-18 14:31:00,TSCO
184.31,184.31,184.22,184.22,200,2021-05-18 14:32:00,TSCO
184.35,184.35,184.15,184.15,900,2021-05-18 14:33:00,TSCO
184.19,184.42,184.19,184.26,1200,2021-05-18 14:34:00,TSCO
184.24,184.24,184.24,184.24,100,2021-05-18 14:35:00,TSCO
184.24,184.24,184.105,184.19,800,2021-05-18 14:36:00,TSCO
184.185,184.21,184.122,184.122,675,2021-05-18 14:37:00,TSCO
184.1,184.1,183.94,183.96,600,2021-05-18 14:38:00,TSCO
183.94,184.06,183.94,183.98,1685,2021-05-18 14:39:00,TSCO
183.787,183.89,183.76,183.85,2785,2021-05-18 14:40:00,TSCO
183.84,183.8554,183.79,183.8554,660,2021-05-18 14:41:00,TSCO
183.7,183.76,183.59,183.59,1720,2021-05-18 14:42:00,TSCO
183.59,183.64,183.53,183.56,3087,2021-05-18 14:43:00,TSCO
183.6125,183.6125,183.37,183.37,818,2021-05-18 14:44:00,TSCO
183.3,183.33,183.26,183.26,751,2021-05-18 14:45:00,TSCO
183.35,183.49,183.295,183.39,5309,2021-05-18 14:46:00,TSCO
183.49,183.705,183.465,183.705,4000,2021-05-18 14:47:00,TSCO
183.7,183.9,183.65,183.9,2314,2021-05-18 14:48:00,TSCO
184.09,184.09,183.9,183.9,500,2021-05-18 14:49:00,TSCO
183.97,184.03,183.87,183.87,735,2021-05-18 14:50:00,TSCO
183.99,184.13,183.99,184.13,500,2021-05-18 14:51:00,TSCO
184.07,184.09,183.99,184.0899,800,2021-05-18 14:52:00,TSCO
184.0575,184.13,183.92,184.05,3783,2021-05-18 14:53:00,TSCO
184.005,184.005,183.89,183.89,671,2021-05-18 14:54:00,TSCO
183.83,183.87,183.715,183.715,3271,2021-05-18 14:55:00,TSCO
183.75,183.975,183.75,183.87,1600,2021-05-18 14:56:00,TSCO
183.84,183.9,183.77,183.865,2277,2021-05-18 14:57:00,TSCO
183.865,183.98,183.85,183.91,1130,2021-05-18 14:58:00,TSCO
183.91,183.93,183.91,183.93,950,2021-05-18 14:59:00,TSCO
183.915,183.915,183.58,183.6369,3131,2021-05-18 15:00:00,TSCO
183.645,183.695,183.5,183.695,3816,2021-05-18 15:01:00,TSCO
183.655,183.75,183.645,183.75,2440,2021-05-18 15:02:00,TSCO
183.84,184.08,183.84,184.06,1200,2021-05-18 15:03:00,TSCO
183.98,184.05,183.9,183.9,900,2021-05-18 15:04:00,TSCO
183.765,183.815,183.64,183.815,3665,2021-05-18 15:05:00,TSCO
183.88,183.88,183.65,183.672,2836,2021-05-18 15:06:00,TSCO
183.655,183.71,183.61,183.65,1100,2021-05-18 15:07:00,TSCO
183.61,183.73,183.61,183.73,800,2021-05-18 15:08:00,TSCO
183.73,183.73,183.68,183.68,300,2021-05-18 15:09:00,TSCO
183.71,183.86,183.66,183.78,2259,2021-05-18 15:10:00,TSCO
183.74,183.78,183.65,183.69,700,2021-05-18 15:11:00,TSCO
183.61,183.61,183.49,183.55,1620,2021-05-18 15:12:00,TSCO
183.6,183.6417,183.4,183.445,1436,2021-05-18 15:13:00,TSCO
183.49,183.6401,183.44,183.6401,1900,2021-05-18 15:14:00,TSCO
183.6263,183.68,183.6,183.6,406,2021-05-18 15:15:00,TSCO
183.57,183.71,183.55,183.67,2383,2021-05-18 15:16:00,TSCO
183.735,183.735,183.53,183.665,2874,2021-05-18 15:17:00,TSCO
183.72,183.82,183.72,183.82,600,2021-05-18 15:18:00,TSCO
183.81,183.81,183.66,183.695,800,2021-05-18 15:19:00,TSCO
183.73,184.0085,183.73,183.94,1656,2021-05-18 15:20:00,TSCO
183.98,184.01,183.98,184.01,750,2021-05-18 15:21:00,TSCO
184.05,184.0612,184.015,184.03,568,2021-05-18 15:22:00,TSCO
183.94,183.99,183.87,183.87,1600,2021-05-18 15:24:00,TSCO
183.9577,183.9577,183.82,183.8777,600,2021-05-18 15:25:00,TSCO
183.795,183.795,183.69,183.72,1600,2021-05-18 15:26:00,TSCO
183.73,184.1,183.73,184.1,1500,2021-05-18 15:27:00,TSCO
184.15,184.15,184.09,184.15,900,2021-05-18 15:28:00,TSCO
184.2,184.2,184.055,184.14,1700,2021-05-18 15:29:00,TSCO
184.1,184.1,183.86,183.98,2100,2021-05-18 15:30:00,TSCO
184.1,184.1,184.09,184.1,400,2021-05-18 15:31:00,TSCO
184.12,184.33,184.075,184.155,2586,2021-05-18 15:32:00,TSCO
184.17,184.25,184.12,184.25,5209,2021-05-18 15:33:00,TSCO
184.25,184.25,184.245,184.245,300,2021-05-18 15:34:00,TSCO
184.29,184.34,184.27,184.31,2202,2021-05-18 15:35:00,TSCO
184.3,184.37,184.26,184.27,1000,2021-05-18 15:36:00,TSCO
184.3,184.3,184.11,184.11,800,2021-05-18 15:37:00,TSCO
184.16,184.22,184.16,184.22,300,2021-05-18 15:38:00,TSCO
184.2,184.2,184.2,184.2,100,2021-05-18 15:39:00,TSCO
184.23,184.24,184.15,184.15,2000,2021-05-18 15:40:00,TSCO
184.11,184.13,184.04,184.04,1000,2021-05-18 15:41:00,TSCO
184.02,184.03,183.76,183.76,1005,2021-05-18 15:42:00,TSCO
183.94,183.94,183.94,183.94,100,2021-05-18 15:43:00,TSCO
183.9499,183.9499,183.84,183.84,330,2021-05-18 15:44:00,TSCO
183.81,183.9,183.81,183.9,606,2021-05-18 15:45:00,TSCO
183.83,183.9,183.71,183.84,1020,2021-05-18 15:46:00,TSCO
183.94,184.05,183.93,184.05,2300,2021-05-18 15:47:00,TSCO
184.04,184.13,184.04,184.13,400,2021-05-18 15:48:00,TSCO
184.14,184.14,184.14,184.14,100,2021-05-18 15:49:00,TSCO
184.1,184.1,184.05,184.05,500,2021-05-18 15:50:00,TSCO
184.075,184.075,184.01,184.04,500,2021-05-18 15:51:00,TSCO
183.99,184.18,183.99,184.08,500,2021-05-18 15:52:00,TSCO
184.05,184.07,184.0,184.01,800,2021-05-18 15:53:00,TSCO
183.97,184.015,183.97,184.0,400,2021-05-18 15:54:00,TSCO
184.06,184.12,183.99,184.12,1200,2021-05-18 15:55:00,TSCO
184.2,184.2,184.08,184.08,500,2021-05-18 15:56:00,TSCO
184.085,184.16,184.085,184.16,400,2021-05-18 15:57:00,TSCO
184.21,184.21,184.12,184.12,400,2021-05-18 15:58:00,TSCO
184.13,184.13,184.13,184.13,100,2021-05-18 15:59:00,TSCO
184.12,184.12,184.04,184.055,805,2021-05-18 16:00:00,TSCO
184.01,184.15,184.01,184.1,2970,2021-05-18 16:01:00,TSCO
184.07,184.18,184.07,184.135,500,2021-05-18 16:02:00,TSCO
184.16,184.29,184.16,184.29,600,2021-05-18 16:03:00,TSCO
184.24,184.28,184.24,184.2718,500,2021-05-18 16:04:00,TSCO
184.2,184.26,184.18,184.26,1000,2021-05-18 16:05:00,TSCO
184.35,184.36,184.26,184.26,1184,2021-05-18 16:06:00,TSCO
184.225,184.23,184.205,184.205,400,2021-05-18 16:07:00,TSCO
184.26,184.2625,184.2,184.2,904,2021-05-18 16:08:00,TSCO
184.2194,184.235,184.15,184.225,900,2021-05-18 16:09:00,TSCO
184.22,184.22,184.13,184.17,850,2021-05-18 16:10:00,TSCO
184.17,184.21,184.17,184.21,300,2021-05-18 16:11:00,TSCO
184.18,184.18,184.08,184.08,300,2021-05-18 16:12:00,TSCO
184.04,184.22,184.04,184.22,2177,2021-05-18 16:13:00,TSCO
184.27,184.27,184.17,184.21,400,2021-05-18 16:14:00,TSCO
184.12,184.2092,184.12,184.2092,285,2021-05-18 16:15:00,TSCO
184.22,184.22,184.22,184.22,100,2021-05-18 16:16:00,TSCO
184.28,184.32,184.265,184.32,600,2021-05-18 16:17:00,TSCO
184.31,184.31,184.2,184.2,800,2021-05-18 16:18:00,TSCO
184.19,184.245,184.17,184.245,300,2021-05-18 16:20:00,TSCO
184.2,184.2,184.155,184.155,300,2021-05-18 16:21:00,TSCO
184.2,184.2,184.13,184.13,1194,2021-05-18 16:22:00,TSCO
184.16,184.21,184.13,184.13,1158,2021-05-18 16:23:00,TSCO
184.2,184.36,184.18,184.36,1200,2021-05-18 16:24:00,TSCO
184.305,184.344,184.25,184.25,304,2021-05-18 16:25:00,TSCO
184.15,184.18,184.12,184.16,2800,2021-05-18 16:26:00,TSCO
184.2,184.26,184.145,184.16,1000,2021-05-18 16:27:00,TSCO
184.195,184.195,184.15,184.16,927,2021-05-18 16:29:00,TSCO
184.145,184.29,184.1,184.29,2343,2021-05-18 16:30:00,TSCO
184.341,184.341,184.31,184.31,300,2021-05-18 16:31:00,TSCO
184.37,184.37,184.31,184.315,570,2021-05-18 16:32:00,TSCO
184.36,184.415,184.345,184.345,500,2021-05-18 16:33:00,TSCO
184.345,184.345,184.34,184.34,200,2021-05-18 16:34:00,TSCO
184.39,184.43,184.39,184.4,300,2021-05-18 16:35:00,TSCO
184.42,184.47,184.4,184.44,700,2021-05-18 16:36:00,TSCO
184.48,184.54,184.45,184.54,700,2021-05-18 16:38:00,TSCO
184.51,184.51,184.46,184.46,200,2021-05-18 16:39:00,TSCO
184.48,184.5521,184.48,184.495,516,2021-05-18 16:40:00,TSCO
184.45,184.51,184.44,184.51,1000,2021-05-18 16:41:00,TSCO
184.43,184.46,184.43,184.46,1200,2021-05-18 16:42:00,TSCO
184.5,184.6,184.5,184.6,700,2021-05-18 16:43:00,TSCO
184.67,184.675,184.52,184.53,810,2021-05-18 16:44:00,TSCO
184.53,184.53,184.45,184.48,303,2021-05-18 16:45:00,TSCO
184.49,184.49,184.49,184.49,100,2021-05-18 16:46:00,TSCO
184.5,184.595,184.49,184.595,1200,2021-05-18 16:47:00,TSCO
184.625,184.69,184.625,184.69,900,2021-05-18 16:48:00,TSCO
184.75,184.75,184.69,184.73,700,2021-05-18 16:49:00,TSCO
184.7,184.83,184.68,184.83,506,2021-05-18 16:50:00,TSCO
184.77,184.87,184.76,184.87,500,2021-05-18 16:51:00,TSCO
184.88,184.98,184.88,184.98,200,2021-05-18 16:52:00,TSCO
185.0,185.02,185.0,185.02,200,2021-05-18 16:53:00,TSCO
185.05,185.05,184.94,185.02,400,2021-05-18 16:54:00,TSCO
185.11,185.11,185.11,185.11,100,2021-05-18 16:55:00,TSCO
185.05,185.05,185.0,185.0,200,2021-05-18 16:56:00,TSCO
184.85,184.85,184.79,184.81,1100,2021-05-18 16:57:00,TSCO
184.74,184.74,184.71,184.735,608,2021-05-18 16:58:00,TSCO
184.84,184.84,184.84,184.84,100,2021-05-18 16:59:00,TSCO
184.81,184.84,184.79,184.84,550,2021-05-18 17:00:00,TSCO
184.85,184.85,184.7548,184.7548,250,2021-05-18 17:01:00,TSCO
184.775,184.9,184.555,184.71,400,2021-05-18 17:03:00,TSCO
184.66,184.66,184.56,184.66,2567,2021-05-18 17:04:00,TSCO
184.67,184.76,184.67,184.7375,600,2021-05-18 17:05:00,TSCO
184.8,184.84,184.78,184.785,746,2021-05-18 17:06:00,TSCO
184.71,184.71,184.71,184.71,100,2021-05-18 17:07:00,TSCO
184.76,184.81,184.76,184.81,200,2021-05-18 17:08:00,TSCO
184.735,184.86,184.735,184.86,350,2021-05-18 17:09:00,TSCO
184.78,184.78,184.78,184.78,150,2021-05-18 17:12:00,TSCO
184.83,184.83,184.81,184.83,568,2021-05-18 17:14:00,TSCO
184.72,184.72,184.72,184.72,200,2021-05-18 17:15:00,TSCO
184.79,184.84,184.79,184.82,1000,2021-05-18 17:16:00,TSCO
184.86,184.925,184.86,184.925,200,2021-05-18 17:17:00,TSCO
184.88,184.97,184.88,184.97,200,2021-05-18 17:18:00,TSCO
184.89,185.04,184.89,185.04,500,2021-05-18 17:19:00,TSCO
185.0,185.0,184.96,184.965,600,2021-05-18 17:20:00,TSCO
184.95,185.13,184.95,185.13,464,2021-05-18 17:22:00,TSCO
185.14,185.18,185.1,185.18,300,2021-05-18 17:23:00,TSCO
185.14,185.2,185.08,185.08,800,2021-05-18 17:24:00,TSCO
185.05,185.14,185.05,185.095,1200,2021-05-18 17:25:00,TSCO
185.095,185.12,185.01,185.12,1113,2021-05-18 17:26:00,TSCO
185.14,185.14,185.14,185.14,100,2021-05-18 17:27:00,TSCO
185.15,185.19,185.14,185.19,402,2021-05-18 17:28:00,TSCO
185.24,185.24,185.24,185.24,100,2021-05-18 17:29:00,TSCO
185.235,185.31,185.235,185.31,350,2021-05-18 17:30:00,TSCO
185.3,185.3,185.24,185.24,200,2021-05-18 17:31:00,TSCO
185.315,185.41,185.1975,185.32,3642,2021-05-18 17:32:00,TSCO
185.34,185.415,185.34,185.3625,1326,2021-05-18 17:33:00,TSCO
185.43,185.47,185.425,185.47,600,2021-05-18 17:34:00,TSCO
185.46,185.47,185.2711,185.2711,1900,2021-05-18 17:36:00,TSCO
185.25,185.25,185.25,185.25,100,2021-05-18 17:37:00,TSCO
185.2101,185.2101,185.2101,185.2101,136,2021-05-18 17:38:00,TSCO
185.38,185.38,185.35,185.35,300,2021-05-18 17:39:00,TSCO
185.38,185.44,185.38,185.44,700,2021-05-18 17:40:00,TSCO
185.49,185.49,185.43,185.43,966,2021-05-18 17:41:00,TSCO
185.47,185.59,185.47,185.59,450,2021-05-18 17:42:00,TSCO
185.44,185.55,185.425,185.55,1500,2021-05-18 17:43:00,TSCO
185.49,185.57,185.49,185.57,500,2021-05-18 17:44:00,TSCO
185.62,185.67,185.61,185.61,400,2021-05-18 17:45:00,TSCO
185.6,185.68,185.53,185.68,1400,2021-05-18 17:46:00,TSCO
185.68,185.74,185.68,185.74,326,2021-05-18 17:47:00,TSCO
185.725,185.725,185.725,185.725,300,2021-05-18 17:48:00,TSCO
185.58,185.66,185.56,185.65,1000,2021-05-18 17:49:00,TSCO
185.62,185.66,185.62,185.66,200,2021-05-18 17:50:00,TSCO
185.66,185.66,185.66,185.66,100,2021-05-18 17:51:00,TSCO
185.67,185.67,185.595,185.595,526,2021-05-18 17:52:00,TSCO
185.66,185.76,185.66,185.66,400,2021-05-18 17:53:00,TSCO
185.76,185.78,185.74,185.77,1100,2021-05-18 17:54:00,TSCO
185.91,185.91,185.91,185.91,100,2021-05-18 17:56:00,TSCO
185.72,185.79,185.68,185.79,708,2021-05-18 17:57:00,TSCO
185.72,185.765,185.72,185.7375,600,2021-05-18 17:58:00,TSCO
185.86,185.86,185.71,185.71,600,2021-05-18 17:59:00,TSCO
185.775,185.775,185.71,185.725,700,2021-05-18 18:00:00,TSCO
185.76,185.88,185.73,185.745,700,2021-05-18 18:01:00,TSCO
185.8,185.87,185.76,185.87,400,2021-05-18 18:03:00,TSCO
185.67,185.71,185.62,185.62,1200,2021-05-18 18:04:00,TSCO
185.69,185.765,185.69,185.76,1553,2021-05-18 18:05:00,TSCO
185.79,185.79,185.79,185.79,100,2021-05-18 18:06:00,TSCO
185.855,185.99,185.855,185.87,1300,2021-05-18 18:07:00,TSCO
185.82,185.96,185.82,185.91,700,2021-05-18 18:08:00,TSCO
185.82,185.82,185.65,185.65,700,2021-05-18 18:09:00,TSCO
185.55,185.55,185.55,185.55,100,2021-05-18 18:10:00,TSCO
185.64,185.64,185.52,185.52,300,2021-05-18 18:11:00,TSCO
185.54,185.62,185.54,185.62,200,2021-05-18 18:12:00,TSCO
185.62,185.67,185.59,185.67,916,2021-05-18 18:13:00,TSCO
185.59,185.65,185.59,185.61,800,2021-05-18 18:14:00,TSCO
185.54,185.59,185.53,185.59,600,2021-05-18 18:15:00,TSCO
185.68,185.73,185.68,185.73,300,2021-05-18 18:16:00,TSCO
185.74,185.76,185.648,185.715,482,2021-05-18 18:17:00,TSCO
185.71,185.81,185.71,185.81,800,2021-05-18 18:18:00,TSCO
185.7692,185.85,185.705,185.745,1240,2021-05-18 18:19:00,TSCO
185.745,185.81,185.625,185.625,900,2021-05-18 18:20:00,TSCO
185.61,185.61,185.61,185.61,102,2021-05-18 18:21:00,TSCO
185.58,185.58,185.58,185.58,300,2021-05-18 18:22:00,TSCO
185.475,185.53,185.4,185.4,400,2021-05-18 18:23:00,TSCO
185.3,185.42,185.3,185.38,606,2021-05-18 18:24:00,TSCO
185.28,185.4,185.25,185.25,1000,2021-05-18 18:25:00,TSCO
185.33,185.34,185.26,185.31,612,2021-05-18 18:26:00,TSCO
185.34,185.46,185.34,185.3599,432,2021-05-18 18:27:00,TSCO
185.375,185.375,185.375,185.375,100,2021-05-18 18:28:00,TSCO
185.51,185.51,185.28,185.33,800,2021-05-18 18:29:00,TSCO
185.3418,185.3418,185.25,185.25,850,2021-05-18 18:30:00,TSCO
185.22,185.38,185.18,185.325,3377,2021-05-18 18:31:00,TSCO
185.39,185.4,185.35,185.35,800,2021-05-18 18:32:00,TSCO
185.3757,185.3757,185.32,185.355,850,2021-05-18 18:33:00,TSCO
185.22,185.25,185.13,185.13,400,2021-05-18 18:34:00,TSCO
185.09,185.15,185.09,185.15,472,2021-05-18 18:36:00,TSCO
185.08,185.2,185.08,185.2,400,2021-05-18 18:37:00,TSCO
185.2,185.2,185.1294,185.17,400,2021-05-18 18:38:00,TSCO
185.14,185.14,185.14,185.14,100,2021-05-18 18:39:00,TSCO
185.04,185.1,185.04,185.1,500,2021-05-18 18:40:00,TSCO
185.1,185.1,184.97,185.07,300,2021-05-18 18:41:00,TSCO
185.08,185.08,185.0,185.0,400,2021-05-18 18:42:00,TSCO
184.94,185.07,184.94,185.065,1404,2021-05-18 18:43:00,TSCO
185.051,185.14,185.051,185.14,603,2021-05-18 18:44:00,TSCO
185.079,185.079,185.079,185.079,200,2021-05-18 18:45:00,TSCO
185.21,185.21,185.21,185.21,100,2021-05-18 18:46:00,TSCO
185.25,185.26,185.17,185.17,300,2021-05-18 18:47:00,TSCO
185.19,185.28,185.19,185.26,600,2021-05-18 18:48:00,TSCO
185.31,185.31,185.17,185.28,999,2021-05-18 18:49:00,TSCO
185.29,185.3,185.27,185.3,900,2021-05-18 18:50:00,TSCO
185.43,185.43,185.43,185.43,100,2021-05-18 18:51:00,TSCO
185.4,185.4,185.3,185.38,300,2021-05-18 18:52:00,TSCO
185.5,185.515,185.43,185.43,500,2021-05-18 18:53:00,TSCO
185.51,185.51,185.45,185.48,300,2021-05-18 18:54:00,TSCO
185.4,185.6,185.38,185.6,700,2021-05-18 18:55:00,TSCO
185.67,185.74,185.6,185.74,600,2021-05-18 18:56:00,TSCO
185.76,185.8,185.6,185.62,1600,2021-05-18 18:57:00,TSCO
185.74,185.74,185.61,185.645,400,2021-05-18 18:58:00,TSCO
185.625,185.71,185.625,185.71,900,2021-05-18 18:59:00,TSCO
185.66,185.66,185.52,185.52,811,2021-05-18 19:00:00,TSCO
185.38,185.52,185.36,185.39,1150,2021-05-18 19:01:00,TSCO
185.45,185.53,185.44,185.44,400,2021-05-18 19:02:00,TSCO
185.49,185.57,185.49,185.57,400,2021-05-18 19:03:00,TSCO
185.6,185.6,185.58,185.59,300,2021-05-18 19:04:00,TSCO
185.63,185.63,185.63,185.63,100,2021-05-18 19:05:00,TSCO
185.62,185.65,185.52,185.64,1620,2021-05-18 19:06:00,TSCO
185.57,185.61,185.57,185.61,400,2021-05-18 19:07:00,TSCO
185.63,185.65,185.63,185.65,202,2021-05-18 19:08:00,TSCO
185.74,185.78,185.715,185.715,1400,2021-05-18 19:09:00,TSCO
185.73,185.86,185.73,185.86,700,2021-05-18 19:10:00,TSCO
185.84,185.86,185.69,185.75,800,2021-05-18 19:11:00,TSCO
185.77,185.77,185.77,185.77,100,2021-05-18 19:12:00,TSCO
185.79,185.79,185.71,185.71,600,2021-05-18 19:13:00,TSCO
185.65,185.65,185.58,185.62,1724,2021-05-18 19:14:00,TSCO
185.61,185.61,185.585,185.585,225,2021-05-18 19:15:00,TSCO
185.52,185.54,185.52,185.54,200,2021-05-18 19:16:00,TSCO
185.68,185.68,185.68,185.68,200,2021-05-18 19:17:00,TSCO
185.67,185.74,185.64,185.72,800,2021-05-18 19:18:00,TSCO
185.64,185.73,185.63,185.67,2039,2021-05-18 19:19:00,TSCO
185.7175,185.82,185.7175,185.82,1084,2021-05-18 19:20:00,TSCO
185.85,185.89,185.84,185.89,1124,2021-05-18 19:21:00,TSCO
185.91,185.98,185.91,185.95,1000,2021-05-18 19:22:00,TSCO
185.97,185.98,185.97,185.98,300,2021-05-18 19:23:00,TSCO
185.96,186.08,185.96,186.045,500,2021-05-18 19:24:00,TSCO
185.98,186.07,185.98,186.025,500,2021-05-18 19:25:00,TSCO
186.01,186.05,185.95,186.03,3989,2021-05-18 19:26:00,TSCO
186.01,186.13,185.98,185.98,1233,2021-05-18 19:27:00,TSCO
185.9,185.95,185.85,185.92,500,2021-05-18 19:28:00,TSCO
185.89,185.9,185.79,185.8,2070,2021-05-18 19:29:00,TSCO
185.79,185.79,185.52,185.64,2646,2021-05-18 19:30:00,TSCO
185.68,185.79,185.6,185.655,1415,2021-05-18 19:31:00,TSCO
185.665,185.675,185.665,185.675,300,2021-05-18 19:32:00,TSCO
185.665,185.68,185.65,185.65,400,2021-05-18 19:33:00,TSCO
185.71,185.785,185.665,185.785,1540,2021-05-18 19:34:00,TSCO
185.76,185.8129,185.73,185.8129,900,2021-05-18 19:35:00,TSCO
185.69,185.69,185.6,185.67,1575,2021-05-18 19:36:00,TSCO
185.74,185.75,185.66,185.75,1292,2021-05-18 19:37:00,TSCO
185.745,185.87,185.72,185.83,2108,2021-05-18 19:38:00,TSCO
185.85,185.85,185.77,185.8,600,2021-05-18 19:39:00,TSCO
185.78,185.84,185.78,185.79,1100,2021-05-18 19:40:00,TSCO
185.81,185.91,185.8,185.855,2130,2021-05-18 19:41:00,TSCO
185.89,185.95,185.89,185.94,1500,2021-05-18 19:42:00,TSCO
185.97,185.97,185.9,185.9,1300,2021-05-18 19:43:00,TSCO
185.92,185.98,185.85,185.89,2375,2021-05-18 19:44:00,TSCO
185.87,185.92,185.83,185.83,1488,2021-05-18 19:45:00,TSCO
185.86,185.86,185.63,185.65,1699,2021-05-18 19:46:00,TSCO
185.71,185.74,185.68,185.74,4565,2021-05-18 19:47:00,TSCO
185.64,185.64,185.555,185.57,2525,2021-05-18 19:48:00,TSCO
185.55,185.66,185.55,185.62,1340,2021-05-18 19:49:00,TSCO
185.6,185.6,185.38,185.56,2809,2021-05-18 19:50:00,TSCO
185.51,185.56,185.454,185.454,4007,2021-05-18 19:51:00,TSCO
185.44,185.47,185.39,185.43,4200,2021-05-18 19:52:00,TSCO
185.38,185.4,185.26,185.38,4960,2021-05-18 19:53:00,TSCO
185.345,185.39,185.2,185.2,2679,2021-05-18 19:54:00,TSCO
185.21,185.27,185.03,185.1061,7076,2021-05-18 19:55:00,TSCO
185.1,185.14,185.03,185.1,3900,2021-05-18 19:56:00,TSCO
185.1,185.14,185.01,185.045,3500,2021-05-18 19:57:00,TSCO
185.03,185.14,185.03,185.14,2798,2021-05-18 19:58:00,TSCO
185.15,185.1904,184.78,184.82,4752,2021-05-18 19:59:00,TSCO
184.96,184.96,184.05,184.05,55850,2021-05-18 20:00:00,TSCO
184.96,184.96,184.96,184.96,1077,2021-05-18 20:02:00,TSCO
184.96,184.96,184.96,184.96,172,2021-05-18 20:11:00,TSCO
182.3,182.3,182.3,182.3,100,2021-05-19 13:00:00,TSCO
181.5,181.5,181.5,181.5,128,2021-05-19 13:01:00,TSCO
182.62,182.73,182.01,182.2424,12507,2021-05-19 13:30:00,TSCO
182.26,182.53,182.26,182.4,300,2021-05-19 13:31:00,TSCO
182.0,182.0,181.77,181.955,501,2021-05-19 13:32:00,TSCO
181.99,182.07,181.74,181.74,2703,2021-05-19 13:33:00,TSCO
181.91,182.57,181.91,182.57,1460,2021-05-19 13:34:00,TSCO
182.59,182.59,181.76,181.76,3186,2021-05-19 13:35:00,TSCO
181.96,181.98,181.67,181.73,1000,2021-05-19 13:36:00,TSCO
181.69,181.7,181.33,181.39,3823,2021-05-19 13:37:00,TSCO
181.35,181.39,180.54,180.7949,4236,2021-05-19 13:38:00,TSCO
181.0,181.05,180.8,180.82,3000,2021-05-19 13:39:00,TSCO
181.045,181.045,180.8788,180.8788,725,2021-05-19 13:40:00,TSCO
180.83,181.04,180.69,181.04,3183,2021-05-19 13:41:00,TSCO
180.98,181.07,180.73,181.07,1300,2021-05-19 13:42:00,TSCO
181.08,181.39,180.92,181.16,1614,2021-05-19 13:43:00,TSCO
181.29,181.68,181.29,181.68,3100,2021-05-19 13:44:00,TSCO
181.47,181.47,181.04,181.04,600,2021-05-19 13:45:00,TSCO
181.03,181.13,180.91,181.05,1438,2021-05-19 13:46:00,TSCO
181.07,181.07,180.26,180.3,15939,2021-05-19 13:47:00,TSCO
180.3,180.56,180.0,180.23,5098,2021-05-19 13:48:00,TSCO
180.1,180.41,180.1,180.32,2156,2021-05-19 13:49:00,TSCO
180.45,180.46,180.27,180.27,1181,2021-05-19 13:50:00,TSCO
180.13,180.21,179.77,179.77,4647,2021-05-19 13:51:00,TSCO
179.94,180.32,179.81,180.07,3087,2021-05-19 13:52:00,TSCO
180.1425,180.59,180.1425,180.59,1782,2021-05-19 13:53:00,TSCO
180.56,180.89,180.545,180.89,1622,2021-05-19 13:54:00,TSCO
180.75,180.97,180.67,180.97,2600,2021-05-19 13:55:00,TSCO
180.955,181.2365,180.64,180.9,5068,2021-05-19 13:56:00,TSCO
180.84,181.07,180.82,181.03,1758,2021-05-19 13:57:00,TSCO
181.08,181.1,180.712,180.73,1059,2021-05-19 13:58:00,TSCO
180.66,180.66,180.49,180.51,1375,2021-05-19 13:59:00,TSCO
180.59,180.59,180.32,180.42,1700,2021-05-19 14:00:00,TSCO
180.48,180.525,180.465,180.505,527,2021-05-19 14:01:00,TSCO
180.52,180.52,180.08,180.15,2783,2021-05-19 14:02:00,TSCO
180.05,180.05,179.39,179.63,6485,2021-05-19 14:03:00,TSCO
179.64,179.64,179.43,179.55,600,2021-05-19 14:04:00,TSCO
179.54,179.78,179.42,179.78,900,2021-05-19 14:05:00,TSCO
179.84,179.89,179.6,179.83,5310,2021-05-19 14:06:00,TSCO
179.82,179.97,179.82,179.845,779,2021-05-19 14:07:00,TSCO
179.91,180.01,179.86,180.01,3226,2021-05-19 14:08:00,TSCO
179.99,179.99,179.7,179.7,2190,2021-05-19 14:09:00,TSCO
179.61,179.61,179.4,179.4,1914,2021-05-19 14:10:00,TSCO
179.3,179.4492,179.3,179.4419,300,2021-05-19 14:11:00,TSCO
179.355,179.43,179.28,179.38,1000,2021-05-19 14:12:00,TSCO
179.47,179.47,179.375,179.375,500,2021-05-19 14:13:00,TSCO
179.375,179.59,179.375,179.59,1110,2021-05-19 14:14:00,TSCO
179.4,179.4,178.7,178.88,8086,2021-05-19 14:15:00,TSCO
178.65,178.96,178.65,178.96,1361,2021-05-19 14:16:00,TSCO
179.18,179.28,179.09,179.15,800,2021-05-19 14:17:00,TSCO
179.105,179.105,179.1,179.1,600,2021-05-19 14:18:00,TSCO
179.105,179.24,179.105,179.24,614,2021-05-19 14:19:00,TSCO
179.35,179.39,179.35,179.39,1200,2021-05-19 14:20:00,TSCO
179.31,179.31,179.0,179.0,2090,2021-05-19 14:21:00,TSCO
178.96,179.06,178.96,178.98,1500,2021-05-19 14:22:00,TSCO
178.88,178.9115,178.34,178.48,5002,2021-05-19 14:23:00,TSCO
178.37,178.48,178.31,178.46,1957,2021-05-19 14:24:00,TSCO
178.515,178.66,178.47,178.48,1600,2021-05-19 14:25:00,TSCO
178.66,178.78,178.66,178.66,600,2021-05-19 14:26:00,TSCO
178.71,179.05,178.71,179.05,1800,2021-05-19 14:27:00,TSCO
179.16,179.24,179.16,179.24,300,2021-05-19 14:28:00,TSCO
179.06,179.06,178.85,178.88,1900,2021-05-19 14:29:00,TSCO
178.89,178.98,178.84,178.89,2929,2021-05-19 14:30:00,TSCO
178.88,178.88,178.5,178.7,1531,2021-05-19 14:31:00,TSCO
178.605,178.605,178.34,178.52,2105,2021-05-19 14:32:00,TSCO
178.37,178.44,178.355,178.41,1761,2021-05-19 14:33:00,TSCO
178.47,178.625,178.36,178.385,2160,2021-05-19 14:34:00,TSCO
178.47,178.65,178.36,178.465,1500,2021-05-19 14:35:00,TSCO
178.53,178.53,178.19,178.19,1767,2021-05-19 14:36:00,TSCO
178.1,178.14,177.63,177.69,5248,2021-05-19 14:37:00,TSCO
177.795,177.89,177.72,177.795,1100,2021-05-19 14:38:00,TSCO
177.89,177.92,177.85,177.85,1200,2021-05-19 14:39:00,TSCO
177.85,177.99,177.74,177.74,1580,2021-05-19 14:40:00,TSCO
177.87,177.96,177.775,177.775,600,2021-05-19 14:41:00,TSCO
177.85,178.0,177.78,178.0,800,2021-05-19 14:42:00,TSCO
177.99,178.2,177.99,178.1734,800,2021-05-19 14:43:00,TSCO
178.08,178.12,178.01,178.12,900,2021-05-19 14:44:00,TSCO
178.19,178.29,178.12,178.23,1300,2021-05-19 14:45:00,TSCO
178.215,178.29,178.1,178.138,916,2021-05-19 14:46:00,TSCO
178.0,178.0,177.85,177.91,1388,2021-05-19 14:47:00,TSCO
177.9768,178.02,177.85,178.02,800,2021-05-19 14:48:00,TSCO
177.86,177.9325,177.81,177.9077,850,2021-05-19 14:49:00,TSCO
177.88,178.49,177.875,178.42,3750,2021-05-19 14:50:00,TSCO
178.42,178.43,178.265,178.43,1338,2021-05-19 14:51:00,TSCO
178.4417,178.59,178.435,178.45,2200,2021-05-19 14:52:00,TSCO
178.53,178.59,178.41,178.41,1500,2021-05-19 14:53:00,TSCO
178.415,178.44,178.37,178.44,300,2021-05-19 14:54:00,TSCO
178.41,178.44,178.41,178.43,400,2021-05-19 14:55:00,TSCO
178.41,178.41,178.105,178.105,3316,2021-05-19 14:56:00,TSCO
178.02,178.02,177.61,177.735,15624,2021-05-19 14:57:00,TSCO
177.61,177.8,177.49,177.49,5680,2021-05-19 14:58:00,TSCO
177.41,177.55,177.02,177.31,13344,2021-05-19 14:59:00,TSCO
177.52,177.65,177.42,177.65,1700,2021-05-19 15:00:00,TSCO
177.2801,177.72,177.2801,177.655,749,2021-05-19 15:01:00,TSCO
177.59,177.68,177.59,177.68,200,2021-05-19 15:02:00,TSCO
177.56,177.575,177.47,177.47,1127,2021-05-19 15:03:00,TSCO
177.45,177.57,177.425,177.425,1200,2021-05-19 15:04:00,TSCO
177.46,177.57,177.45,177.505,1000,2021-05-19 15:05:00,TSCO
177.505,177.8225,177.44,177.8225,2200,2021-05-19 15:06:00,TSCO
177.805,177.94,177.805,177.85,1426,2021-05-19 15:07:00,TSCO
177.865,177.9946,177.865,177.9946,1265,2021-05-19 15:08:00,TSCO
177.985,177.985,177.62,177.62,2972,2021-05-19 15:09:00,TSCO
177.66,177.72,177.5,177.59,4264,2021-05-19 15:10:00,TSCO
177.59,177.68,177.3,177.32,6746,2021-05-19 15:11:00,TSCO
177.37,177.48,177.31,177.46,2117,2021-05-19 15:12:00,TSCO
177.48,177.77,177.41,177.77,1560,2021-05-19 15:13:00,TSCO
177.85,177.93,177.76,177.84,3600,2021-05-19 15:14:00,TSCO
177.8,177.9344,177.615,177.79,1264,2021-05-19 15:15:00,TSCO
177.695,177.8,177.625,177.7,600,2021-05-19 15:16:00,TSCO
177.697,177.77,177.57,177.58,2125,2021-05-19 15:17:00,TSCO
177.57,177.65,177.57,177.65,540,2021-05-19 15:18:00,TSCO
177.6,177.61,177.33,177.35,1100,2021-05-19 15:19:00,TSCO
177.38,177.5375,177.38,177.48,600,2021-05-19 15:20:00,TSCO
177.47,177.63,177.46,177.61,500,2021-05-19 15:21:00,TSCO
177.7,177.86,177.54,177.54,700,2021-05-19 15:22:00,TSCO
177.6,177.6,177.6,177.6,100,2021-05-19 15:23:00,TSCO
177.615,177.6225,177.53,177.57,1700,2021-05-19 15:24:00,TSCO
177.66,177.67,177.64,177.64,400,2021-05-19 15:25:00,TSCO
177.625,177.765,177.625,177.765,900,2021-05-19 15:26:00,TSCO
177.69,177.84,177.65,177.756,2688,2021-05-19 15:27:00,TSCO
177.84,177.89,177.79,177.82,1240,2021-05-19 15:28:00,TSCO
177.79,177.79,177.62,177.62,1080,2021-05-19 15:29:00,TSCO
177.62,177.62,177.4,177.41,3500,2021-05-19 15:30:00,TSCO
177.39,177.5,177.29,177.44,3208,2021-05-19 15:31:00,TSCO
177.435,177.435,177.345,177.345,400,2021-05-19 15:32:00,TSCO
177.4,177.46,177.34,177.34,1601,2021-05-19 15:33:00,TSCO
177.4,177.4,176.9,176.92,6492,2021-05-19 15:34:00,TSCO
177.01,177.11,176.92,176.93,3250,2021-05-19 15:35:00,TSCO
177.02,177.08,176.57,176.61,14126,2021-05-19 15:36:00,TSCO
176.71,177.04,176.66,176.78,5247,2021-05-19 15:37:00,TSCO
176.69,176.87,176.57,176.87,4700,2021-05-19 15:38:00,TSCO
176.8,177.2,176.8,177.13,800,2021-05-19 15:39:00,TSCO
177.2,177.2,177.19,177.19,329,2021-05-19 15:40:00,TSCO
177.33,177.33,177.23,177.3,700,2021-05-19 15:41:00,TSCO
177.4199,177.43,177.33,177.39,1587,2021-05-19 15:42:00,TSCO
177.27,177.27,177.265,177.265,200,2021-05-19 15:43:00,TSCO
177.41,177.69,177.41,177.66,3585,2021-05-19 15:44:00,TSCO
177.64,177.7135,177.64,177.7135,200,2021-05-19 15:45:00,TSCO
177.57,177.71,177.55,177.665,500,2021-05-19 15:46:00,TSCO
177.74,177.93,177.74,177.915,1299,2021-05-19 15:47:00,TSCO
177.87,177.87,177.81,177.81,400,2021-05-19 15:48:00,TSCO
177.71,177.84,177.71,177.84,800,2021-05-19 15:49:00,TSCO
177.84,177.84,177.71,177.77,500,2021-05-19 15:50:00,TSCO
177.79,177.8,177.79,177.8,200,2021-05-19 15:51:00,TSCO
177.885,177.96,177.84,177.88,1600,2021-05-19 15:52:00,TSCO
177.83,177.83,177.74,177.74,400,2021-05-19 15:53:00,TSCO
177.65,177.65,177.5,177.59,700,2021-05-19 15:54:00,TSCO
177.68,177.73,177.5978,177.73,900,2021-05-19 15:55:00,TSCO
177.69,177.69,177.66,177.665,600,2021-05-19 15:56:00,TSCO
177.82,177.83,177.765,177.82,1500,2021-05-19 15:57:00,TSCO
177.83,177.89,177.83,177.865,500,2021-05-19 15:58:00,TSCO
177.82,178.11,177.82,177.88,1100,2021-05-19 15:59:00,TSCO
177.82,177.84,177.76,177.83,600,2021-05-19 16:00:00,TSCO
177.81,177.81,177.62,177.69,1393,2021-05-19 16:01:00,TSCO
177.72,177.77,177.72,177.77,400,2021-05-19 16:02:00,TSCO
177.65,177.76,177.56,177.76,1058,2021-05-19 16:03:00,TSCO
177.68,177.68,177.68,177.68,100,2021-05-19 16:04:00,TSCO
177.75,177.84,177.75,177.8,870,2021-05-19 16:05:00,TSCO
177.66,177.7334,177.66,177.715,500,2021-05-19 16:06:00,TSCO
177.785,177.785,177.74,177.78,300,2021-05-19 16:07:00,TSCO
177.725,177.83,177.725,177.83,3138,2021-05-19 16:08:00,TSCO
177.81,177.81,177.8087,177.8087,500,2021-05-19 16:09:00,TSCO
177.81,177.81,177.75,177.765,500,2021-05-19 16:10:00,TSCO
177.72,177.72,177.49,177.525,900,2021-05-19 16:11:00,TSCO
177.45,177.4775,177.41,177.43,700,2021-05-19 16:12:00,TSCO
177.49,177.49,177.355,177.355,300,2021-05-19 16:13:00,TSCO
177.34,177.44,177.29,177.425,4700,2021-05-19 16:14:00,TSCO
177.425,177.58,177.37,177.58,1658,2021-05-19 16:15:00,TSCO
177.555,177.635,177.47,177.61,3140,2021-05-19 16:16:00,TSCO
177.56,177.56,177.14,177.43,5800,2021-05-19 16:17:00,TSCO
177.4557,177.61,177.4557,177.61,800,2021-05-19 16:18:00,TSCO
177.6999,177.805,177.6999,177.75,600,2021-05-19 16:19:00,TSCO
177.81,177.92,177.81,177.92,400,2021-05-19 16:20:00,TSCO
177.81,177.81,177.73,177.74,760,2021-05-19 16:21:00,TSCO
177.82,177.945,177.82,177.945,500,2021-05-19 16:22:00,TSCO
177.95,177.98,177.89,177.94,600,2021-05-19 16:23:00,TSCO
177.92,178.0,177.92,178.0,400,2021-05-19 16:24:00,TSCO
178.05,178.05,177.92,177.92,872,2021-05-19 16:25:00,TSCO
177.955,177.955,177.93,177.95,400,2021-05-19 16:26:00,TSCO
178.12,178.12,177.97,177.97,1300,2021-05-19 16:28:00,TSCO
177.9956,177.9956,177.91,177.91,1600,2021-05-19 16:29:00,TSCO
177.96,178.01,177.91,177.91,1300,2021-05-19 16:30:00,TSCO
177.94,177.94,177.9,177.92,600,2021-05-19 16:31:00,TSCO
177.915,177.9825,177.915,177.97,550,2021-05-19 16:32:00,TSCO
177.97,177.99,177.9399,177.9399,695,2021-05-19 16:33:00,TSCO
177.87,177.9225,177.76,177.8463,1400,2021-05-19 16:34:00,TSCO
177.87,177.87,177.84,177.84,400,2021-05-19 16:35:00,TSCO
177.8,177.8,177.56,177.56,1488,2021-05-19 16:36:00,TSCO
177.6,177.73,177.59,177.73,958,2021-05-19 16:37:00,TSCO
177.76,177.87,177.75,177.79,830,2021-05-19 16:38:00,TSCO
177.845,177.845,177.845,177.845,100,2021-05-19 16:39:00,TSCO
177.8,177.82,177.745,177.82,400,2021-05-19 16:40:00,TSCO
177.75,177.8285,177.74,177.8,2600,2021-05-19 16:41:00,TSCO
177.79,177.88,177.79,177.86,600,2021-05-19 16:42:00,TSCO
177.89,178.0,177.89,177.94,300,2021-05-19 16:43:00,TSCO
177.87,177.92,177.59,177.59,4450,2021-05-19 16:44:00,TSCO
177.54,177.725,177.54,177.725,525,2021-05-19 16:45:00,TSCO
177.51,177.61,177.51,177.61,690,2021-05-19 16:46:00,TSCO
177.6,177.62,177.52,177.578,850,2021-05-19 16:47:00,TSCO
177.62,177.72,177.62,177.72,200,2021-05-19 16:48:00,TSCO
177.65,177.7175,177.65,177.7,500,2021-05-19 16:49:00,TSCO
177.67,177.67,177.67,177.67,100,2021-05-19 16:50:00,TSCO
177.675,177.744,177.675,177.73,900,2021-05-19 16:51:00,TSCO
177.75,177.995,177.71,177.995,600,2021-05-19 16:52:00,TSCO
177.84,177.84,177.84,177.84,100,2021-05-19 16:53:00,TSCO
177.93,177.93,177.85,177.85,2600,2021-05-19 16:54:00,TSCO
177.98,177.98,177.9104,177.9104,700,2021-05-19 16:55:00,TSCO
177.87,177.95,177.87,177.95,804,2021-05-19 16:56:00,TSCO
178.12,178.18,178.12,178.18,1092,2021-05-19 16:57:00,TSCO
178.2,178.2,178.12,178.12,900,2021-05-19 16:58:00,TSCO
178.06,178.06,178.0,178.0,200,2021-05-19 16:59:00,TSCO
177.86,177.94,177.86,177.94,500,2021-05-19 17:00:00,TSCO
177.96,178.08,177.96,178.08,300,2021-05-19 17:01:00,TSCO
178.08,178.08,177.95,177.95,400,2021-05-19 17:02:00,TSCO
177.93,177.99,177.93,177.99,200,2021-05-19 17:03:00,TSCO
177.92,177.92,177.8,177.89,2260,2021-05-19 17:04:00,TSCO
177.815,177.815,177.815,177.815,100,2021-05-19 17:05:00,TSCO
177.79,177.88,177.79,177.86,500,2021-05-19 17:06:00,TSCO
177.99,178.04,177.99,178.04,400,2021-05-19 17:07:00,TSCO
178.11,178.11,178.07,178.07,300,2021-05-19 17:08:00,TSCO
178.03,178.08,178.03,178.08,700,2021-05-19 17:09:00,TSCO
178.14,178.29,178.14,178.25,800,2021-05-19 17:10:00,TSCO
178.34,178.37,178.28,178.3,700,2021-05-19 17:11:00,TSCO
178.39,178.46,178.39,178.46,200,2021-05-19 17:12:00,TSCO
178.44,178.5519,178.44,178.5519,725,2021-05-19 17:13:00,TSCO
178.48,178.5,178.44,178.48,1600,2021-05-19 17:14:00,TSCO
178.51,178.565,178.51,178.565,200,2021-05-19 17:15:00,TSCO
178.56,178.56,178.48,178.52,914,2021-05-19 17:17:00,TSCO
178.56,178.63,178.56,178.57,500,2021-05-19 17:18:00,TSCO
178.54,178.58,178.54,178.58,300,2021-05-19 17:20:00,TSCO
178.6,178.66,178.6,178.66,705,2021-05-19 17:21:00,TSCO
178.55,178.55,178.55,178.55,100,2021-05-19 17:22:00,TSCO
178.535,178.57,178.535,178.57,600,2021-05-19 17:23:00,TSCO
178.53,178.6,178.3692,178.3692,1700,2021-05-19 17:24:00,TSCO
178.34,178.34,178.34,178.34,100,2021-05-19 17:25:00,TSCO
178.27,178.27,178.16,178.16,700,2021-05-19 17:26:00,TSCO
178.165,178.165,178.165,178.165,100,2021-05-19 17:27:00,TSCO
178.175,178.175,178.12,178.12,761,2021-05-19 17:28:00,TSCO
178.1,178.13,178.1,178.11,700,2021-05-19 17:29:00,TSCO
178.15,178.15,178.12,178.12,297,2021-05-19 17:31:00,TSCO
178.06,178.09,178.02,178.09,695,2021-05-19 17:32:00,TSCO
178.05,178.11,178.05,178.11,300,2021-05-19 17:33:00,TSCO
178.14,178.16,177.96,177.96,1532,2021-05-19 17:34:00,TSCO
178.06,178.1,178.05,178.05,523,2021-05-19 17:35:00,TSCO
178.1,178.1,177.85,177.85,1204,2021-05-19 17:36:00,TSCO
177.85,178.04,177.85,178.04,800,2021-05-19 17:37:00,TSCO
178.04,178.125,178.04,178.125,778,2021-05-19 17:38:00,TSCO
178.13,178.19,178.13,178.18,1000,2021-05-19 17:39:00,TSCO
178.15,178.18,178.08,178.08,500,2021-05-19 17:40:00,TSCO
178.13,178.13,178.03,178.09,900,2021-05-19 17:41:00,TSCO
178.1,178.1,178.045,178.045,500,2021-05-19 17:43:00,TSCO
178.08,178.12,178.08,178.1,300,2021-05-19 17:44:00,TSCO
178.12,178.12,178.12,178.12,100,2021-05-19 17:45:00,TSCO
178.1,178.1,178.07,178.08,709,2021-05-19 17:46:00,TSCO
178.125,178.24,178.125,178.14,1100,2021-05-19 17:47:00,TSCO
178.0949,178.12,178.06,178.12,402,2021-05-19 17:48:00,TSCO
178.0824,178.14,178.0824,178.11,1457,2021-05-19 17:49:00,TSCO
178.23,178.23,178.23,178.23,100,2021-05-19 17:50:00,TSCO
178.17,178.17,178.09,178.12,700,2021-05-19 17:51:00,TSCO
178.1,178.29,178.1,178.29,600,2021-05-19 17:52:00,TSCO
178.325,178.33,178.29,178.29,700,2021-05-19 17:53:00,TSCO
178.3,178.385,178.3,178.34,300,2021-05-19 17:54:00,TSCO
178.4219,178.55,178.4219,178.55,200,2021-05-19 17:55:00,TSCO
178.48,178.5,178.48,178.5,400,2021-05-19 17:56:00,TSCO
178.515,178.57,178.515,178.57,300,2021-05-19 17:57:00,TSCO
178.47,178.47,178.31,178.31,4700,2021-05-19 17:58:00,TSCO
178.31,178.36,178.25,178.25,1600,2021-05-19 17:59:00,TSCO
178.185,178.24,178.18,178.205,1000,2021-05-19 18:00:00,TSCO
178.25,178.33,178.24,178.33,1700,2021-05-19 18:01:00,TSCO
178.1675,178.1675,178.1,178.1,700,2021-05-19 18:02:00,TSCO
178.12,178.12,178.01,178.01,400,2021-05-19 18:03:00,TSCO
177.95,177.97,177.51,177.53,2100,2021-05-19 18:04:00,TSCO
177.51,177.51,177.23,177.23,1000,2021-05-19 18:05:00,TSCO
177.34,177.78,177.34,177.74,828,2021-05-19 18:06:00,TSCO
177.83,177.83,177.83,177.83,100,2021-05-19 18:07:00,TSCO
177.77,177.83,177.77,177.77,300,2021-05-19 18:08:00,TSCO
177.98,178.0775,177.98,178.0775,400,2021-05-19 18:09:00,TSCO
178.02,178.02,177.83,177.88,600,2021-05-19 18:10:00,TSCO
177.82,177.82,177.47,177.53,4350,2021-05-19 18:11:00,TSCO
177.51,177.55,177.51,177.55,200,2021-05-19 18:12:00,TSCO
177.53,177.58,177.4701,177.58,800,2021-05-19 18:13:00,TSCO
177.545,177.56,177.34,177.56,1600,2021-05-19 18:14:00,TSCO
177.54,177.54,177.23,177.23,900,2021-05-19 18:15:00,TSCO
177.28,177.4225,177.25,177.4225,1300,2021-05-19 18:16:00,TSCO
177.55,177.63,177.53,177.63,3812,2021-05-19 18:17:00,TSCO
177.53,177.56,177.51,177.56,800,2021-05-19 18:18:00,TSCO
177.54,177.54,177.535,177.535,300,2021-05-19 18:19:00,TSCO
177.9,177.91,177.7,177.7,400,2021-05-19 18:20:00,TSCO
177.77,177.88,177.755,177.88,400,2021-05-19 18:21:00,TSCO
177.96,178.34,177.96,178.255,1000,2021-05-19 18:22:00,TSCO
178.36,178.49,178.18,178.29,4321,2021-05-19 18:23:00,TSCO
178.3,178.56,178.16,178.16,37311,2021-05-19 18:24:00,TSCO
178.18,178.4499,178.11,178.39,10692,2021-05-19 18:25:00,TSCO
178.42,179.0245,178.42,179.0245,6500,2021-05-19 18:26:00,TSCO
178.98,179.26,178.89,178.975,5700,2021-05-19 18:27:00,TSCO
178.92,179.22,178.92,179.22,1000,2021-05-19 18:28:00,TSCO
179.155,179.34,179.11,179.21,1900,2021-05-19 18:29:00,TSCO
179.25,179.25,179.01,179.25,1800,2021-05-19 18:30:00,TSCO
179.16,179.27,179.16,179.27,400,2021-05-19 18:31:00,TSCO
179.345,179.345,179.07,179.07,1100,2021-05-19 18:32:00,TSCO
179.07,179.17,179.05,179.17,1600,2021-05-19 18:33:00,TSCO
179.05,179.05,178.9,178.95,1037,2021-05-19 18:34:00,TSCO
178.895,179.04,178.895,178.955,735,2021-05-19 18:35:00,TSCO
178.975,179.25,178.975,179.215,1119,2021-05-19 18:36:00,TSCO
179.26,179.29,179.045,179.23,4476,2021-05-19 18:37:00,TSCO
179.18,179.38,179.17,179.31,4287,2021-05-19 18:38:00,TSCO
179.39,179.48,179.31,179.355,1501,2021-05-19 18:39:00,TSCO
179.34,179.385,179.26,179.385,1000,2021-05-19 18:40:00,TSCO
179.395,179.395,179.25,179.35,5293,2021-05-19 18:41:00,TSCO
179.48,179.6,179.48,179.59,600,2021-05-19 18:42:00,TSCO
179.51,179.6103,179.43,179.43,1100,2021-05-19 18:43:00,TSCO
179.4,179.49,179.4,179.45,500,2021-05-19 18:44:00,TSCO
179.45,179.475,179.35,179.35,340,2021-05-19 18:45:00,TSCO
179.4,179.48,179.37,179.47,1105,2021-05-19 18:46:00,TSCO
179.48,179.63,179.45,179.52,4696,2021-05-19 18:47:00,TSCO
179.62,179.69,179.49,179.5513,3300,2021-05-19 18:48:00,TSCO
179.68,179.68,179.53,179.56,1007,2021-05-19 18:49:00,TSCO
179.63,179.7,179.535,179.68,11588,2021-05-19 18:50:00,TSCO
179.68,179.75,179.57,179.57,30700,2021-05-19 18:51:00,TSCO
179.64,180.04,179.545,179.99,10945,2021-05-19 18:52:00,TSCO
180.0,180.0,179.8,179.83,1300,2021-05-19 18:53:00,TSCO
179.83,179.95,179.76,179.95,1500,2021-05-19 18:54:00,TSCO
179.86,179.9,179.6,179.67,4894,2021-05-19 18:55:00,TSCO
179.67,179.78,179.67,179.78,1003,2021-05-19 18:56:00,TSCO
179.75,179.82,179.7325,179.82,2768,2021-05-19 18:57:00,TSCO
179.8,180.14,179.8,180.005,6291,2021-05-19 18:58:00,TSCO
179.99,180.02,179.695,179.74,2019,2021-05-19 18:59:00,TSCO
179.69,179.69,179.4,179.59,3637,2021-05-19 19:00:00,TSCO
179.61,179.61,179.46,179.49,2469,2021-05-19 19:01:00,TSCO
179.58,179.6,179.5085,179.6,4911,2021-05-19 19:02:00,TSCO
179.57,179.64,179.43,179.4853,4670,2021-05-19 19:03:00,TSCO
179.59,179.59,179.53,179.58,400,2021-05-19 19:04:00,TSCO
179.55,179.66,179.5225,179.66,1959,2021-05-19 19:05:00,TSCO
179.63,179.84,179.595,179.76,4525,2021-05-19 19:06:00,TSCO
179.68,179.87,179.665,179.77,1500,2021-05-19 19:07:00,TSCO
179.76,179.87,179.72,179.87,1000,2021-05-19 19:08:00,TSCO
179.94,179.96,179.77,179.96,2592,2021-05-19 19:09:00,TSCO
180.02,180.1699,179.9472,180.07,4276,2021-05-19 19:10:00,TSCO
180.17,180.25,180.07,180.18,3110,2021-05-19 19:11:00,TSCO
180.13,180.25,180.105,180.25,32800,2021-05-19 19:12:00,TSCO
180.11,180.12,179.94,179.97,2754,2021-05-19 19:13:00,TSCO
179.9,179.97,179.8,179.805,7704,2021-05-19 19:14:00,TSCO
179.635,179.635,179.48,179.48,1000,2021-05-19 19:15:00,TSCO
179.47,179.47,179.34,179.34,500,2021-05-19 19:16:00,TSCO
179.39,179.55,179.39,179.44,1636,2021-05-19 19:17:00,TSCO
179.37,179.52,179.25,179.25,2753,2021-05-19 19:18:00,TSCO
179.35,179.4225,179.34,179.365,900,2021-05-19 19:19:00,TSCO
179.3651,179.3651,179.25,179.33,1109,2021-05-19 19:20:00,TSCO
179.45,179.48,179.34,179.38,17700,2021-05-19 19:21:00,TSCO
179.39,179.64,179.38,179.64,7100,2021-05-19 19:22:00,TSCO
179.65,179.76,179.62,179.75,27302,2021-05-19 19:23:00,TSCO
179.78,180.12,179.75,179.83,5000,2021-05-19 19:24:00,TSCO
179.86,180.23,179.86,180.055,3900,2021-05-19 19:25:00,TSCO
180.07,180.24,179.95,179.975,3436,2021-05-19 19:26:00,TSCO
179.985,179.99,179.85,179.975,2036,2021-05-19 19:27:00,TSCO
179.94,180.13,179.94,180.1,3018,2021-05-19 19:28:00,TSCO
180.07,180.095,179.88,179.92,2500,2021-05-19 19:29:00,TSCO
180.0,180.04,179.95,179.96,3400,2021-05-19 19:30:00,TSCO
179.92,180.01,179.84,179.86,4018,2021-05-19 19:31:00,TSCO
179.82,179.9,179.77,179.77,2870,2021-05-19 19:32:00,TSCO
179.71,179.84,179.4,179.54,4683,2021-05-19 19:33:00,TSCO
179.45,179.66,179.45,179.66,1557,2021-05-19 19:34:00,TSCO
179.575,179.685,179.45,179.68,2500,2021-05-19 19:35:00,TSCO
179.69,179.86,179.68,179.845,2100,2021-05-19 19:36:00,TSCO
179.845,179.97,179.78,179.97,2853,2021-05-19 19:37:00,TSCO
179.87,180.03,179.87,180.03,1000,2021-05-19 19:38:00,TSCO
179.98,180.09,179.96,180.041,3100,2021-05-19 19:39:00,TSCO
180.04,180.19,180.0,180.07,3774,2021-05-19 19:40:00,TSCO
180.04,180.075,180.02,180.025,1900,2021-05-19 19:41:00,TSCO
180.11,180.225,180.055,180.18,2100,2021-05-19 19:42:00,TSCO
180.15,180.21,180.09,180.125,1213,2021-05-19 19:43:00,TSCO
180.17,180.23,180.11,180.16,1500,2021-05-19 19:44:00,TSCO
180.11,180.23,180.11,180.175,1700,2021-05-19 19:45:00,TSCO
180.2199,180.2199,180.09,180.135,1954,2021-05-19 19:46:00,TSCO
180.17,180.21,179.88,179.93,3311,2021-05-19 19:47:00,TSCO
179.9437,180.02,179.89,180.02,1600,2021-05-19 19:48:00,TSCO
179.9931,180.165,179.9931,180.165,2300,2021-05-19 19:49:00,TSCO
180.08,180.41,180.04,180.41,3900,2021-05-19 19:50:00,TSCO
180.37,180.56,180.3,180.53,2917,2021-05-19 19:51:00,TSCO
180.54,180.67,180.42,180.5,9184,2021-05-19 19:52:00,TSCO
180.46,180.68,180.43,180.43,8917,2021-05-19 19:53:00,TSCO
180.4,180.72,180.4,180.56,7600,2021-05-19 19:54:00,TSCO
180.68,180.79,180.58,180.79,8063,2021-05-19 19:55:00,TSCO
180.8,181.09,180.65,180.81,18197,2021-05-19 19:56:00,TSCO
180.8092,180.81,180.3,180.38,20992,2021-05-19 19:57:00,TSCO
180.29,180.6,180.29,180.57,15984,2021-05-19 19:58:00,TSCO
180.58,180.78,180.45,180.53,23118,2021-05-19 19:59:00,TSCO
180.54,180.54,180.54,180.54,106651,2021-05-19 20:00:00,TSCO
180.54,180.54,180.54,180.54,15677,2021-05-19 20:01:00,TSCO
181.81,181.81,181.81,181.81,205,2021-05-19 20:24:00,TSCO
180.59,180.98,180.29,180.3,9580,2021-05-20 13:30:00,TSCO
180.28,180.54,180.215,180.49,1900,2021-05-20 13:31:00,TSCO
180.4455,180.81,180.4455,180.81,350,2021-05-20 13:32:00,TSCO
180.82,181.03,180.82,181.03,1300,2021-05-20 13:33:00,TSCO
180.91,180.91,180.86,180.86,300,2021-05-20 13:34:00,TSCO
181.03,181.328,180.89,181.05,8183,2021-05-20 13:35:00,TSCO
181.225,181.95,181.155,181.665,2978,2021-05-20 13:36:00,TSCO
181.95,181.95,181.66,181.66,500,2021-05-20 13:37:00,TSCO
181.68,181.68,181.485,181.4917,1635,2021-05-20 13:38:00,TSCO
181.3,181.495,180.67,180.67,2287,2021-05-20 13:39:00,TSCO
180.85,181.06,180.8,181.06,1132,2021-05-20 13:41:00,TSCO
181.08,181.24,180.85,180.85,800,2021-05-20 13:43:00,TSCO
180.89,180.98,180.49,180.98,1815,2021-05-20 13:44:00,TSCO
180.75,181.1,180.75,181.1,399,2021-05-20 13:45:00,TSCO
180.9901,181.83,180.9901,181.69,600,2021-05-20 13:46:00,TSCO
181.92,181.92,181.52,181.52,400,2021-05-20 13:47:00,TSCO
181.52,181.52,181.32,181.32,490,2021-05-20 13:48:00,TSCO
181.33,181.43,180.9,181.34,4870,2021-05-20 13:49:00,TSCO
181.61,181.61,181.36,181.4,300,2021-05-20 13:50:00,TSCO
181.21,181.21,181.21,181.21,100,2021-05-20 13:51:00,TSCO
181.03,181.41,180.95,181.41,3710,2021-05-20 13:52:00,TSCO
181.42,181.45,181.385,181.385,800,2021-05-20 13:53:00,TSCO
181.49,181.7,181.43,181.43,1400,2021-05-20 13:54:00,TSCO
181.49,181.65,181.49,181.65,250,2021-05-20 13:55:00,TSCO
181.86,181.91,181.86,181.91,500,2021-05-20 13:56:00,TSCO
181.86,181.99,181.86,181.99,600,2021-05-20 13:57:00,TSCO
181.89,181.97,181.83,181.88,1200,2021-05-20 13:58:00,TSCO
181.9298,182.0,181.78,181.97,612,2021-05-20 13:59:00,TSCO
181.97,182.11,181.97,182.06,1400,2021-05-20 14:00:00,TSCO
182.06,182.25,182.06,182.17,927,2021-05-20 14:01:00,TSCO
182.105,182.665,182.105,182.46,1600,2021-05-20 14:02:00,TSCO
182.56,182.59,182.51,182.59,1001,2021-05-20 14:03:00,TSCO
182.52,182.52,182.46,182.5,837,2021-05-20 14:04:00,TSCO
182.52,182.52,182.32,182.35,1300,2021-05-20 14:05:00,TSCO
182.29,182.41,182.22,182.3739,1000,2021-05-20 14:06:00,TSCO
182.22,182.39,182.02,182.39,1100,2021-05-20 14:07:00,TSCO
182.22,182.29,182.13,182.19,800,2021-05-20 14:08:00,TSCO
182.26,182.28,182.13,182.13,1300,2021-05-20 14:09:00,TSCO
182.2012,182.7,182.2012,182.7,2550,2021-05-20 14:10:00,TSCO
182.76,182.76,182.76,182.76,100,2021-05-20 14:11:00,TSCO
182.73,182.8,182.49,182.8,2276,2021-05-20 14:12:00,TSCO
182.69,182.89,182.69,182.74,700,2021-05-20 14:13:00,TSCO
182.87,182.87,182.71,182.765,1812,2021-05-20 14:14:00,TSCO
182.82,182.93,182.75,182.75,2200,2021-05-20 14:15:00,TSCO
182.75,182.85,182.75,182.85,313,2021-05-20 14:16:00,TSCO
182.94,183.05,182.9,183.0,4059,2021-05-20 14:17:00,TSCO
182.99,182.99,182.9457,182.9457,386,2021-05-20 14:18:00,TSCO
183.01,183.01,182.79,182.97,2090,2021-05-20 14:19:00,TSCO
182.96,182.96,182.79,182.875,300,2021-05-20 14:20:00,TSCO
182.81,182.84,182.77,182.77,1200,2021-05-20 14:21:00,TSCO
182.75,182.83,182.6,182.6,700,2021-05-20 14:22:00,TSCO
182.8,182.93,182.8,182.925,1400,2021-05-20 14:23:00,TSCO
182.89,182.925,182.85,182.85,500,2021-05-20 14:24:00,TSCO
183.0,183.08,182.97,182.97,400,2021-05-20 14:25:00,TSCO
182.96,182.96,182.73,182.89,2500,2021-05-20 14:26:00,TSCO
182.8804,183.06,182.8804,182.92,817,2021-05-20 14:27:00,TSCO
182.92,182.95,182.84,182.905,1408,2021-05-20 14:28:00,TSCO
182.85,182.85,182.6,182.71,1100,2021-05-20 14:29:00,TSCO
182.67,182.67,182.52,182.54,2954,2021-05-20 14:30:00,TSCO
182.48,182.49,182.36,182.36,720,2021-05-20 14:31:00,TSCO
182.39,182.39,182.39,182.39,104,2021-05-20 14:32:00,TSCO
182.42,182.47,182.41,182.41,400,2021-05-20 14:33:00,TSCO
182.32,182.395,182.24,182.26,1320,2021-05-20 14:34:00,TSCO
182.32,182.34,182.13,182.22,1050,2021-05-20 14:35:00,TSCO
182.32,182.32,182.31,182.31,400,2021-05-20 14:36:00,TSCO
182.45,182.64,182.45,182.64,400,2021-05-20 14:37:00,TSCO
182.672,182.672,182.672,182.672,500,2021-05-20 14:38:00,TSCO
182.58,182.6149,182.53,182.6149,563,2021-05-20 14:39:00,TSCO
182.67,182.67,182.6,182.6,428,2021-05-20 14:40:00,TSCO
182.54,182.54,182.25,182.25,1063,2021-05-20 14:41:00,TSCO
182.18,182.18,182.03,182.03,200,2021-05-20 14:43:00,TSCO
182.16,182.22,182.1,182.1,700,2021-05-20 14:45:00,TSCO
182.2402,182.2402,182.19,182.225,1220,2021-05-20 14:46:00,TSCO
182.29,182.29,182.15,182.28,1921,2021-05-20 14:47:00,TSCO
182.25,182.33,182.23,182.2525,1902,2021-05-20 14:48:00,TSCO
182.175,182.24,182.01,182.24,2600,2021-05-20 14:49:00,TSCO
182.25,182.25,182.12,182.14,2919,2021-05-20 14:50:00,TSCO
182.23,182.32,182.205,182.205,1950,2021-05-20 14:51:00,TSCO
182.25,182.31,182.25,182.25,500,2021-05-20 14:52:00,TSCO
182.28,182.28,182.15,182.15,710,2021-05-20 14:53:00,TSCO
182.13,182.2,182.105,182.12,642,2021-05-20 14:54:00,TSCO
182.13,182.13,181.74,181.74,1838,2021-05-20 14:55:00,TSCO
181.83,181.9001,181.82,181.87,624,2021-05-20 14:56:00,TSCO
181.845,181.845,181.64,181.84,1600,2021-05-20 14:57:00,TSCO
181.86,181.86,181.86,181.86,100,2021-05-20 14:58:00,TSCO
182.01,182.1,182.01,182.1,800,2021-05-20 14:59:00,TSCO
182.1,182.26,182.1,182.18,616,2021-05-20 15:00:00,TSCO
182.2563,182.2563,181.94,181.94,1201,2021-05-20 15:01:00,TSCO
182.01,182.05,181.96,182.05,500,2021-05-20 15:02:00,TSCO
182.095,182.095,181.88,181.88,701,2021-05-20 15:03:00,TSCO
182.11,182.25,182.11,182.25,700,2021-05-20 15:04:00,TSCO
182.2,182.2,182.08,182.12,628,2021-05-20 15:05:00,TSCO
182.15,182.18,182.1006,182.1006,400,2021-05-20 15:06:00,TSCO
182.01,182.03,181.94,181.99,1125,2021-05-20 15:07:00,TSCO
181.965,181.965,181.965,181.965,104,2021-05-20 15:08:00,TSCO
181.9,181.979,181.9,181.96,300,2021-05-20 15:09:00,TSCO
182.03,182.03,182.03,182.03,300,2021-05-20 15:10:00,TSCO
182.0082,182.14,182.0082,182.14,1512,2021-05-20 15:11:00,TSCO
182.19,182.195,182.15,182.195,300,2021-05-20 15:12:00,TSCO
182.22,182.24,182.22,182.24,200,2021-05-20 15:13:00,TSCO
182.26,182.26,182.12,182.12,811,2021-05-20 15:14:00,TSCO
182.1,182.1,182.1,182.1,100,2021-05-20 15:15:00,TSCO
182.07,182.07,181.93,181.93,500,2021-05-20 15:16:00,TSCO
182.005,182.07,181.99,181.995,806,2021-05-20 15:17:00,TSCO
182.1,182.15,182.0,182.0,669,2021-05-20 15:18:00,TSCO
181.96,182.06,181.96,182.06,600,2021-05-20 15:19:00,TSCO
181.95,181.95,181.84,181.84,1247,2021-05-20 15:20:00,TSCO
181.89,182.04,181.89,182.04,600,2021-05-20 15:21:00,TSCO
181.99,182.02,181.97,182.02,1300,2021-05-20 15:23:00,TSCO
182.1,182.1,182.1,182.1,200,2021-05-20 15:24:00,TSCO
182.17,182.2,182.17,182.19,600,2021-05-20 15:25:00,TSCO
182.11,182.11,182.105,182.105,300,2021-05-20 15:26:00,TSCO
182.05,182.05,182.0,182.0,400,2021-05-20 15:27:00,TSCO
182.06,182.14,181.99,181.99,680,2021-05-20 15:28:00,TSCO
182.06,182.06,182.02,182.02,700,2021-05-20 15:29:00,TSCO
182.37,182.37,182.27,182.27,200,2021-05-20 15:30:00,TSCO
182.25,182.25,182.25,182.25,100,2021-05-20 15:31:00,TSCO
182.27,182.58,182.25,182.45,2649,2021-05-20 15:32:00,TSCO
182.41,182.45,182.4,182.4,600,2021-05-20 15:33:00,TSCO
182.55,182.71,182.48,182.48,1425,2021-05-20 15:34:00,TSCO
182.5,182.5,182.5,182.5,100,2021-05-20 15:35:00,TSCO
182.45,182.54,182.45,182.54,200,2021-05-20 15:36:00,TSCO
182.6368,182.67,182.6368,182.65,1349,2021-05-20 15:37:00,TSCO
182.625,182.72,182.625,182.65,900,2021-05-20 15:38:00,TSCO
182.62,182.7,182.44,182.44,699,2021-05-20 15:39:00,TSCO
182.54,182.59,182.54,182.59,300,2021-05-20 15:40:00,TSCO
182.54,182.54,182.34,182.47,800,2021-05-20 15:41:00,TSCO
182.36,182.36,182.31,182.31,769,2021-05-20 15:42:00,TSCO
182.32,182.39,182.26,182.275,700,2021-05-20 15:43:00,TSCO
182.31,182.31,182.31,182.31,100,2021-05-20 15:44:00,TSCO
182.5,182.51,182.36,182.51,700,2021-05-20 15:45:00,TSCO
182.45,182.46,182.45,182.46,300,2021-05-20 15:46:00,TSCO
182.48,182.84,182.48,182.7,2725,2021-05-20 15:47:00,TSCO
182.69,182.69,182.69,182.69,100,2021-05-20 15:48:00,TSCO
182.75,182.75,182.68,182.68,200,2021-05-20 15:49:00,TSCO
182.72,182.72,182.72,182.72,100,2021-05-20 15:50:00,TSCO
182.67,182.77,182.66,182.74,1819,2021-05-20 15:51:00,TSCO
182.74,182.74,182.71,182.71,658,2021-05-20 15:52:00,TSCO
182.68,182.68,182.66,182.66,300,2021-05-20 15:53:00,TSCO
182.65,182.65,182.46,182.58,7400,2021-05-20 15:54:00,TSCO
182.51,182.58,182.49,182.58,600,2021-05-20 15:55:00,TSCO
182.74,182.74,182.63,182.63,600,2021-05-20 15:56:00,TSCO
182.55,182.63,182.54,182.63,700,2021-05-20 15:57:00,TSCO
182.66,182.75,182.62,182.71,1300,2021-05-20 15:58:00,TSCO
182.66,182.764,182.62,182.72,1600,2021-05-20 15:59:00,TSCO
182.665,182.665,182.5,182.5,1477,2021-05-20 16:00:00,TSCO
182.485,182.59,182.485,182.56,2100,2021-05-20 16:01:00,TSCO
182.49,182.56,182.49,182.56,300,2021-05-20 16:02:00,TSCO
182.6,182.77,182.585,182.74,1334,2021-05-20 16:03:00,TSCO
182.7,182.78,182.7,182.768,400,2021-05-20 16:04:00,TSCO
182.725,182.78,182.67,182.78,600,2021-05-20 16:05:00,TSCO
182.88,182.92,182.85,182.86,2200,2021-05-20 16:06:00,TSCO
182.78,182.92,182.75,182.865,1150,2021-05-20 16:07:00,TSCO
182.89,182.89,182.88,182.88,500,2021-05-20 16:09:00,TSCO
182.865,182.94,182.7,182.8,6137,2021-05-20 16:10:00,TSCO
182.875,183.01,182.79,182.935,1175,2021-05-20 16:11:00,TSCO
182.88,182.88,182.79,182.83,600,2021-05-20 16:12:00,TSCO
182.94,183.01,182.94,182.94,1196,2021-05-20 16:13:00,TSCO
182.95,183.02,182.84,182.84,2411,2021-05-20 16:14:00,TSCO
182.89,183.01,182.89,183.01,400,2021-05-20 16:15:00,TSCO
182.96,182.96,182.83,182.87,1000,2021-05-20 16:16:00,TSCO
182.7938,182.88,182.7,182.705,27017,2021-05-20 16:17:00,TSCO
182.565,182.64,182.46,182.52,1429,2021-05-20 16:18:00,TSCO
182.515,182.56,182.42,182.48,1089,2021-05-20 16:19:00,TSCO
182.455,182.5742,182.45,182.47,782,2021-05-20 16:20:00,TSCO
182.48,182.495,182.36,182.36,1869,2021-05-20 16:21:00,TSCO
182.47,182.47,182.37,182.4,902,2021-05-20 16:22:00,TSCO
182.435,182.48,182.2801,182.2801,4300,2021-05-20 16:23:00,TSCO
182.28,182.28,182.03,182.03,1300,2021-05-20 16:24:00,TSCO
182.23,182.25,182.04,182.12,1600,2021-05-20 16:25:00,TSCO
182.09,182.17,182.0,182.17,4330,2021-05-20 16:26:00,TSCO
182.2,182.2,182.08,182.09,300,2021-05-20 16:27:00,TSCO
182.06,182.06,182.06,182.06,100,2021-05-20 16:28:00,TSCO
182.03,182.03,182.03,182.03,100,2021-05-20 16:29:00,TSCO
182.055,182.2,182.055,182.2,405,2021-05-20 16:30:00,TSCO
182.25,182.25,182.25,182.25,100,2021-05-20 16:31:00,TSCO
182.2727,182.37,182.27,182.27,1538,2021-05-20 16:32:00,TSCO
182.35,182.53,182.35,182.53,333,2021-05-20 16:33:00,TSCO
182.405,182.56,182.405,182.56,300,2021-05-20 16:34:00,TSCO
182.45,182.45,182.45,182.45,100,2021-05-20 16:35:00,TSCO
182.35,182.35,182.15,182.19,1448,2021-05-20 16:36:00,TSCO
182.155,182.24,182.155,182.24,500,2021-05-20 16:38:00,TSCO
182.35,182.35,182.35,182.35,100,2021-05-20 16:39:00,TSCO
182.3,182.45,182.3,182.45,531,2021-05-20 16:40:00,TSCO
182.43,182.43,182.28,182.28,400,2021-05-20 16:41:00,TSCO
182.38,182.38,182.38,182.38,100,2021-05-20 16:42:00,TSCO
182.36,182.44,182.36,182.44,900,2021-05-20 16:43:00,TSCO
182.46,182.46,182.46,182.46,200,2021-05-20 16:44:00,TSCO
182.65,182.79,182.65,182.65,400,2021-05-20 16:46:00,TSCO
182.57,182.67,182.57,182.67,349,2021-05-20 16:47:00,TSCO
182.63,182.73,182.63,182.73,1100,2021-05-20 16:48:00,TSCO
182.73,182.73,182.67,182.68,700,2021-05-20 16:49:00,TSCO
182.74,182.74,182.72,182.72,200,2021-05-20 16:50:00,TSCO
182.69,182.69,182.69,182.69,600,2021-05-20 16:51:00,TSCO
182.74,182.82,182.74,182.82,500,2021-05-20 16:52:00,TSCO
182.8,182.97,182.74,182.97,900,2021-05-20 16:53:00,TSCO
182.905,183.07,182.8609,183.02,3454,2021-05-20 16:54:00,TSCO
183.015,183.015,182.87,182.87,2392,2021-05-20 16:55:00,TSCO
182.74,182.815,182.74,182.79,300,2021-05-20 16:56:00,TSCO
182.91,182.91,182.83,182.83,300,2021-05-20 16:57:00,TSCO
182.82,182.82,182.77,182.8,400,2021-05-20 16:58:00,TSCO
182.8,182.87,182.75,182.79,2836,2021-05-20 16:59:00,TSCO
182.84,182.84,182.84,182.84,100,2021-05-20 17:00:00,TSCO
182.7625,182.77,182.7575,182.77,300,2021-05-20 17:01:00,TSCO
182.78,182.79,182.7231,182.77,900,2021-05-20 17:02:00,TSCO
182.73,182.87,182.73,182.85,601,2021-05-20 17:03:00,TSCO
182.755,182.8,182.755,182.8,350,2021-05-20 17:04:00,TSCO
182.85,182.85,182.85,182.85,100,2021-05-20 17:05:00,TSCO
182.84,182.84,182.79,182.83,500,2021-05-20 17:06:00,TSCO
182.875,182.875,182.79,182.8,1200,2021-05-20 17:07:00,TSCO
182.78,182.78,182.78,182.78,200,2021-05-20 17:08:00,TSCO
182.88,182.88,182.8448,182.8448,200,2021-05-20 17:09:00,TSCO
182.87,182.9982,182.87,182.9982,300,2021-05-20 17:10:00,TSCO
182.87,182.87,182.8,182.8,700,2021-05-20 17:11:00,TSCO
182.96,182.96,182.96,182.96,100,2021-05-20 17:12:00,TSCO
182.89,183.01,182.89,183.01,200,2021-05-20 17:13:00,TSCO
182.93,182.965,182.93,182.96,300,2021-05-20 17:14:00,TSCO
183.03,183.05,183.03,183.05,300,2021-05-20 17:15:00,TSCO
183.02,183.02,183.02,183.02,100,2021-05-20 17:16:00,TSCO
183.03,183.18,183.03,183.18,300,2021-05-20 17:17:00,TSCO
183.19,183.19,183.19,183.19,100,2021-05-20 17:18:00,TSCO
183.13,183.13,183.1,183.13,493,2021-05-20 17:20:00,TSCO
183.1,183.1,183.08,183.095,1266,2021-05-20 17:21:00,TSCO
183.13,183.14,183.1,183.1,1297,2021-05-20 17:22:00,TSCO
183.12,183.12,183.12,183.12,200,2021-05-20 17:23:00,TSCO
183.1,183.18,183.08,183.18,1400,2021-05-20 17:24:00,TSCO
183.17,183.25,183.17,183.25,1400,2021-05-20 17:25:00,TSCO
183.39,183.39,183.39,183.39,100,2021-05-20 17:27:00,TSCO
183.31,183.3425,183.31,183.3275,300,2021-05-20 17:28:00,TSCO
183.34,183.37,183.34,183.37,200,2021-05-20 17:29:00,TSCO
183.45,183.56,183.45,183.53,900,2021-05-20 17:30:00,TSCO
183.45,183.45,183.45,183.45,100,2021-05-20 17:31:00,TSCO
183.4811,183.49,183.46,183.49,1565,2021-05-20 17:32:00,TSCO
183.42,183.42,183.41,183.42,500,2021-05-20 17:33:00,TSCO
183.44,183.47,183.44,183.47,420,2021-05-20 17:34:00,TSCO
183.48,183.51,183.4,183.4,400,2021-05-20 17:35:00,TSCO
183.375,183.47,183.375,183.47,1000,2021-05-20 17:36:00,TSCO
183.59,183.59,183.55,183.55,500,2021-05-20 17:37:00,TSCO
183.51,183.51,183.42,183.51,1477,2021-05-20 17:38:00,TSCO
183.61,183.64,183.57,183.57,400,2021-05-20 17:39:00,TSCO
183.54,183.54,183.4725,183.4725,16700,2021-05-20 17:40:00,TSCO
183.485,183.57,183.43,183.57,5067,2021-05-20 17:41:00,TSCO
183.54,183.54,183.4775,183.4775,600,2021-05-20 17:42:00,TSCO
183.48,183.62,183.48,183.62,900,2021-05-20 17:43:00,TSCO
183.61,183.61,183.575,183.58,764,2021-05-20 17:44:00,TSCO
183.51,183.51,183.44,183.44,715,2021-05-20 17:46:00,TSCO
183.52,183.52,183.48,183.48,636,2021-05-20 17:48:00,TSCO
183.47,183.48,183.47,183.48,700,2021-05-20 17:49:00,TSCO
183.52,183.52,183.51,183.51,200,2021-05-20 17:50:00,TSCO
183.5,183.5,183.495,183.495,469,2021-05-20 17:51:00,TSCO
183.5021,183.51,183.5021,183.51,437,2021-05-20 17:52:00,TSCO
183.5,183.51,183.354,183.42,3524,2021-05-20 17:53:00,TSCO
183.375,183.44,183.27,183.405,3480,2021-05-20 17:54:00,TSCO
183.4352,183.4352,183.3,183.3999,395,2021-05-20 17:55:00,TSCO
183.355,183.5,183.32,183.5,789,2021-05-20 17:56:00,TSCO
183.5,183.63,183.5,183.63,700,2021-05-20 17:57:00,TSCO
183.59,183.61,183.5,183.57,2393,2021-05-20 17:58:00,TSCO
183.61,183.61,183.61,183.61,200,2021-05-20 18:00:00,TSCO
183.58,183.58,183.58,183.58,100,2021-05-20 18:01:00,TSCO
183.64,183.64,183.64,183.64,100,2021-05-20 18:02:00,TSCO
183.615,183.615,183.52,183.57,1080,2021-05-20 18:03:00,TSCO
183.51,183.51,183.51,183.51,200,2021-05-20 18:04:00,TSCO
183.52,183.69,183.52,183.67,400,2021-05-20 18:05:00,TSCO
183.61,183.73,183.61,183.69,600,2021-05-20 18:06:00,TSCO
183.67,183.735,183.57,183.64,746,2021-05-20 18:07:00,TSCO
183.645,183.645,183.645,183.645,100,2021-05-20 18:08:00,TSCO
183.68,183.68,183.67,183.68,400,2021-05-20 18:09:00,TSCO
183.68,183.75,183.655,183.655,2035,2021-05-20 18:10:00,TSCO
183.63,183.63,183.56,183.63,550,2021-05-20 18:11:00,TSCO
183.625,183.625,183.57,183.57,503,2021-05-20 18:12:00,TSCO
183.67,183.75,183.67,183.73,700,2021-05-20 18:13:00,TSCO
183.77,183.77,183.77,183.77,100,2021-05-20 18:14:00,TSCO
183.7438,183.83,183.7438,183.798,1058,2021-05-20 18:15:00,TSCO
183.78,183.78,183.75,183.75,803,2021-05-20 18:16:00,TSCO
183.792,183.85,183.76,183.76,1157,2021-05-20 18:17:00,TSCO
183.75,183.79,183.66,183.73,10400,2021-05-20 18:18:00,TSCO
183.65,183.73,183.65,183.73,600,2021-05-20 18:19:00,TSCO
183.76,183.79,183.76,183.79,999,2021-05-20 18:20:00,TSCO
183.785,183.91,183.785,183.91,921,2021-05-20 18:21:00,TSCO
183.84,183.9,183.84,183.9,1200,2021-05-20 18:22:00,TSCO
183.9,183.93,183.855,183.9,36500,2021-05-20 18:23:00,TSCO
183.9,183.9,183.77,183.795,1296,2021-05-20 18:24:00,TSCO
183.84,183.84,183.75,183.7725,1100,2021-05-20 18:25:00,TSCO
183.715,183.715,183.715,183.715,200,2021-05-20 18:26:00,TSCO
183.77,183.855,183.75,183.78,1957,2021-05-20 18:27:00,TSCO
183.76,183.87,183.76,183.87,1400,2021-05-20 18:28:00,TSCO
183.92,183.95,183.87,183.92,800,2021-05-20 18:29:00,TSCO
184.03,184.03,183.7901,183.7901,1787,2021-05-20 18:30:00,TSCO
184.01,184.01,183.85,183.895,400,2021-05-20 18:31:00,TSCO
183.8455,183.87,183.7671,183.805,2103,2021-05-20 18:32:00,TSCO
183.8,183.915,183.7825,183.87,2873,2021-05-20 18:33:00,TSCO
183.87,183.87,183.87,183.87,1000,2021-05-20 18:34:00,TSCO
183.87,183.91,183.87,183.91,200,2021-05-20 18:35:00,TSCO
183.9,183.92,183.85,183.92,1600,2021-05-20 18:36:00,TSCO
183.91,183.9799,183.91,183.9799,200,2021-05-20 18:37:00,TSCO
183.96,183.99,183.87,183.87,500,2021-05-20 18:38:00,TSCO
183.97,184.0,183.96,184.0,2668,2021-05-20 18:39:00,TSCO
183.965,184.02,183.965,183.99,600,2021-05-20 18:40:00,TSCO
183.99,183.99,183.87,183.87,900,2021-05-20 18:41:00,TSCO
183.91,183.945,183.91,183.945,1200,2021-05-20 18:42:00,TSCO
183.99,184.05,183.99,184.05,1100,2021-05-20 18:43:00,TSCO
184.08,184.08,184.08,184.08,100,2021-05-20 18:44:00,TSCO
184.07,184.07,184.03,184.03,490,2021-05-20 18:45:00,TSCO
184.063,184.063,184.0,184.005,789,2021-05-20 18:46:00,TSCO
183.97,184.0,183.95,183.95,1418,2021-05-20 18:47:00,TSCO
183.94,183.96,183.7768,183.96,2412,2021-05-20 18:48:00,TSCO
183.96,183.96,183.87,183.87,1078,2021-05-20 18:49:00,TSCO
183.84,183.92,183.84,183.87,1400,2021-05-20 18:50:00,TSCO
183.93,184.03,183.93,184.03,1300,2021-05-20 18:52:00,TSCO
184.0,184.0,183.86,183.87,1825,2021-05-20 18:53:00,TSCO
183.915,184.02,183.87,183.87,2000,2021-05-20 18:55:00,TSCO
183.86,183.87,183.82,183.87,500,2021-05-20 18:56:00,TSCO
183.93,183.93,183.78,183.82,1000,2021-05-20 18:57:00,TSCO
183.87,183.885,183.85,183.85,408,2021-05-20 18:58:00,TSCO
183.79,183.93,183.77,183.93,300,2021-05-20 18:59:00,TSCO
183.78,183.83,183.66,183.82,3451,2021-05-20 19:00:00,TSCO
183.85,183.95,183.83,183.83,2000,2021-05-20 19:01:00,TSCO
183.945,183.945,183.75,183.75,1000,2021-05-20 19:03:00,TSCO
183.675,183.71,183.59,183.71,500,2021-05-20 19:04:00,TSCO
183.695,183.77,183.695,183.77,400,2021-05-20 19:05:00,TSCO
183.76,183.88,183.67,183.88,3503,2021-05-20 19:06:00,TSCO
183.815,183.82,183.79,183.81,604,2021-05-20 19:07:00,TSCO
183.8,183.83,183.76,183.805,1363,2021-05-20 19:08:00,TSCO
183.8,183.825,183.72,183.825,400,2021-05-20 19:09:00,TSCO
183.85,183.91,183.77,183.845,2934,2021-05-20 19:10:00,TSCO
183.91,183.95,183.91,183.95,500,2021-05-20 19:11:00,TSCO
184.01,184.09,184.0,184.0,1000,2021-05-20 19:12:00,TSCO
184.0,184.0,183.95,183.995,2925,2021-05-20 19:13:00,TSCO
184.0,184.05,183.99,184.05,936,2021-05-20 19:14:00,TSCO
183.9441,183.95,183.83,183.84,3801,2021-05-20 19:15:00,TSCO
183.94,183.99,183.85,183.94,934,2021-05-20 19:16:00,TSCO
183.9,183.955,183.89,183.955,300,2021-05-20 19:17:00,TSCO
183.965,184.0,183.93,183.955,1271,2021-05-20 19:18:00,TSCO
183.94,183.94,183.93,183.93,200,2021-05-20 19:19:00,TSCO
183.935,184.0,183.935,183.98,400,2021-05-20 19:20:00,TSCO
183.995,184.18,183.995,184.08,2000,2021-05-20 19:21:00,TSCO
184.04,184.15,184.04,184.12,1108,2021-05-20 19:22:00,TSCO
184.11,184.12,184.1,184.12,1115,2021-05-20 19:23:00,TSCO
184.12,184.15,184.1,184.15,600,2021-05-20 19:24:00,TSCO
184.15,184.36,184.15,184.3,5431,2021-05-20 19:25:00,TSCO
184.3,184.3,184.17,184.17,700,2021-05-20 19:26:00,TSCO
184.16,184.35,184.15,184.3,2543,2021-05-20 19:27:00,TSCO
184.3299,184.3299,184.25,184.3,628,2021-05-20 19:28:00,TSCO
184.285,184.33,184.285,184.33,400,2021-05-20 19:29:00,TSCO
184.385,184.405,184.22,184.22,1361,2021-05-20 19:30:00,TSCO
184.235,184.295,184.23,184.28,2298,2021-05-20 19:31:00,TSCO
184.28,184.39,184.25,184.39,1790,2021-05-20 19:32:00,TSCO
184.335,184.39,184.29,184.35,3577,2021-05-20 19:33:00,TSCO
184.29,184.35,184.22,184.27,1700,2021-05-20 19:34:00,TSCO
184.29,184.33,184.26,184.3,1113,2021-05-20 19:35:00,TSCO
184.33,184.33,184.19,184.19,2752,2021-05-20 19:36:00,TSCO
184.16,184.2,184.16,184.2,300,2021-05-20 19:37:00,TSCO
184.13,184.2,184.05,184.1,4020,2021-05-20 19:38:00,TSCO
184.08,184.21,184.08,184.17,1809,2021-05-20 19:39:00,TSCO
184.18,184.22,184.125,184.125,1783,2021-05-20 19:40:00,TSCO
184.12,184.18,184.12,184.18,744,2021-05-20 19:41:00,TSCO
184.14,184.14,184.01,184.11,2771,2021-05-20 19:42:00,TSCO
184.11,184.13,184.08,184.13,1764,2021-05-20 19:43:00,TSCO
184.16,184.21,184.1,184.1,2070,2021-05-20 19:44:00,TSCO
184.22,184.24,184.17,184.205,1030,2021-05-20 19:45:00,TSCO
184.21,184.21,184.04,184.19,4980,2021-05-20 19:46:00,TSCO
184.14,184.24,184.14,184.18,5325,2021-05-20 19:47:00,TSCO
184.18,184.275,183.99,183.99,6097,2021-05-20 19:48:00,TSCO
183.98,184.04,183.89,183.89,1500,2021-05-20 19:49:00,TSCO
183.9,183.9,183.71,183.805,3863,2021-05-20 19:50:00,TSCO
183.74,183.74,183.67,183.69,3217,2021-05-20 19:51:00,TSCO
183.77,184.0,183.77,183.975,3578,2021-05-20 19:52:00,TSCO
183.93,184.05,183.83,183.94,12157,2021-05-20 19:53:00,TSCO
183.99,184.02,183.84,183.95,2921,2021-05-20 19:54:00,TSCO
183.95,183.975,183.79,183.82,6349,2021-05-20 19:55:00,TSCO
183.78,183.93,183.78,183.855,12474,2021-05-20 19:56:00,TSCO
183.855,183.94,183.7,183.905,13781,2021-05-20 19:57:00,TSCO
183.89,183.91,183.68,183.75,8835,2021-05-20 19:58:00,TSCO
183.85,183.96,183.76,183.76,19471,2021-05-20 19:59:00,TSCO
183.9,183.9,183.9,183.9,95751,2021-05-20 20:00:00,TSCO
183.9,183.9,183.9,183.9,33270,2021-05-20 20:01:00,TSCO
183.9,183.9,183.9,183.9,1000,2021-05-20 20:02:00,TSCO
185.0,185.0,185.0,185.0,100,2021-05-20 20:15:00,TSCO
183.9,183.9,183.9,183.9,495,2021-05-20 20:36:00,TSCO
183.18,183.18,183.02,183.02,200,2021-05-21 13:29:00,TSCO
183.0,183.34,182.995,183.23,27967,2021-05-21 13:30:00,TSCO
183.34,183.34,183.18,183.18,600,2021-05-21 13:31:00,TSCO
183.36,183.85,183.33,183.85,1952,2021-05-21 13:32:00,TSCO
183.755,183.755,183.51,183.51,1102,2021-05-21 13:33:00,TSCO
183.75,183.975,183.51,183.51,3001,2021-05-21 13:34:00,TSCO
183.7798,183.975,183.51,183.975,400,2021-05-21 13:35:00,TSCO
184.0,184.0,183.52,183.7,3732,2021-05-21 13:36:00,TSCO
183.7,183.95,183.7,183.95,899,2021-05-21 13:37:00,TSCO
184.11,184.805,184.11,184.775,2917,2021-05-21 13:38:00,TSCO
184.93,185.06,184.9282,185.02,6504,2021-05-21 13:39:00,TSCO
184.8285,184.9,184.5,184.6146,7931,2021-05-21 13:40:00,TSCO
184.395,184.395,183.97,183.97,300,2021-05-21 13:41:00,TSCO
183.97,184.07,183.53,183.59,1750,2021-05-21 13:42:00,TSCO
183.67,183.67,183.555,183.6674,332,2021-05-21 13:43:00,TSCO
183.7505,183.9,183.65,183.675,2881,2021-05-21 13:44:00,TSCO
184.045,184.11,184.045,184.11,200,2021-05-21 13:46:00,TSCO
184.03,184.03,183.69,183.71,652,2021-05-21 13:47:00,TSCO
183.715,183.715,183.63,183.64,600,2021-05-21 13:48:00,TSCO
183.535,183.535,183.535,183.535,100,2021-05-21 13:49:00,TSCO
183.55,183.93,183.55,183.85,800,2021-05-21 13:50:00,TSCO
183.825,184.0,183.8,184.0,614,2021-05-21 13:51:00,TSCO
184.01,184.235,183.96,184.235,1900,2021-05-21 13:52:00,TSCO
184.45,184.45,184.13,184.23,947,2021-05-21 13:53:00,TSCO
184.34,184.34,184.1,184.13,500,2021-05-21 13:54:00,TSCO
184.09,184.29,183.97,184.27,700,2021-05-21 13:55:00,TSCO
184.2791,184.29,184.12,184.13,1100,2021-05-21 13:56:00,TSCO
184.32,184.43,184.315,184.43,300,2021-05-21 13:57:00,TSCO
184.61,184.79,184.61,184.79,300,2021-05-21 13:58:00,TSCO
184.78,184.92,184.57,184.57,3456,2021-05-21 13:59:00,TSCO
184.41,184.41,184.26,184.26,300,2021-05-21 14:00:00,TSCO
184.275,184.275,184.12,184.12,800,2021-05-21 14:01:00,TSCO
184.115,184.115,183.85,183.85,3333,2021-05-21 14:02:00,TSCO
183.9,183.955,183.785,183.9,674,2021-05-21 14:03:00,TSCO
184.15,184.15,184.03,184.03,300,2021-05-21 14:04:00,TSCO
184.04,184.2,184.0,184.2,1483,2021-05-21 14:05:00,TSCO
184.37,184.57,184.13,184.13,3100,2021-05-21 14:06:00,TSCO
184.13,184.13,184.13,184.13,200,2021-05-21 14:07:00,TSCO
184.415,184.415,184.415,184.415,100,2021-05-21 14:08:00,TSCO
184.5,184.56,184.23,184.42,2000,2021-05-21 14:09:00,TSCO
184.495,184.57,184.45,184.45,703,2021-05-21 14:10:00,TSCO
184.525,184.6,184.41,184.41,1100,2021-05-21 14:11:00,TSCO
184.42,184.42,184.42,184.42,100,2021-05-21 14:12:00,TSCO
184.415,184.48,184.35,184.35,307,2021-05-21 14:13:00,TSCO
184.48,184.6,184.21,184.22,2100,2021-05-21 14:14:00,TSCO
184.25,184.34,183.92,183.92,4500,2021-05-21 14:15:00,TSCO
184.0,184.08,184.0,184.08,402,2021-05-21 14:16:00,TSCO
184.15,184.29,183.74,183.975,12461,2021-05-21 14:17:00,TSCO
183.975,184.16,183.75,183.92,7712,2021-05-21 14:18:00,TSCO
183.9,183.9,183.86,183.86,400,2021-05-21 14:19:00,TSCO
183.95,184.03,183.95,184.02,600,2021-05-21 14:20:00,TSCO
184.09,184.09,184.09,184.09,100,2021-05-21 14:21:00,TSCO
184.09,184.09,183.95,184.08,1100,2021-05-21 14:22:00,TSCO
184.11,184.11,183.875,183.875,702,2021-05-21 14:23:00,TSCO
183.82,183.84,183.79,183.84,1000,2021-05-21 14:24:00,TSCO
183.825,183.83,183.825,183.83,410,2021-05-21 14:25:00,TSCO
183.9,184.13,183.88,183.99,6424,2021-05-21 14:26:00,TSCO
183.93,183.985,183.835,183.835,1119,2021-05-21 14:27:00,TSCO
183.835,184.09,183.835,184.0,500,2021-05-21 14:28:00,TSCO
184.01,184.06,183.99,184.06,400,2021-05-21 14:29:00,TSCO
184.07,184.37,184.07,184.13,2848,2021-05-21 14:30:00,TSCO
184.03,184.14,184.03,184.135,2668,2021-05-21 14:31:00,TSCO
184.101,184.135,184.05,184.1,997,2021-05-21 14:32:00,TSCO
184.15,184.54,184.15,184.36,1404,2021-05-21 14:33:00,TSCO
184.35,184.43,184.29,184.43,700,2021-05-21 14:34:00,TSCO
184.55,184.7431,184.42,184.47,600,2021-05-21 14:35:00,TSCO
184.47,184.495,184.34,184.35,1606,2021-05-21 14:36:00,TSCO
184.33,184.33,184.05,184.05,600,2021-05-21 14:37:00,TSCO
184.015,184.015,183.86,183.91,816,2021-05-21 14:38:00,TSCO
184.11,184.11,184.11,184.11,100,2021-05-21 14:39:00,TSCO
184.27,184.53,184.27,184.53,200,2021-05-21 14:40:00,TSCO
184.54,184.55,184.452,184.452,400,2021-05-21 14:42:00,TSCO
184.47,184.47,184.38,184.41,2250,2021-05-21 14:43:00,TSCO
184.31,184.31,184.31,184.31,100,2021-05-21 14:44:00,TSCO
184.43,184.43,184.38,184.38,454,2021-05-21 14:45:00,TSCO
184.57,184.71,184.57,184.62,911,2021-05-21 14:47:00,TSCO
184.62,184.62,184.53,184.56,2155,2021-05-21 14:48:00,TSCO
184.7085,184.84,184.5841,184.8029,1015,2021-05-21 14:49:00,TSCO
184.86,184.92,184.8,184.92,300,2021-05-21 14:50:00,TSCO
184.81,185.01,184.79,185.01,600,2021-05-21 14:51:00,TSCO
185.03,185.09,185.03,185.09,300,2021-05-21 14:52:00,TSCO
185.18,185.21,185.1,185.1,1799,2021-05-21 14:53:00,TSCO
185.19,185.19,185.06,185.06,711,2021-05-21 14:54:00,TSCO
185.07,185.105,185.03,185.03,675,2021-05-21 14:55:00,TSCO
185.105,185.12,185.03,185.08,1450,2021-05-21 14:56:00,TSCO
185.06,185.06,184.92,184.92,720,2021-05-21 14:57:00,TSCO
184.9,185.08,184.89,184.95,2330,2021-05-21 14:58:00,TSCO
184.905,185.0884,184.905,185.0884,2114,2021-05-21 14:59:00,TSCO
185.01,185.119,185.01,185.119,618,2021-05-21 15:00:00,TSCO
185.095,185.095,185.0948,185.0948,200,2021-05-21 15:01:00,TSCO
185.03,185.06,184.505,184.625,3632,2021-05-21 15:02:00,TSCO
184.63,184.73,184.63,184.73,921,2021-05-21 15:03:00,TSCO
184.73,184.73,184.62,184.62,200,2021-05-21 15:04:00,TSCO
184.575,184.68,184.575,184.68,500,2021-05-21 15:05:00,TSCO
184.675,184.675,184.675,184.675,200,2021-05-21 15:06:00,TSCO
184.65,184.83,184.65,184.83,2600,2021-05-21 15:07:00,TSCO
184.81,184.81,184.73,184.78,2027,2021-05-21 15:08:00,TSCO
184.8036,184.99,184.79,184.885,4010,2021-05-21 15:09:00,TSCO
184.96,184.98,184.94,184.97,862,2021-05-21 15:10:00,TSCO
184.975,185.03,184.9309,185.03,1082,2021-05-21 15:11:00,TSCO
185.025,185.05,184.96,185.05,1800,2021-05-21 15:12:00,TSCO
185.02,185.035,184.93,184.93,2696,2021-05-21 15:13:00,TSCO
184.92,184.92,184.83,184.83,400,2021-05-21 15:14:00,TSCO
184.88,184.88,184.84,184.865,730,2021-05-21 15:15:00,TSCO
184.89,184.94,184.89,184.94,700,2021-05-21 15:16:00,TSCO
184.9,184.9,184.76,184.89,500,2021-05-21 15:17:00,TSCO
184.78,184.815,184.685,184.685,579,2021-05-21 15:18:00,TSCO
184.55,184.67,184.55,184.65,800,2021-05-21 15:19:00,TSCO
184.695,184.7,184.17,184.17,5201,2021-05-21 15:20:00,TSCO
184.25,184.55,184.08,184.5,3796,2021-05-21 15:21:00,TSCO
184.61,184.685,184.61,184.685,500,2021-05-21 15:22:00,TSCO
184.7199,184.7199,184.63,184.63,1000,2021-05-21 15:23:00,TSCO
184.535,184.55,184.48,184.54,1469,2021-05-21 15:24:00,TSCO
184.6,184.72,184.6,184.69,6700,2021-05-21 15:25:00,TSCO
184.57,184.57,184.39,184.39,12000,2021-05-21 15:26:00,TSCO
184.39,184.4599,184.38,184.38,417,2021-05-21 15:27:00,TSCO
184.31,184.31,184.2,184.2,1951,2021-05-21 15:28:00,TSCO
184.09,184.09,183.885,183.93,714,2021-05-21 15:29:00,TSCO
184.02,184.11,183.96,183.96,1367,2021-05-21 15:30:00,TSCO
184.05,184.11,184.05,184.11,300,2021-05-21 15:31:00,TSCO
184.185,184.345,184.185,184.345,1700,2021-05-21 15:32:00,TSCO
184.36,184.36,184.2,184.2,900,2021-05-21 15:33:00,TSCO
184.14,184.18,184.14,184.18,300,2021-05-21 15:34:00,TSCO
184.13,184.16,184.07,184.15,666,2021-05-21 15:35:00,TSCO
184.01,184.13,184.01,184.13,400,2021-05-21 15:36:00,TSCO
184.13,184.21,184.13,184.13,500,2021-05-21 15:37:00,TSCO
183.99,183.99,183.9,183.98,884,2021-05-21 15:38:00,TSCO
183.98,183.98,183.95,183.95,200,2021-05-21 15:39:00,TSCO
183.975,184.01,183.975,184.01,910,2021-05-21 15:40:00,TSCO
183.98,184.0,183.92,183.92,950,2021-05-21 15:41:00,TSCO
184.0,184.01,184.0,184.01,200,2021-05-21 15:42:00,TSCO
183.93,183.93,183.76,183.76,1700,2021-05-21 15:43:00,TSCO
183.79,183.91,183.79,183.895,700,2021-05-21 15:44:00,TSCO
183.86,183.885,183.86,183.885,300,2021-05-21 15:45:00,TSCO
183.875,183.9,183.875,183.875,300,2021-05-21 15:46:00,TSCO
183.94,183.99,183.94,183.95,300,2021-05-21 15:47:00,TSCO
183.9367,183.97,183.9367,183.97,200,2021-05-21 15:48:00,TSCO
183.925,183.925,183.85,183.85,600,2021-05-21 15:49:00,TSCO
183.855,183.91,183.82,183.905,702,2021-05-21 15:50:00,TSCO
183.895,183.955,183.85,183.85,7200,2021-05-21 15:51:00,TSCO
183.795,183.845,183.795,183.845,500,2021-05-21 15:52:00,TSCO
183.82,183.92,183.79,183.92,1550,2021-05-21 15:53:00,TSCO
183.85,183.85,183.7,183.7,460,2021-05-21 15:54:00,TSCO
183.67,183.67,183.55,183.58,3857,2021-05-21 15:55:00,TSCO
183.45,183.47,183.3,183.3,1258,2021-05-21 15:56:00,TSCO
183.27,183.315,183.27,183.29,603,2021-05-21 15:57:00,TSCO
183.28,183.28,183.28,183.28,100,2021-05-21 15:58:00,TSCO
183.36,183.36,183.336,183.36,350,2021-05-21 15:59:00,TSCO
183.305,183.305,183.275,183.275,214,2021-05-21 16:00:00,TSCO
183.31,183.31,183.31,183.31,100,2021-05-21 16:01:00,TSCO
183.37,183.37,183.32,183.37,400,2021-05-21 16:02:00,TSCO
183.37,183.37,183.25,183.25,1200,2021-05-21 16:03:00,TSCO
183.31,183.35,183.285,183.35,600,2021-05-21 16:04:00,TSCO
183.35,183.35,183.3,183.3,801,2021-05-21 16:05:00,TSCO
183.32,183.42,183.25,183.42,403,2021-05-21 16:06:00,TSCO
183.335,183.335,183.275,183.275,201,2021-05-21 16:07:00,TSCO
183.22,183.22,183.03,183.08,1025,2021-05-21 16:08:00,TSCO
183.0,183.0,182.85,182.88,1703,2021-05-21 16:09:00,TSCO
182.93,182.93,182.93,182.93,210,2021-05-21 16:10:00,TSCO
183.0,183.05,182.93,183.05,500,2021-05-21 16:11:00,TSCO
183.08,183.11,183.06,183.11,700,2021-05-21 16:12:00,TSCO
183.09,183.17,183.04,183.135,2400,2021-05-21 16:13:00,TSCO
183.19,183.325,183.19,183.325,2299,2021-05-21 16:14:00,TSCO
183.28,183.35,183.28,183.305,507,2021-05-21 16:15:00,TSCO
183.305,183.355,183.305,183.355,500,2021-05-21 16:16:00,TSCO
183.35,183.35,183.26,183.305,600,2021-05-21 16:17:00,TSCO
183.31,183.31,183.29,183.3,1235,2021-05-21 16:18:00,TSCO
183.305,183.305,183.305,183.305,100,2021-05-21 16:19:00,TSCO
183.3,183.3,183.26,183.26,400,2021-05-21 16:20:00,TSCO
183.3,183.32,183.3,183.32,300,2021-05-21 16:21:00,TSCO
183.26,183.285,183.26,183.285,300,2021-05-21 16:22:00,TSCO
183.275,183.275,183.275,183.275,200,2021-05-21 16:23:00,TSCO
183.28,183.44,183.28,183.38,2200,2021-05-21 16:24:00,TSCO
183.395,183.45,183.395,183.45,750,2021-05-21 16:25:00,TSCO
183.45,183.46,183.415,183.46,400,2021-05-21 16:26:00,TSCO
183.42,183.43,183.34,183.34,608,2021-05-21 16:27:00,TSCO
183.26,183.265,183.26,183.265,216,2021-05-21 16:28:00,TSCO
183.39,183.39,183.39,183.39,100,2021-05-21 16:29:00,TSCO
183.395,183.395,183.395,183.395,111,2021-05-21 16:30:00,TSCO
183.38,183.45,183.375,183.45,850,2021-05-21 16:31:00,TSCO
183.5,183.5,183.41,183.425,2200,2021-05-21 16:32:00,TSCO
183.48,183.48,183.4,183.4,923,2021-05-21 16:33:00,TSCO
183.32,183.32,183.275,183.275,400,2021-05-21 16:34:00,TSCO
183.24,183.25,183.15,183.165,1103,2021-05-21 16:35:00,TSCO
183.05,183.05,183.05,183.05,100,2021-05-21 16:37:00,TSCO
183.1,183.21,183.1,183.21,534,2021-05-21 16:38:00,TSCO
183.09,183.12,183.09,183.12,800,2021-05-21 16:39:00,TSCO
183.18,183.22,183.18,183.22,300,2021-05-21 16:40:00,TSCO
183.21,183.22,183.18,183.18,700,2021-05-21 16:41:00,TSCO
183.26,183.26,183.26,183.26,100,2021-05-21 16:42:00,TSCO
183.26,183.26,183.25,183.25,300,2021-05-21 16:43:00,TSCO
183.25,183.36,183.25,183.31,613,2021-05-21 16:44:00,TSCO
183.28,183.28,183.22,183.27,500,2021-05-21 16:45:00,TSCO
183.21,183.27,183.2,183.2,1800,2021-05-21 16:46:00,TSCO
183.2,183.235,183.19,183.23,600,2021-05-21 16:48:00,TSCO
183.23,183.23,183.23,183.23,300,2021-05-21 16:49:00,TSCO
183.21,183.25,183.14,183.25,5156,2021-05-21 16:50:00,TSCO
183.25,183.31,183.24,183.31,500,2021-05-21 16:51:00,TSCO
183.3,183.34,183.3,183.32,400,2021-05-21 16:52:00,TSCO
183.3135,183.34,183.22,183.22,4313,2021-05-21 16:53:00,TSCO
183.25,183.25,183.15,183.15,1509,2021-05-21 16:54:00,TSCO
183.07,183.08,183.04,183.08,615,2021-05-21 16:55:00,TSCO
183.16,183.16,183.16,183.16,100,2021-05-21 16:57:00,TSCO
183.13,183.13,183.06,183.105,800,2021-05-21 16:58:00,TSCO
183.1,183.1,183.1,183.1,200,2021-05-21 16:59:00,TSCO
183.16,183.17,183.14,183.17,600,2021-05-21 17:00:00,TSCO
183.2,183.21,183.2,183.21,300,2021-05-21 17:03:00,TSCO
183.32,183.34,183.32,183.34,801,2021-05-21 17:04:00,TSCO
183.415,183.415,183.415,183.415,300,2021-05-21 17:05:00,TSCO
183.38,183.38,183.38,183.38,400,2021-05-21 17:06:00,TSCO
183.385,183.48,183.385,183.46,500,2021-05-21 17:07:00,TSCO
183.52,183.52,183.52,183.52,100,2021-05-21 17:08:00,TSCO
183.44,183.48,183.41,183.41,500,2021-05-21 17:09:00,TSCO
183.435,183.44,183.38,183.38,800,2021-05-21 17:10:00,TSCO
183.47,183.47,183.41,183.46,590,2021-05-21 17:12:00,TSCO
183.41,183.41,183.41,183.41,200,2021-05-21 17:13:00,TSCO
183.41,183.41,183.41,183.41,488,2021-05-21 17:14:00,TSCO
183.37,183.41,183.36,183.39,700,2021-05-21 17:15:00,TSCO
183.4,183.47,183.4,183.47,1000,2021-05-21 17:16:00,TSCO
183.485,183.485,183.45,183.45,500,2021-05-21 17:17:00,TSCO
183.46,183.46,183.46,183.46,200,2021-05-21 17:18:00,TSCO
183.475,183.475,183.475,183.475,100,2021-05-21 17:19:00,TSCO
183.515,183.57,183.455,183.455,617,2021-05-21 17:20:00,TSCO
183.46,183.46,183.42,183.43,549,2021-05-21 17:21:00,TSCO
183.5,183.56,183.5,183.56,300,2021-05-21 17:22:00,TSCO
183.505,183.56,183.505,183.56,300,2021-05-21 17:23:00,TSCO
183.56,183.6,183.56,183.58,800,2021-05-21 17:24:00,TSCO
183.61,183.61,183.61,183.61,100,2021-05-21 17:25:00,TSCO
183.56,183.65,183.545,183.65,1500,2021-05-21 17:26:00,TSCO
183.72,183.81,183.7,183.73,1100,2021-05-21 17:28:00,TSCO
183.765,183.79,183.76,183.79,500,2021-05-21 17:29:00,TSCO
183.96,183.96,183.895,183.895,700,2021-05-21 17:30:00,TSCO
183.82,183.85,183.72,183.77,6435,2021-05-21 17:31:00,TSCO
183.76,183.86,183.75,183.86,1100,2021-05-21 17:32:00,TSCO
183.85,183.93,183.85,183.8604,800,2021-05-21 17:33:00,TSCO
183.9,183.9,183.9,183.9,400,2021-05-21 17:34:00,TSCO
183.875,183.875,183.84,183.87,800,2021-05-21 17:35:00,TSCO
183.855,183.9,183.855,183.9,414,2021-05-21 17:36:00,TSCO
183.96,183.96,183.96,183.96,100,2021-05-21 17:38:00,TSCO
183.99,183.99,183.99,183.99,307,2021-05-21 17:39:00,TSCO
183.97,183.99,183.82,183.82,4667,2021-05-21 17:40:00,TSCO
183.89,183.89,183.89,183.89,200,2021-05-21 17:41:00,TSCO
183.84,183.84,183.715,183.715,200,2021-05-21 17:42:00,TSCO
183.71,183.71,183.71,183.71,100,2021-05-21 17:43:00,TSCO
183.78,183.78,183.78,183.78,100,2021-05-21 17:44:00,TSCO
183.83,183.83,183.785,183.83,400,2021-05-21 17:45:00,TSCO
183.83,183.87,183.82,183.82,400,2021-05-21 17:46:00,TSCO
183.875,183.875,183.745,183.77,1535,2021-05-21 17:47:00,TSCO
183.76,183.88,183.76,183.88,610,2021-05-21 17:48:00,TSCO
183.92,183.9682,183.89,183.9682,1210,2021-05-21 17:50:00,TSCO
183.91,184.01,183.91,183.97,800,2021-05-21 17:51:00,TSCO
183.99,183.99,183.99,183.99,300,2021-05-21 17:52:00,TSCO
183.995,183.995,183.955,183.955,302,2021-05-21 17:53:00,TSCO
183.99,184.04,183.93,184.02,2631,2021-05-21 17:54:00,TSCO
184.03,184.05,183.98,184.01,2570,2021-05-21 17:55:00,TSCO
183.985,183.985,183.985,183.985,300,2021-05-21 17:56:00,TSCO
183.875,183.9,183.875,183.9,200,2021-05-21 17:57:00,TSCO
183.895,183.895,183.775,183.775,415,2021-05-21 17:58:00,TSCO
183.76,183.77,183.74,183.75,611,2021-05-21 17:59:00,TSCO
183.74,183.79,183.69,183.74,500,2021-05-21 18:00:00,TSCO
183.635,183.6938,183.635,183.6938,300,2021-05-21 18:01:00,TSCO
183.63,183.65,183.62,183.645,800,2021-05-21 18:02:00,TSCO
183.65,183.68,183.65,183.68,207,2021-05-21 18:03:00,TSCO
183.71,183.74,183.49,183.54,1995,2021-05-21 18:04:00,TSCO
183.47,183.47,183.47,183.47,100,2021-05-21 18:06:00,TSCO
183.28,183.55,183.28,183.535,2271,2021-05-21 18:07:00,TSCO
183.535,183.69,183.535,183.645,1122,2021-05-21 18:08:00,TSCO
183.66,183.66,183.66,183.66,200,2021-05-21 18:09:00,TSCO
183.695,183.74,183.64,183.64,440,2021-05-21 18:10:00,TSCO
183.65,183.655,183.65,183.655,413,2021-05-21 18:12:00,TSCO
183.71,183.71,183.71,183.71,100,2021-05-21 18:13:00,TSCO
183.6539,183.655,183.585,183.585,810,2021-05-21 18:14:00,TSCO
183.62,183.87,183.62,183.87,1310,2021-05-21 18:15:00,TSCO
183.85,183.85,183.75,183.79,900,2021-05-21 18:16:00,TSCO
183.72,183.72,183.66,183.72,400,2021-05-21 18:17:00,TSCO
183.655,183.655,183.63,183.655,300,2021-05-21 18:18:00,TSCO
183.66,183.75,183.65,183.75,1200,2021-05-21 18:19:00,TSCO
183.74,183.8,183.74,183.765,762,2021-05-21 18:20:00,TSCO
183.7,183.7,183.58,183.61,1000,2021-05-21 18:21:00,TSCO
183.545,183.68,183.545,183.67,809,2021-05-21 18:22:00,TSCO
183.69,183.71,183.66,183.66,700,2021-05-21 18:23:00,TSCO
183.76,183.76,183.76,183.76,200,2021-05-21 18:24:00,TSCO
183.745,183.76,183.745,183.76,400,2021-05-21 18:25:00,TSCO
183.71,183.71,183.595,183.64,700,2021-05-21 18:26:00,TSCO
183.7,183.73,183.7,183.73,600,2021-05-21 18:27:00,TSCO
183.67,183.7,183.645,183.7,1200,2021-05-21 18:28:00,TSCO
183.63,183.74,183.63,183.74,700,2021-05-21 18:29:00,TSCO
183.705,183.86,183.705,183.85,1100,2021-05-21 18:30:00,TSCO
183.83,183.83,183.78,183.78,508,2021-05-21 18:31:00,TSCO
183.8,183.87,183.78,183.78,800,2021-05-21 18:32:00,TSCO
183.825,183.825,183.74,183.755,746,2021-05-21 18:33:00,TSCO
183.78,183.78,183.72,183.725,700,2021-05-21 18:34:00,TSCO
183.71,183.86,183.7,183.83,2870,2021-05-21 18:35:00,TSCO
183.83,183.86,183.81,183.81,600,2021-05-21 18:36:00,TSCO
183.83,183.91,183.82,183.9,1200,2021-05-21 18:37:00,TSCO
183.87,183.89,183.68,183.68,1036,2021-05-21 18:38:00,TSCO
183.68,183.68,183.62,183.62,500,2021-05-21 18:39:00,TSCO
183.62,183.62,183.6,183.6,510,2021-05-21 18:40:00,TSCO
183.64,183.82,183.63,183.685,2400,2021-05-21 18:41:00,TSCO
183.75,183.75,183.75,183.75,100,2021-05-21 18:42:00,TSCO
183.72,183.78,183.72,183.755,607,2021-05-21 18:43:00,TSCO
183.76,183.79,183.76,183.79,1116,2021-05-21 18:44:00,TSCO
183.8,183.88,183.8,183.88,300,2021-05-21 18:45:00,TSCO
183.8067,183.87,183.8067,183.87,1057,2021-05-21 18:47:00,TSCO
183.87,183.87,183.87,183.87,100,2021-05-21 18:48:00,TSCO
183.87,183.92,183.83,183.92,700,2021-05-21 18:49:00,TSCO
183.89,183.93,183.89,183.93,564,2021-05-21 18:50:00,TSCO
183.86,183.86,183.79,183.805,800,2021-05-21 18:51:00,TSCO
183.795,183.795,183.72,183.77,800,2021-05-21 18:52:00,TSCO
183.82,183.82,183.82,183.82,400,2021-05-21 18:53:00,TSCO
183.85,183.99,183.82,183.965,1709,2021-05-21 18:54:00,TSCO
183.94,183.94,183.93,183.94,300,2021-05-21 18:55:00,TSCO
183.96,184.03,183.925,184.03,1100,2021-05-21 18:56:00,TSCO
184.09,184.09,184.0,184.05,933,2021-05-21 18:57:00,TSCO
184.0,184.0,184.0,184.0,316,2021-05-21 18:58:00,TSCO
184.01,184.13,184.01,184.01,1415,2021-05-21 18:59:00,TSCO
183.97,183.97,183.905,183.905,400,2021-05-21 19:00:00,TSCO
183.925,183.925,183.9,183.9,300,2021-05-21 19:01:00,TSCO
183.88,183.88,183.86,183.86,300,2021-05-21 19:02:00,TSCO
183.82,183.82,183.79,183.82,500,2021-05-21 19:03:00,TSCO
183.8,183.81,183.66,183.69,1700,2021-05-21 19:04:00,TSCO
183.705,183.8,183.705,183.8,617,2021-05-21 19:05:00,TSCO
183.72,183.72,183.71,183.71,400,2021-05-21 19:06:00,TSCO
183.72,183.72,183.62,183.69,314,2021-05-21 19:07:00,TSCO
183.68,183.68,183.51,183.51,1119,2021-05-21 19:08:00,TSCO
183.42,183.42,183.32,183.32,500,2021-05-21 19:09:00,TSCO
183.395,183.43,183.36,183.36,800,2021-05-21 19:10:00,TSCO
183.43,183.55,183.42,183.52,1659,2021-05-21 19:11:00,TSCO
183.49,183.49,183.42,183.45,508,2021-05-21 19:12:00,TSCO
183.51,183.51,183.43,183.43,400,2021-05-21 19:13:00,TSCO
183.46,183.46,183.455,183.455,205,2021-05-21 19:14:00,TSCO
183.44,183.6,183.42,183.6,2810,2021-05-21 19:15:00,TSCO
183.72,183.72,183.63,183.65,800,2021-05-21 19:16:00,TSCO
183.66,183.66,183.65,183.65,300,2021-05-21 19:17:00,TSCO
183.63,183.63,183.59,183.61,800,2021-05-21 19:18:00,TSCO
183.65,183.69,183.65,183.69,400,2021-05-21 19:19:00,TSCO
183.68,183.68,183.6,183.61,600,2021-05-21 19:20:00,TSCO
183.59,183.59,183.53,183.53,400,2021-05-21 19:21:00,TSCO
183.555,183.555,183.555,183.555,100,2021-05-21 19:22:00,TSCO
183.59,183.64,183.57,183.57,2017,2021-05-21 19:23:00,TSCO
183.56,183.62,183.55,183.62,1264,2021-05-21 19:24:00,TSCO
183.59,183.59,183.48,183.48,600,2021-05-21 19:25:00,TSCO
183.515,183.59,183.515,183.575,1553,2021-05-21 19:26:00,TSCO
183.62,183.7,183.61,183.645,2610,2021-05-21 19:27:00,TSCO
183.68,183.68,183.68,183.68,200,2021-05-21 19:28:00,TSCO
183.68,183.77,183.68,183.76,963,2021-05-21 19:29:00,TSCO
183.69,183.73,183.54,183.73,2428,2021-05-21 19:30:00,TSCO
183.65,183.65,183.58,183.61,400,2021-05-21 19:31:00,TSCO
183.64,183.64,183.57,183.61,2100,2021-05-21 19:32:00,TSCO
183.63,183.66,183.53,183.53,2500,2021-05-21 19:33:00,TSCO
183.53,183.57,183.53,183.55,1253,2021-05-21 19:34:00,TSCO
183.59,183.7,183.59,183.7,609,2021-05-21 19:35:00,TSCO
183.74,183.81,183.725,183.74,2006,2021-05-21 19:36:00,TSCO
183.725,183.77,183.71,183.74,1200,2021-05-21 19:37:00,TSCO
183.76,183.76,183.69,183.69,711,2021-05-21 19:38:00,TSCO
183.71,183.8,183.71,183.799,2068,2021-05-21 19:39:00,TSCO
183.76,183.82,183.72,183.82,820,2021-05-21 19:40:00,TSCO
183.85,183.91,183.83,183.91,1200,2021-05-21 19:41:00,TSCO
183.95,184.03,183.93,183.93,4814,2021-05-21 19:42:00,TSCO
183.89,183.89,183.745,183.75,2909,2021-05-21 19:43:00,TSCO
183.755,183.79,183.65,183.68,2100,2021-05-21 19:44:00,TSCO
183.7,183.83,183.68,183.78,3001,2021-05-21 19:45:00,TSCO
183.79,183.79,183.74,183.74,1200,2021-05-21 19:46:00,TSCO
183.71,183.76,183.58,183.58,2000,2021-05-21 19:47:00,TSCO
183.65,183.72,183.485,183.72,3029,2021-05-21 19:48:00,TSCO
183.68,183.94,183.68,183.9,3718,2021-05-21 19:49:00,TSCO
183.98,184.02,183.63,183.8,10941,2021-05-21 19:50:00,TSCO
183.73,183.74,183.5201,183.65,2400,2021-05-21 19:51:00,TSCO
183.67,183.81,183.65,183.81,6449,2021-05-21 19:52:00,TSCO
183.77,183.845,183.72,183.79,4874,2021-05-21 19:53:00,TSCO
183.77,183.79,183.41,183.46,6694,2021-05-21 19:54:00,TSCO
183.53,183.62,183.47,183.515,3300,2021-05-21 19:55:00,TSCO
183.54,183.585,183.29,183.305,8743,2021-05-21 19:56:00,TSCO
183.38,183.56,183.38,183.56,5851,2021-05-21 19:57:00,TSCO
183.51,183.51,183.31,183.31,6713,2021-05-21 19:58:00,TSCO
183.38,183.5,183.31,183.33,15589,2021-05-21 19:59:00,TSCO
183.34,183.34,183.34,183.34,650204,2021-05-21 20:00:00,TSCO
183.34,183.34,183.34,183.34,14638,2021-05-21 20:01:00,TSCO
183.34,183.34,183.34,183.34,14294,2021-05-21 20:02:00,TSCO
