open,high,low,close,volume,datetime,symbol
27.57,27.6,27.53,27.53,3827,2021-08-23 13:30:00,ILPT
27.53,27.53,27.53,27.53,100,2021-08-23 13:31:00,ILPT
27.48,27.51,27.48,27.5,400,2021-08-23 13:35:00,ILPT
27.5043,27.5043,27.5043,27.5043,150,2021-08-23 13:40:00,ILPT
27.46,27.46,27.45,27.45,269,2021-08-23 13:43:00,ILPT
27.4111,27.4111,27.4111,27.4111,100,2021-08-23 13:48:00,ILPT
27.4,27.4,27.395,27.395,200,2021-08-23 13:50:00,ILPT
27.44,27.44,27.29,27.29,309,2021-08-23 13:56:00,ILPT
27.365,27.44,27.365,27.44,995,2021-08-23 13:58:00,ILPT
27.375,27.375,27.375,27.375,209,2021-08-23 13:59:00,ILPT
27.36,27.42,27.36,27.42,400,2021-08-23 14:00:00,ILPT
27.4,27.4,27.4,27.4,100,2021-08-23 14:02:00,ILPT
27.355,27.4,27.31,27.4,492,2021-08-23 14:03:00,ILPT
27.39,27.39,27.39,27.39,100,2021-08-23 14:04:00,ILPT
27.33,27.33,27.33,27.33,100,2021-08-23 14:06:00,ILPT
27.35,27.35,27.35,27.35,100,2021-08-23 14:10:00,ILPT
27.38,27.39,27.37,27.39,900,2021-08-23 14:13:00,ILPT
27.37,27.398,27.37,27.398,1600,2021-08-23 14:14:00,ILPT
27.33,27.33,27.32,27.32,300,2021-08-23 14:15:00,ILPT
27.33,27.33,27.33,27.33,100,2021-08-23 14:16:00,ILPT
27.33,27.33,27.33,27.33,100,2021-08-23 14:17:00,ILPT
27.39,27.39,27.39,27.39,100,2021-08-23 14:19:00,ILPT
27.38,27.38,27.38,27.38,316,2021-08-23 14:20:00,ILPT
27.34,27.38,27.34,27.38,300,2021-08-23 14:21:00,ILPT
27.38,27.38,27.38,27.38,364,2021-08-23 14:22:00,ILPT
27.34,27.34,27.34,27.34,100,2021-08-23 14:23:00,ILPT
27.373,27.373,27.373,27.373,140,2021-08-23 14:24:00,ILPT
27.39,27.41,27.39,27.41,531,2021-08-23 14:25:00,ILPT
27.35,27.35,27.35,27.35,300,2021-08-23 14:31:00,ILPT
27.35,27.35,27.319,27.319,896,2021-08-23 14:32:00,ILPT
27.31,27.33,27.31,27.31,300,2021-08-23 14:34:00,ILPT
27.32,27.3446,27.32,27.3446,784,2021-08-23 14:39:00,ILPT
27.29,27.29,27.29,27.29,100,2021-08-23 14:40:00,ILPT
27.35,27.35,27.35,27.35,100,2021-08-23 14:41:00,ILPT
27.3275,27.37,27.325,27.325,513,2021-08-23 14:42:00,ILPT
27.35,27.35,27.35,27.35,100,2021-08-23 14:43:00,ILPT
27.37,27.37,27.37,27.37,150,2021-08-23 14:44:00,ILPT
27.32,27.32,27.32,27.32,100,2021-08-23 14:45:00,ILPT
27.3333,27.3333,27.3333,27.3333,150,2021-08-23 14:52:00,ILPT
27.325,27.325,27.325,27.325,200,2021-08-23 14:53:00,ILPT
27.32,27.32,27.32,27.32,100,2021-08-23 14:58:00,ILPT
27.28,27.32,27.28,27.32,200,2021-08-23 15:01:00,ILPT
27.28,27.28,27.28,27.28,200,2021-08-23 15:04:00,ILPT
27.31,27.31,27.31,27.31,100,2021-08-23 15:05:00,ILPT
27.3,27.3,27.3,27.3,100,2021-08-23 15:06:00,ILPT
27.2908,27.32,27.29,27.32,1209,2021-08-23 15:08:00,ILPT
27.33,27.33,27.33,27.33,210,2021-08-23 15:09:00,ILPT
27.3283,27.33,27.32,27.32,435,2021-08-23 15:10:00,ILPT
27.34,27.34,27.34,27.34,350,2021-08-23 15:11:00,ILPT
27.28,27.31,27.28,27.31,200,2021-08-23 15:12:00,ILPT
27.31,27.31,27.29,27.29,300,2021-08-23 15:13:00,ILPT
27.32,27.32,27.32,27.32,600,2021-08-23 15:14:00,ILPT
27.3,27.3,27.3,27.3,100,2021-08-23 15:15:00,ILPT
27.32,27.33,27.3,27.32,780,2021-08-23 15:23:00,ILPT
27.3,27.3,27.28,27.28,206,2021-08-23 15:24:00,ILPT
27.26,27.26,27.26,27.26,100,2021-08-23 15:25:00,ILPT
27.23,27.23,27.23,27.23,100,2021-08-23 15:27:00,ILPT
27.28,27.28,27.28,27.28,100,2021-08-23 15:30:00,ILPT
27.3,27.3,27.3,27.3,100,2021-08-23 15:31:00,ILPT
27.29,27.29,27.29,27.29,800,2021-08-23 15:35:00,ILPT
27.3,27.3,27.3,27.3,100,2021-08-23 15:37:00,ILPT
27.31,27.31,27.31,27.31,100,2021-08-23 15:40:00,ILPT
27.25,27.255,27.25,27.255,1100,2021-08-23 15:42:00,ILPT
27.22,27.22,27.22,27.22,200,2021-08-23 15:43:00,ILPT
27.241,27.241,27.241,27.241,117,2021-08-23 15:44:00,ILPT
27.25,27.25,27.25,27.25,107,2021-08-23 15:47:00,ILPT
27.245,27.245,27.245,27.245,400,2021-08-23 15:48:00,ILPT
27.22,27.22,27.22,27.22,200,2021-08-23 15:49:00,ILPT
27.27,27.27,27.27,27.27,100,2021-08-23 15:55:00,ILPT
27.2657,27.2657,27.2657,27.2657,500,2021-08-23 15:56:00,ILPT
27.23,27.23,27.23,27.23,100,2021-08-23 15:57:00,ILPT
27.23,27.23,27.23,27.23,100,2021-08-23 15:58:00,ILPT
27.25,27.25,27.25,27.25,400,2021-08-23 16:00:00,ILPT
27.23,27.26,27.23,27.26,200,2021-08-23 16:01:00,ILPT
27.2514,27.2514,27.2514,27.2514,100,2021-08-23 16:05:00,ILPT
27.24,27.24,27.24,27.24,165,2021-08-23 16:08:00,ILPT
27.26,27.26,27.22,27.22,300,2021-08-23 16:10:00,ILPT
27.2635,27.2635,27.24,27.24,200,2021-08-23 16:11:00,ILPT
27.27,27.27,27.23,27.23,1000,2021-08-23 16:14:00,ILPT
27.24,27.24,27.24,27.24,240,2021-08-23 16:16:00,ILPT
27.24,27.2509,27.24,27.2509,200,2021-08-23 16:19:00,ILPT
27.21,27.21,27.21,27.21,100,2021-08-23 16:21:00,ILPT
27.21,27.21,27.21,27.21,100,2021-08-23 16:23:00,ILPT
27.25,27.26,27.25,27.26,200,2021-08-23 16:25:00,ILPT
27.225,27.225,27.225,27.225,100,2021-08-23 16:26:00,ILPT
27.215,27.2267,27.215,27.2267,700,2021-08-23 16:33:00,ILPT
27.23,27.23,27.23,27.23,599,2021-08-23 16:34:00,ILPT
27.231,27.231,27.231,27.231,200,2021-08-23 16:35:00,ILPT
27.24,27.24,27.24,27.24,100,2021-08-23 16:36:00,ILPT
27.25,27.25,27.25,27.25,131,2021-08-23 16:38:00,ILPT
27.26,27.26,27.26,27.26,146,2021-08-23 16:39:00,ILPT
27.2699,27.2699,27.24,27.24,300,2021-08-23 16:41:00,ILPT
27.26,27.26,27.26,27.26,100,2021-08-23 16:42:00,ILPT
27.26,27.27,27.26,27.27,1400,2021-08-23 16:43:00,ILPT
27.26,27.26,27.21,27.21,300,2021-08-23 16:44:00,ILPT
27.21,27.21,27.21,27.21,100,2021-08-23 16:47:00,ILPT
27.22,27.22,27.22,27.22,100,2021-08-23 16:52:00,ILPT
27.24,27.24,27.24,27.24,100,2021-08-23 16:58:00,ILPT
27.22,27.22,27.22,27.22,200,2021-08-23 17:00:00,ILPT
27.24,27.24,27.24,27.24,100,2021-08-23 17:01:00,ILPT
27.24,27.24,27.24,27.24,100,2021-08-23 17:04:00,ILPT
27.245,27.245,27.23,27.23,488,2021-08-23 17:06:00,ILPT
27.27,27.27,27.26,27.26,500,2021-08-23 17:07:00,ILPT
27.285,27.285,27.285,27.285,100,2021-08-23 17:08:00,ILPT
27.29,27.29,27.29,27.29,300,2021-08-23 17:09:00,ILPT
27.3,27.3,27.29,27.29,300,2021-08-23 17:10:00,ILPT
27.27,27.27,27.27,27.27,1370,2021-08-23 17:14:00,ILPT
27.28,27.28,27.28,27.28,100,2021-08-23 17:17:00,ILPT
27.25,27.25,27.25,27.25,100,2021-08-23 17:19:00,ILPT
27.245,27.245,27.245,27.245,100,2021-08-23 17:28:00,ILPT
27.23,27.23,27.18,27.195,3195,2021-08-23 17:31:00,ILPT
27.21,27.295,27.21,27.25,2461,2021-08-23 17:32:00,ILPT
27.21,27.21,27.21,27.21,200,2021-08-23 17:33:00,ILPT
27.22,27.22,27.22,27.22,100,2021-08-23 17:34:00,ILPT
27.25,27.25,27.25,27.25,100,2021-08-23 17:37:00,ILPT
27.23,27.23,27.23,27.23,100,2021-08-23 17:40:00,ILPT
27.21,27.21,27.21,27.21,100,2021-08-23 17:42:00,ILPT
27.21,27.21,27.21,27.21,100,2021-08-23 17:43:00,ILPT
27.21,27.21,27.21,27.21,200,2021-08-23 17:45:00,ILPT
27.24,27.24,27.24,27.24,100,2021-08-23 17:51:00,ILPT
27.22,27.22,27.22,27.22,100,2021-08-23 17:52:00,ILPT
27.22,27.22,27.22,27.22,200,2021-08-23 17:55:00,ILPT
27.225,27.225,27.225,27.225,200,2021-08-23 17:57:00,ILPT
27.2022,27.2022,27.19,27.19,602,2021-08-23 17:58:00,ILPT
27.22,27.22,27.2,27.2,1080,2021-08-23 17:59:00,ILPT
27.21,27.21,27.18,27.18,500,2021-08-23 18:00:00,ILPT
27.18,27.18,27.18,27.18,100,2021-08-23 18:01:00,ILPT
27.2,27.21,27.2,27.2,900,2021-08-23 18:04:00,ILPT
27.18,27.18,27.165,27.165,200,2021-08-23 18:05:00,ILPT
27.165,27.165,27.16,27.16,311,2021-08-23 18:06:00,ILPT
27.16,27.16,27.16,27.16,100,2021-08-23 18:07:00,ILPT
27.15,27.15,27.13,27.13,700,2021-08-23 18:08:00,ILPT
27.13,27.13,27.13,27.13,100,2021-08-23 18:13:00,ILPT
27.13,27.13,27.11,27.11,300,2021-08-23 18:14:00,ILPT
27.11,27.12,27.1,27.12,810,2021-08-23 18:15:00,ILPT
27.15,27.17,27.15,27.17,400,2021-08-23 18:20:00,ILPT
27.19,27.19,27.19,27.19,700,2021-08-23 18:21:00,ILPT
27.175,27.175,27.16,27.16,200,2021-08-23 18:27:00,ILPT
27.175,27.175,27.175,27.175,200,2021-08-23 18:29:00,ILPT
27.175,27.18,27.175,27.18,400,2021-08-23 18:30:00,ILPT
27.16,27.181,27.16,27.181,200,2021-08-23 18:31:00,ILPT
27.185,27.185,27.1703,27.1703,487,2021-08-23 18:35:00,ILPT
27.2,27.2,27.2,27.2,100,2021-08-23 18:41:00,ILPT
27.205,27.205,27.205,27.205,100,2021-08-23 18:43:00,ILPT
27.19,27.19,27.19,27.19,100,2021-08-23 18:45:00,ILPT
27.21,27.21,27.21,27.21,100,2021-08-23 18:46:00,ILPT
27.21,27.21,27.21,27.21,100,2021-08-23 18:47:00,ILPT
27.22,27.22,27.215,27.215,300,2021-08-23 18:49:00,ILPT
27.25,27.25,27.235,27.235,328,2021-08-23 18:55:00,ILPT
27.235,27.235,27.22,27.22,200,2021-08-23 18:56:00,ILPT
27.25,27.25,27.21,27.21,600,2021-08-23 19:02:00,ILPT
27.215,27.215,27.21,27.21,200,2021-08-23 19:04:00,ILPT
27.23,27.23,27.23,27.23,100,2021-08-23 19:05:00,ILPT
27.22,27.22,27.21,27.21,200,2021-08-23 19:06:00,ILPT
27.23,27.23,27.23,27.23,100,2021-08-23 19:09:00,ILPT
27.23,27.23,27.23,27.23,100,2021-08-23 19:10:00,ILPT
27.22,27.22,27.22,27.22,100,2021-08-23 19:11:00,ILPT
27.24,27.24,27.24,27.24,600,2021-08-23 19:17:00,ILPT
27.26,27.26,27.26,27.26,100,2021-08-23 19:19:00,ILPT
27.3,27.3,27.29,27.3,362,2021-08-23 19:21:00,ILPT
27.3,27.3,27.28,27.28,300,2021-08-23 19:24:00,ILPT
27.31,27.31,27.285,27.285,618,2021-08-23 19:26:00,ILPT
27.305,27.32,27.305,27.32,232,2021-08-23 19:28:00,ILPT
27.32,27.32,27.32,27.32,100,2021-08-23 19:29:00,ILPT
27.315,27.315,27.28,27.28,413,2021-08-23 19:31:00,ILPT
27.295,27.31,27.295,27.31,200,2021-08-23 19:32:00,ILPT
27.31,27.31,27.31,27.31,400,2021-08-23 19:33:00,ILPT
27.33,27.33,27.33,27.33,100,2021-08-23 19:34:00,ILPT
27.32,27.33,27.32,27.33,200,2021-08-23 19:35:00,ILPT
27.34,27.34,27.34,27.34,100,2021-08-23 19:36:00,ILPT
27.35,27.35,27.34,27.34,200,2021-08-23 19:38:00,ILPT
27.32,27.32,27.32,27.32,100,2021-08-23 19:39:00,ILPT
27.28,27.28,27.26,27.26,600,2021-08-23 19:40:00,ILPT
27.276,27.276,27.27,27.275,444,2021-08-23 19:41:00,ILPT
27.28,27.28,27.28,27.28,100,2021-08-23 19:42:00,ILPT
27.27,27.28,27.27,27.28,200,2021-08-23 19:44:00,ILPT
27.26,27.295,27.26,27.295,200,2021-08-23 19:45:00,ILPT
27.29,27.29,27.29,27.29,200,2021-08-23 19:47:00,ILPT
27.27,27.27,27.27,27.27,100,2021-08-23 19:48:00,ILPT
27.3,27.3,27.3,27.3,100,2021-08-23 19:49:00,ILPT
27.27,27.27,27.27,27.27,100,2021-08-23 19:50:00,ILPT
27.27,27.27,27.27,27.27,352,2021-08-23 19:52:00,ILPT
27.27,27.27,27.23,27.26,800,2021-08-23 19:54:00,ILPT
27.23,27.23,27.2,27.2,2071,2021-08-23 19:55:00,ILPT
27.2,27.2,27.19,27.19,1766,2021-08-23 19:56:00,ILPT
27.17,27.185,27.16,27.16,2727,2021-08-23 19:57:00,ILPT
27.15,27.18,27.14,27.14,1967,2021-08-23 19:58:00,ILPT
27.17,27.17,27.14,27.17,3288,2021-08-23 19:59:00,ILPT
27.17,27.17,27.17,27.17,27858,2021-08-23 20:00:00,ILPT
27.25,27.34,27.25,27.34,3972,2021-08-24 13:30:00,ILPT
27.2,27.2,27.2,27.2,169,2021-08-24 13:31:00,ILPT
27.14,27.14,27.12,27.14,1000,2021-08-24 13:35:00,ILPT
27.1,27.1,27.1,27.1,501,2021-08-24 13:37:00,ILPT
27.1,27.1,27.1,27.1,400,2021-08-24 13:38:00,ILPT
27.04,27.04,27.04,27.04,100,2021-08-24 13:39:00,ILPT
27.0,27.0,26.98,26.98,876,2021-08-24 13:43:00,ILPT
27.02,27.04,26.985,27.04,400,2021-08-24 13:44:00,ILPT
26.98,26.98,26.98,26.98,100,2021-08-24 13:49:00,ILPT
26.95,26.97,26.92,26.97,1800,2021-08-24 13:50:00,ILPT
26.9159,26.9159,26.9159,26.9159,600,2021-08-24 13:51:00,ILPT
26.92,26.97,26.91,26.92,1400,2021-08-24 13:52:00,ILPT
26.925,26.925,26.925,26.925,100,2021-08-24 13:53:00,ILPT
26.96,26.96,26.96,26.96,100,2021-08-24 14:00:00,ILPT
26.94,26.9525,26.93,26.93,494,2021-08-24 14:01:00,ILPT
26.9,26.9,26.85,26.85,600,2021-08-24 14:03:00,ILPT
26.875,26.875,26.875,26.875,200,2021-08-24 14:08:00,ILPT
26.8924,26.8924,26.8924,26.8924,100,2021-08-24 14:09:00,ILPT
26.875,26.9,26.875,26.88,400,2021-08-24 14:10:00,ILPT
26.93,26.93,26.93,26.93,100,2021-08-24 14:11:00,ILPT
26.98,27.0,26.97,27.0,400,2021-08-24 14:14:00,ILPT
26.9,26.9,26.9,26.9,100,2021-08-24 14:23:00,ILPT
26.93,26.93,26.93,26.93,100,2021-08-24 14:25:00,ILPT
26.95,26.95,26.95,26.95,100,2021-08-24 14:27:00,ILPT
26.95,26.952,26.95,26.952,200,2021-08-24 14:29:00,ILPT
26.9268,26.9268,26.91,26.91,3544,2021-08-24 14:30:00,ILPT
26.9,26.9,26.9,26.9,100,2021-08-24 14:31:00,ILPT
26.9217,26.9217,26.9217,26.9217,105,2021-08-24 14:32:00,ILPT
26.89,26.89,26.89,26.89,100,2021-08-24 14:33:00,ILPT
26.9,26.9,26.9,26.9,100,2021-08-24 14:34:00,ILPT
26.93,26.95,26.93,26.95,300,2021-08-24 14:35:00,ILPT
26.95,26.95,26.95,26.95,100,2021-08-24 14:38:00,ILPT
26.94,26.95,26.92,26.95,640,2021-08-24 14:41:00,ILPT
26.95,26.95,26.92,26.92,200,2021-08-24 14:42:00,ILPT
26.9297,26.9297,26.9297,26.9297,100,2021-08-24 14:47:00,ILPT
26.9746,26.9746,26.9746,26.9746,478,2021-08-24 14:49:00,ILPT
26.92,26.92,26.92,26.92,100,2021-08-24 14:50:00,ILPT
26.94,26.94,26.94,26.94,200,2021-08-24 14:53:00,ILPT
26.96,26.96,26.96,26.96,100,2021-08-24 14:54:00,ILPT
26.96,26.96,26.95,26.95,206,2021-08-24 14:55:00,ILPT
26.95,26.96,26.94,26.94,400,2021-08-24 14:56:00,ILPT
26.92,26.92,26.92,26.92,200,2021-08-24 14:57:00,ILPT
26.91,26.91,26.91,26.91,889,2021-08-24 14:58:00,ILPT
26.94,26.98,26.93,26.95,600,2021-08-24 15:00:00,ILPT
26.91,26.91,26.91,26.91,100,2021-08-24 15:05:00,ILPT
26.95,26.95,26.95,26.95,200,2021-08-24 15:07:00,ILPT
26.95,26.95,26.95,26.95,100,2021-08-24 15:09:00,ILPT
26.93,26.93,26.93,26.93,100,2021-08-24 15:10:00,ILPT
26.93,26.93,26.89,26.89,400,2021-08-24 15:12:00,ILPT
26.91,26.91,26.91,26.91,100,2021-08-24 15:14:00,ILPT
26.92,26.92,26.8909,26.8909,230,2021-08-24 15:16:00,ILPT
26.91,26.91,26.91,26.91,100,2021-08-24 15:18:00,ILPT
26.9299,26.9299,26.9,26.9,5100,2021-08-24 15:19:00,ILPT
26.9,26.9127,26.87,26.87,2370,2021-08-24 15:20:00,ILPT
26.89,26.92,26.89,26.92,400,2021-08-24 15:21:00,ILPT
26.94,26.94,26.9149,26.9149,676,2021-08-24 15:22:00,ILPT
26.9,26.9,26.9,26.9,100,2021-08-24 15:23:00,ILPT
26.92,26.92,26.9,26.9,300,2021-08-24 15:26:00,ILPT
26.945,26.945,26.945,26.945,100,2021-08-24 15:28:00,ILPT
26.9,26.9,26.9,26.9,200,2021-08-24 15:29:00,ILPT
26.9,26.9,26.9,26.9,1405,2021-08-24 15:30:00,ILPT
26.88,26.895,26.88,26.895,200,2021-08-24 15:31:00,ILPT
26.91,26.91,26.91,26.91,240,2021-08-24 15:33:00,ILPT
26.88,26.88,26.87,26.87,400,2021-08-24 15:38:00,ILPT
26.87,26.87,26.87,26.87,600,2021-08-24 15:39:00,ILPT
26.87,26.87,26.86,26.86,200,2021-08-24 15:40:00,ILPT
26.85,26.8999,26.85,26.8999,250,2021-08-24 15:44:00,ILPT
26.86,26.86,26.86,26.86,200,2021-08-24 15:45:00,ILPT
26.875,26.875,26.875,26.875,100,2021-08-24 15:48:00,ILPT
26.87,26.87,26.86,26.86,800,2021-08-24 15:49:00,ILPT
26.85,26.9,26.85,26.9,500,2021-08-24 15:50:00,ILPT
26.921,26.93,26.9,26.9,922,2021-08-24 15:52:00,ILPT
26.885,26.885,26.885,26.885,338,2021-08-24 15:57:00,ILPT
26.87,26.87,26.87,26.87,100,2021-08-24 15:58:00,ILPT
26.895,26.9,26.88,26.888,694,2021-08-24 16:12:00,ILPT
26.86,26.86,26.86,26.86,100,2021-08-24 16:13:00,ILPT
26.86,26.86,26.86,26.86,200,2021-08-24 16:14:00,ILPT
26.85,26.855,26.85,26.855,337,2021-08-24 16:16:00,ILPT
26.82,26.82,26.82,26.82,300,2021-08-24 16:17:00,ILPT
26.84,26.84,26.84,26.84,121,2021-08-24 16:18:00,ILPT
26.82,26.82,26.82,26.82,100,2021-08-24 16:20:00,ILPT
26.86,26.86,26.86,26.86,200,2021-08-24 16:21:00,ILPT
26.83,26.83,26.83,26.83,700,2021-08-24 16:22:00,ILPT
26.86,26.86,26.83,26.83,400,2021-08-24 16:23:00,ILPT
26.855,26.855,26.855,26.855,200,2021-08-24 16:27:00,ILPT
26.87,26.87,26.87,26.87,100,2021-08-24 16:29:00,ILPT
26.84,26.85,26.84,26.85,200,2021-08-24 16:30:00,ILPT
26.83,26.83,26.83,26.83,200,2021-08-24 16:32:00,ILPT
26.8699,26.8699,26.85,26.85,200,2021-08-24 16:34:00,ILPT
26.87,26.87,26.87,26.87,100,2021-08-24 16:35:00,ILPT
26.87,26.88,26.87,26.88,300,2021-08-24 16:36:00,ILPT
26.87,26.87,26.87,26.87,200,2021-08-24 16:40:00,ILPT
26.89,26.89,26.87,26.87,1066,2021-08-24 16:41:00,ILPT
26.88,26.88,26.88,26.88,100,2021-08-24 16:42:00,ILPT
26.865,26.865,26.865,26.865,104,2021-08-24 16:43:00,ILPT
26.85,26.88,26.85,26.86,1873,2021-08-24 16:44:00,ILPT
26.85,26.85,26.85,26.85,110,2021-08-24 16:48:00,ILPT
26.87,26.889,26.87,26.889,600,2021-08-24 16:49:00,ILPT
26.85,26.85,26.85,26.85,200,2021-08-24 16:50:00,ILPT
26.85,26.85,26.85,26.85,1100,2021-08-24 16:51:00,ILPT
26.85,26.85,26.85,26.85,100,2021-08-24 16:53:00,ILPT
26.875,26.875,26.875,26.875,371,2021-08-24 16:54:00,ILPT
26.85,26.85,26.85,26.85,100,2021-08-24 16:56:00,ILPT
26.8535,26.8535,26.83,26.83,300,2021-08-24 16:57:00,ILPT
26.84,26.84,26.84,26.84,317,2021-08-24 16:58:00,ILPT
26.85,26.85,26.85,26.85,100,2021-08-24 17:00:00,ILPT
26.87,26.87,26.855,26.865,1800,2021-08-24 17:08:00,ILPT
26.84,26.84,26.84,26.84,200,2021-08-24 17:09:00,ILPT
26.86,26.86,26.86,26.86,100,2021-08-24 17:14:00,ILPT
26.87,26.88,26.87,26.88,200,2021-08-24 17:16:00,ILPT
26.88,26.88,26.88,26.88,112,2021-08-24 17:17:00,ILPT
26.89,26.89,26.87,26.87,400,2021-08-24 17:19:00,ILPT
26.855,26.855,26.855,26.855,300,2021-08-24 17:20:00,ILPT
26.87,26.87,26.86,26.86,200,2021-08-24 17:22:00,ILPT
26.85,26.85,26.845,26.845,460,2021-08-24 17:27:00,ILPT
26.845,26.845,26.845,26.845,100,2021-08-24 17:30:00,ILPT
26.855,26.855,26.855,26.855,100,2021-08-24 17:32:00,ILPT
26.84,26.84,26.84,26.84,100,2021-08-24 17:36:00,ILPT
26.845,26.845,26.845,26.845,200,2021-08-24 17:37:00,ILPT
26.86,26.86,26.86,26.86,100,2021-08-24 17:45:00,ILPT
26.83,26.83,26.83,26.83,100,2021-08-24 17:46:00,ILPT
26.83,26.83,26.83,26.83,150,2021-08-24 17:47:00,ILPT
26.86,26.87,26.86,26.86,300,2021-08-24 17:52:00,ILPT
26.86,26.86,26.86,26.86,110,2021-08-24 17:54:00,ILPT
26.88,26.88,26.86,26.86,431,2021-08-24 17:57:00,ILPT
26.9,26.9,26.86,26.88,300,2021-08-24 17:58:00,ILPT
26.86,26.8746,26.86,26.8746,800,2021-08-24 18:00:00,ILPT
26.85,26.85,26.85,26.85,390,2021-08-24 18:02:00,ILPT
26.85,26.9,26.85,26.86,756,2021-08-24 18:04:00,ILPT
26.85,26.85,26.85,26.85,100,2021-08-24 18:05:00,ILPT
26.875,26.875,26.85,26.85,230,2021-08-24 18:10:00,ILPT
26.86,26.86,26.86,26.86,200,2021-08-24 18:12:00,ILPT
26.8857,26.8857,26.8857,26.8857,272,2021-08-24 18:13:00,ILPT
26.8504,26.8504,26.8504,26.8504,261,2021-08-24 18:14:00,ILPT
26.84,26.84,26.84,26.84,887,2021-08-24 18:16:00,ILPT
26.82,26.82,26.82,26.82,100,2021-08-24 18:18:00,ILPT
26.8,26.8,26.79,26.79,200,2021-08-24 18:21:00,ILPT
26.77,26.79,26.77,26.77,400,2021-08-24 18:22:00,ILPT
26.77,26.77,26.77,26.77,100,2021-08-24 18:23:00,ILPT
26.78,26.78,26.78,26.78,100,2021-08-24 18:24:00,ILPT
26.77,26.79,26.77,26.79,300,2021-08-24 18:25:00,ILPT
26.79,26.8099,26.79,26.8,900,2021-08-24 18:26:00,ILPT
26.8,26.82,26.8,26.82,200,2021-08-24 18:27:00,ILPT
26.825,26.825,26.825,26.825,200,2021-08-24 18:28:00,ILPT
26.825,26.825,26.825,26.825,100,2021-08-24 18:29:00,ILPT
26.84,26.84,26.81,26.81,300,2021-08-24 18:30:00,ILPT
26.84,26.84,26.84,26.84,100,2021-08-24 18:31:00,ILPT
26.82,26.82,26.82,26.82,100,2021-08-24 18:34:00,ILPT
26.82,26.82,26.82,26.82,100,2021-08-24 18:36:00,ILPT
26.846,26.846,26.8344,26.8344,2046,2021-08-24 18:37:00,ILPT
26.85,26.85,26.82,26.82,200,2021-08-24 18:39:00,ILPT
26.82,26.82,26.82,26.82,200,2021-08-24 18:40:00,ILPT
26.825,26.825,26.81,26.82,1500,2021-08-24 18:46:00,ILPT
26.79,26.79,26.79,26.79,100,2021-08-24 18:48:00,ILPT
26.8049,26.8049,26.8,26.8,250,2021-08-24 18:51:00,ILPT
26.82,26.85,26.82,26.85,1000,2021-08-24 18:53:00,ILPT
26.85,26.85,26.85,26.85,100,2021-08-24 18:54:00,ILPT
26.84,26.85,26.84,26.85,600,2021-08-24 18:55:00,ILPT
26.85,26.85,26.85,26.85,100,2021-08-24 18:58:00,ILPT
26.85,26.85,26.85,26.85,100,2021-08-24 18:59:00,ILPT
26.85,26.85,26.83,26.84,300,2021-08-24 19:01:00,ILPT
26.83,26.84,26.83,26.84,1130,2021-08-24 19:03:00,ILPT
26.83,26.84,26.81,26.81,500,2021-08-24 19:04:00,ILPT
26.84,26.84,26.79,26.79,300,2021-08-24 19:05:00,ILPT
26.8075,26.8075,26.78,26.78,500,2021-08-24 19:06:00,ILPT
26.78,26.78,26.78,26.78,200,2021-08-24 19:07:00,ILPT
26.8199,26.8199,26.8199,26.8199,100,2021-08-24 19:11:00,ILPT
26.805,26.8106,26.805,26.8106,306,2021-08-24 19:12:00,ILPT
26.8,26.8,26.8,26.8,172,2021-08-24 19:13:00,ILPT
26.8,26.8,26.78,26.78,686,2021-08-24 19:14:00,ILPT
26.795,26.81,26.795,26.81,300,2021-08-24 19:15:00,ILPT
26.8,26.8,26.8,26.8,200,2021-08-24 19:16:00,ILPT
26.79,26.8016,26.79,26.8016,203,2021-08-24 19:17:00,ILPT
26.8,26.8,26.8,26.8,100,2021-08-24 19:18:00,ILPT
26.8,26.8,26.8,26.8,200,2021-08-24 19:19:00,ILPT
26.8,26.8,26.7966,26.7966,750,2021-08-24 19:20:00,ILPT
26.78,26.78,26.78,26.78,100,2021-08-24 19:21:00,ILPT
26.789,26.8,26.789,26.8,236,2021-08-24 19:25:00,ILPT
26.78,26.78,26.78,26.78,100,2021-08-24 19:26:00,ILPT
26.8,26.81,26.8,26.81,217,2021-08-24 19:27:00,ILPT
26.82,26.83,26.82,26.83,200,2021-08-24 19:28:00,ILPT
26.81,26.81,26.81,26.81,370,2021-08-24 19:29:00,ILPT
26.825,26.825,26.825,26.825,400,2021-08-24 19:34:00,ILPT
26.81,26.81,26.81,26.81,100,2021-08-24 19:35:00,ILPT
26.81,26.81,26.81,26.81,130,2021-08-24 19:36:00,ILPT
26.81,26.81,26.81,26.81,100,2021-08-24 19:37:00,ILPT
26.825,26.84,26.81,26.84,883,2021-08-24 19:38:00,ILPT
26.81,26.83,26.81,26.81,400,2021-08-24 19:39:00,ILPT
26.829,26.829,26.77,26.8,2061,2021-08-24 19:40:00,ILPT
26.8,26.81,26.8,26.81,300,2021-08-24 19:41:00,ILPT
26.83,26.83,26.82,26.82,510,2021-08-24 19:43:00,ILPT
26.83,26.83,26.83,26.83,300,2021-08-24 19:44:00,ILPT
26.83,26.8306,26.83,26.8306,334,2021-08-24 19:45:00,ILPT
26.83,26.83,26.83,26.83,400,2021-08-24 19:46:00,ILPT
26.82,26.82,26.82,26.82,100,2021-08-24 19:47:00,ILPT
26.82,26.82,26.82,26.82,301,2021-08-24 19:48:00,ILPT
26.81,26.81,26.81,26.81,100,2021-08-24 19:49:00,ILPT
26.83,26.83,26.82,26.82,1207,2021-08-24 19:50:00,ILPT
26.8,26.8,26.8,26.8,100,2021-08-24 19:51:00,ILPT
26.8,26.8,26.79,26.79,200,2021-08-24 19:53:00,ILPT
26.81,26.81,26.81,26.81,113,2021-08-24 19:54:00,ILPT
26.79,26.79,26.7819,26.79,575,2021-08-24 19:56:00,ILPT
26.78,26.789,26.77,26.789,822,2021-08-24 19:57:00,ILPT
26.77,26.8,26.77,26.791,1242,2021-08-24 19:58:00,ILPT
26.79,26.8,26.77,26.77,3022,2021-08-24 19:59:00,ILPT
26.8,26.8,26.8,26.8,20787,2021-08-24 20:00:00,ILPT
26.8,26.8,26.8,26.8,1325,2021-08-24 20:01:00,ILPT
27.0,27.0,27.0,27.0,111,2021-08-24 20:06:00,ILPT
27.0,27.0,27.0,27.0,300,2021-08-25 12:40:00,ILPT
26.81,26.84,26.71,26.71,1914,2021-08-25 13:30:00,ILPT
26.71,26.764,26.69,26.764,770,2021-08-25 13:31:00,ILPT
26.69,26.69,26.57,26.654,1262,2021-08-25 13:32:00,ILPT
26.625,26.625,26.625,26.625,186,2021-08-25 13:34:00,ILPT
26.59,26.59,26.56,26.56,700,2021-08-25 13:36:00,ILPT
26.59,26.59,26.59,26.59,100,2021-08-25 13:37:00,ILPT
26.55,26.55,26.55,26.55,159,2021-08-25 13:38:00,ILPT
26.59,26.6,26.575,26.58,1000,2021-08-25 13:39:00,ILPT
26.585,26.585,26.585,26.585,2900,2021-08-25 13:41:00,ILPT
26.59,26.59,26.59,26.59,9300,2021-08-25 13:42:00,ILPT
26.58,26.58,26.58,26.58,400,2021-08-25 13:43:00,ILPT
26.599,26.64,26.599,26.62,3765,2021-08-25 13:47:00,ILPT
26.66,26.69,26.66,26.69,1031,2021-08-25 13:51:00,ILPT
26.69,26.715,26.6601,26.6601,1908,2021-08-25 13:54:00,ILPT
26.7,26.7,26.7,26.7,500,2021-08-25 13:57:00,ILPT
26.72,26.72,26.72,26.72,200,2021-08-25 13:58:00,ILPT
26.75,26.75,26.75,26.75,200,2021-08-25 14:01:00,ILPT
26.79,26.79,26.79,26.79,300,2021-08-25 14:06:00,ILPT
26.78,26.79,26.78,26.7801,450,2021-08-25 14:07:00,ILPT
26.88,26.88,26.88,26.88,100,2021-08-25 14:10:00,ILPT
26.81,26.81,26.81,26.81,200,2021-08-25 14:11:00,ILPT
26.79,26.79,26.79,26.79,110,2021-08-25 14:12:00,ILPT
26.82,26.82,26.82,26.82,100,2021-08-25 14:14:00,ILPT
26.77,26.77,26.77,26.77,242,2021-08-25 14:15:00,ILPT
26.74,26.74,26.74,26.74,270,2021-08-25 14:18:00,ILPT
26.72,26.72,26.72,26.72,100,2021-08-25 14:23:00,ILPT
26.77,26.77,26.77,26.77,100,2021-08-25 14:28:00,ILPT
26.8,26.8,26.77,26.79,500,2021-08-25 14:31:00,ILPT
26.8199,26.8199,26.8199,26.8199,100,2021-08-25 14:34:00,ILPT
26.8,26.8,26.8,26.8,188,2021-08-25 14:36:00,ILPT
26.82,26.82,26.82,26.82,500,2021-08-25 14:41:00,ILPT
26.8,26.8,26.795,26.8,700,2021-08-25 14:43:00,ILPT
26.79,26.79,26.79,26.79,100,2021-08-25 14:48:00,ILPT
26.8,26.8,26.79,26.795,300,2021-08-25 14:49:00,ILPT
26.79,26.79,26.79,26.79,100,2021-08-25 14:55:00,ILPT
26.79,26.79,26.79,26.79,100,2021-08-25 14:56:00,ILPT
26.8,26.8,26.8,26.8,100,2021-08-25 14:57:00,ILPT
26.78,26.78,26.78,26.78,500,2021-08-25 14:59:00,ILPT
26.78,26.78,26.78,26.78,500,2021-08-25 15:08:00,ILPT
26.78,26.78,26.78,26.78,300,2021-08-25 15:09:00,ILPT
26.77,26.77,26.77,26.77,100,2021-08-25 15:15:00,ILPT
26.76,26.76,26.76,26.76,100,2021-08-25 15:16:00,ILPT
26.74,26.74,26.74,26.74,126,2021-08-25 15:23:00,ILPT
26.76,26.76,26.75,26.75,312,2021-08-25 15:26:00,ILPT
26.77,26.77,26.77,26.77,100,2021-08-25 15:35:00,ILPT
26.755,26.755,26.755,26.755,300,2021-08-25 15:36:00,ILPT
26.77,26.79,26.755,26.79,800,2021-08-25 15:37:00,ILPT
26.79,26.79,26.79,26.79,300,2021-08-25 15:39:00,ILPT
26.77,26.77,26.77,26.77,500,2021-08-25 15:41:00,ILPT
26.7699,26.7699,26.7699,26.7699,640,2021-08-25 15:44:00,ILPT
26.75,26.75,26.7409,26.7409,200,2021-08-25 15:45:00,ILPT
26.75,26.75,26.74,26.74,6525,2021-08-25 15:46:00,ILPT
26.75,26.75,26.75,26.75,100,2021-08-25 15:51:00,ILPT
26.77,26.77,26.77,26.77,225,2021-08-25 16:03:00,ILPT
26.8,26.8,26.8,26.8,100,2021-08-25 16:09:00,ILPT
26.85,26.85,26.85,26.85,100,2021-08-25 16:10:00,ILPT
26.8,26.8,26.8,26.8,100,2021-08-25 16:11:00,ILPT
26.81,26.81,26.81,26.81,400,2021-08-25 16:22:00,ILPT
26.81,26.81,26.81,26.81,400,2021-08-25 16:24:00,ILPT
26.8299,26.8299,26.8299,26.8299,911,2021-08-25 16:30:00,ILPT
26.78,26.78,26.78,26.78,100,2021-08-25 16:51:00,ILPT
26.795,26.795,26.795,26.795,100,2021-08-25 16:54:00,ILPT
26.77,26.77,26.77,26.77,300,2021-08-25 17:00:00,ILPT
26.7532,26.7532,26.7532,26.7532,400,2021-08-25 17:03:00,ILPT
26.77,26.77,26.77,26.77,200,2021-08-25 17:05:00,ILPT
26.79,26.79,26.79,26.79,100,2021-08-25 17:07:00,ILPT
26.8,26.8,26.7955,26.8,406,2021-08-25 17:10:00,ILPT
26.8,26.8,26.8,26.8,100,2021-08-25 17:11:00,ILPT
26.79,26.79,26.79,26.79,100,2021-08-25 17:15:00,ILPT
26.8,26.8,26.8,26.8,100,2021-08-25 17:18:00,ILPT
26.8,26.8,26.8,26.8,100,2021-08-25 17:19:00,ILPT
26.8,26.8,26.8,26.8,100,2021-08-25 17:20:00,ILPT
26.8175,26.8175,26.815,26.815,317,2021-08-25 17:23:00,ILPT
26.83,26.83,26.815,26.82,300,2021-08-25 17:25:00,ILPT
26.82,26.82,26.82,26.82,100,2021-08-25 17:26:00,ILPT
26.82,26.82,26.82,26.82,201,2021-08-25 17:31:00,ILPT
26.81,26.81,26.81,26.81,109,2021-08-25 17:33:00,ILPT
26.81,26.81,26.8,26.8,300,2021-08-25 17:34:00,ILPT
26.8,26.8,26.8,26.8,100,2021-08-25 17:38:00,ILPT
26.8,26.8,26.8,26.8,100,2021-08-25 17:39:00,ILPT
26.8,26.81,26.8,26.81,300,2021-08-25 17:41:00,ILPT
26.82,26.82,26.81,26.81,200,2021-08-25 17:43:00,ILPT
26.82,26.82,26.82,26.82,400,2021-08-25 17:46:00,ILPT
26.81,26.81,26.81,26.81,100,2021-08-25 17:49:00,ILPT
26.81,26.81,26.8,26.8,699,2021-08-25 17:50:00,ILPT
26.79,26.79,26.79,26.79,100,2021-08-25 17:57:00,ILPT
26.7785,26.7785,26.7785,26.7785,289,2021-08-25 18:02:00,ILPT
26.76,26.76,26.76,26.76,100,2021-08-25 18:03:00,ILPT
26.76,26.76,26.76,26.76,100,2021-08-25 18:04:00,ILPT
26.8,26.81,26.8,26.81,843,2021-08-25 18:05:00,ILPT
26.83,26.83,26.83,26.83,100,2021-08-25 18:07:00,ILPT
26.825,26.825,26.825,26.825,300,2021-08-25 18:09:00,ILPT
26.83,26.83,26.83,26.83,100,2021-08-25 18:12:00,ILPT
26.85,26.85,26.85,26.85,200,2021-08-25 18:14:00,ILPT
26.88,26.88,26.88,26.88,100,2021-08-25 18:16:00,ILPT
26.85,26.87,26.85,26.8507,1250,2021-08-25 18:17:00,ILPT
26.85,26.85,26.85,26.85,170,2021-08-25 18:20:00,ILPT
26.87,26.87,26.87,26.87,440,2021-08-25 18:23:00,ILPT
26.87,26.87,26.87,26.87,100,2021-08-25 18:24:00,ILPT
26.8643,26.8643,26.8643,26.8643,800,2021-08-25 18:25:00,ILPT
26.88,26.88,26.88,26.88,100,2021-08-25 18:29:00,ILPT
26.87,26.87,26.87,26.87,300,2021-08-25 18:30:00,ILPT
26.86,26.86,26.86,26.86,100,2021-08-25 18:31:00,ILPT
26.85,26.85,26.85,26.85,700,2021-08-25 18:32:00,ILPT
26.84,26.84,26.84,26.84,130,2021-08-25 18:34:00,ILPT
26.85,26.85,26.845,26.845,250,2021-08-25 18:37:00,ILPT
26.855,26.855,26.855,26.855,450,2021-08-25 18:39:00,ILPT
26.85,26.85,26.85,26.85,100,2021-08-25 18:40:00,ILPT
26.8402,26.8402,26.8402,26.8402,1677,2021-08-25 18:41:00,ILPT
26.85,26.85,26.85,26.85,100,2021-08-25 18:43:00,ILPT
26.84,26.85,26.84,26.84,300,2021-08-25 18:44:00,ILPT
26.85,26.85,26.85,26.85,100,2021-08-25 18:45:00,ILPT
26.84,26.84,26.84,26.84,100,2021-08-25 18:46:00,ILPT
26.84,26.84,26.84,26.84,100,2021-08-25 18:47:00,ILPT
26.84,26.85,26.84,26.85,1000,2021-08-25 18:48:00,ILPT
26.85,26.85,26.85,26.85,100,2021-08-25 18:49:00,ILPT
26.84,26.84,26.83,26.83,500,2021-08-25 18:50:00,ILPT
26.82,26.83,26.82,26.8227,450,2021-08-25 18:52:00,ILPT
26.825,26.825,26.825,26.825,246,2021-08-25 18:53:00,ILPT
26.825,26.825,26.825,26.825,100,2021-08-25 18:55:00,ILPT
26.81,26.81,26.81,26.81,120,2021-08-25 18:56:00,ILPT
26.85,26.85,26.85,26.85,100,2021-08-25 18:57:00,ILPT
26.83,26.83,26.83,26.83,100,2021-08-25 18:58:00,ILPT
26.83,26.83,26.83,26.83,100,2021-08-25 18:59:00,ILPT
26.83,26.83,26.82,26.82,647,2021-08-25 19:00:00,ILPT
26.845,26.845,26.845,26.845,100,2021-08-25 19:01:00,ILPT
26.835,26.835,26.835,26.835,100,2021-08-25 19:03:00,ILPT
26.835,26.8425,26.835,26.8425,600,2021-08-25 19:04:00,ILPT
26.845,26.845,26.845,26.845,100,2021-08-25 19:06:00,ILPT
26.84,26.84,26.84,26.84,100,2021-08-25 19:07:00,ILPT
26.845,26.845,26.845,26.845,100,2021-08-25 19:08:00,ILPT
26.85,26.85,26.83,26.85,350,2021-08-25 19:09:00,ILPT
26.84,26.84,26.84,26.84,100,2021-08-25 19:10:00,ILPT
26.84,26.84,26.83,26.83,200,2021-08-25 19:11:00,ILPT
26.83,26.83,26.83,26.83,400,2021-08-25 19:12:00,ILPT
26.83,26.83,26.825,26.825,11800,2021-08-25 19:13:00,ILPT
26.84,26.85,26.84,26.85,433,2021-08-25 19:14:00,ILPT
26.87,26.87,26.855,26.855,400,2021-08-25 19:15:00,ILPT
26.85,26.87,26.85,26.87,210,2021-08-25 19:16:00,ILPT
26.88,26.88,26.88,26.88,100,2021-08-25 19:18:00,ILPT
26.8799,26.8799,26.8799,26.8799,602,2021-08-25 19:19:00,ILPT
26.88,26.88,26.88,26.88,270,2021-08-25 19:20:00,ILPT
26.86,26.89,26.86,26.89,400,2021-08-25 19:21:00,ILPT
26.89,26.89,26.89,26.89,200,2021-08-25 19:22:00,ILPT
26.89,26.89,26.86,26.875,416,2021-08-25 19:23:00,ILPT
26.89,26.89,26.89,26.89,200,2021-08-25 19:24:00,ILPT
26.9,26.9,26.9,26.9,380,2021-08-25 19:26:00,ILPT
26.87,26.87,26.87,26.87,100,2021-08-25 19:27:00,ILPT
26.895,26.895,26.895,26.895,100,2021-08-25 19:28:00,ILPT
26.87,26.87,26.87,26.87,307,2021-08-25 19:29:00,ILPT
26.895,26.895,26.87,26.87,405,2021-08-25 19:30:00,ILPT
26.86,26.86,26.86,26.86,300,2021-08-25 19:31:00,ILPT
26.88,26.88,26.88,26.88,100,2021-08-25 19:32:00,ILPT
26.85,26.85,26.85,26.85,200,2021-08-25 19:33:00,ILPT
26.875,26.88,26.875,26.88,200,2021-08-25 19:34:00,ILPT
26.85,26.87,26.85,26.87,330,2021-08-25 19:35:00,ILPT
26.85,26.85,26.85,26.85,100,2021-08-25 19:36:00,ILPT
26.87,26.87,26.85,26.87,300,2021-08-25 19:37:00,ILPT
26.85,26.87,26.85,26.87,200,2021-08-25 19:38:00,ILPT
26.85,26.85,26.84,26.85,1780,2021-08-25 19:39:00,ILPT
26.85,26.85,26.85,26.85,200,2021-08-25 19:40:00,ILPT
26.84,26.85,26.835,26.835,500,2021-08-25 19:41:00,ILPT
26.85,26.87,26.85,26.87,674,2021-08-25 19:42:00,ILPT
26.86,26.89,26.86,26.89,300,2021-08-25 19:43:00,ILPT
26.88,26.88,26.88,26.88,100,2021-08-25 19:44:00,ILPT
26.86,26.86,26.85,26.85,300,2021-08-25 19:45:00,ILPT
26.83,26.83,26.83,26.83,200,2021-08-25 19:46:00,ILPT
26.81,26.81,26.79,26.79,1136,2021-08-25 19:47:00,ILPT
26.8,26.8,26.8,26.8,219,2021-08-25 19:48:00,ILPT
26.8,26.8,26.79,26.79,300,2021-08-25 19:49:00,ILPT
26.7833,26.79,26.77,26.79,2338,2021-08-25 19:51:00,ILPT
26.77,26.785,26.75,26.785,1061,2021-08-25 19:52:00,ILPT
26.79,26.79,26.78,26.78,400,2021-08-25 19:53:00,ILPT
26.79,26.79,26.78,26.78,700,2021-08-25 19:54:00,ILPT
26.79,26.835,26.77,26.77,3174,2021-08-25 19:55:00,ILPT
26.78,26.78,26.77,26.77,788,2021-08-25 19:56:00,ILPT
26.76,26.76,26.75,26.75,1441,2021-08-25 19:58:00,ILPT
26.75,26.75,26.72,26.72,761,2021-08-25 19:59:00,ILPT
26.74,26.74,26.74,26.74,41022,2021-08-25 20:00:00,ILPT
26.74,26.74,26.74,26.74,2530,2021-08-25 20:01:00,ILPT
26.74,26.74,26.74,26.74,848,2021-08-25 20:02:00,ILPT
26.79,26.79,26.79,26.79,1732,2021-08-26 13:30:00,ILPT
26.79,26.79,26.75,26.75,300,2021-08-26 13:36:00,ILPT
26.74,26.74,26.69,26.69,900,2021-08-26 13:38:00,ILPT
26.7,26.7,26.7,26.7,200,2021-08-26 13:40:00,ILPT
26.7,26.7,26.7,26.7,100,2021-08-26 13:41:00,ILPT
26.68,26.68,26.68,26.68,1100,2021-08-26 13:44:00,ILPT
26.66,26.66,26.65,26.65,1277,2021-08-26 13:50:00,ILPT
26.66,26.66,26.66,26.66,100,2021-08-26 13:53:00,ILPT
26.8222,26.8222,26.8222,26.8222,375,2021-08-26 13:55:00,ILPT
26.79,26.79,26.79,26.79,200,2021-08-26 14:01:00,ILPT
26.81,26.81,26.8,26.8,200,2021-08-26 14:05:00,ILPT
26.88,26.88,26.88,26.88,100,2021-08-26 14:07:00,ILPT
26.86,26.86,26.86,26.86,100,2021-08-26 14:08:00,ILPT
26.87,26.91,26.85,26.85,728,2021-08-26 14:09:00,ILPT
26.8899,26.89,26.8899,26.89,300,2021-08-26 14:11:00,ILPT
26.93,26.93,26.93,26.93,100,2021-08-26 14:13:00,ILPT
26.938,26.938,26.938,26.938,150,2021-08-26 14:14:00,ILPT
26.94,26.94,26.94,26.94,400,2021-08-26 14:16:00,ILPT
26.96,26.96,26.96,26.96,200,2021-08-26 14:18:00,ILPT
26.97,26.97,26.97,26.97,500,2021-08-26 14:20:00,ILPT
26.93,26.93,26.9,26.9,700,2021-08-26 14:21:00,ILPT
26.83,26.83,26.83,26.83,200,2021-08-26 14:26:00,ILPT
26.81,26.81,26.81,26.81,300,2021-08-26 14:27:00,ILPT
26.84,26.84,26.84,26.84,100,2021-08-26 14:33:00,ILPT
26.825,26.825,26.825,26.825,651,2021-08-26 14:36:00,ILPT
26.83,26.83,26.83,26.83,100,2021-08-26 14:38:00,ILPT
26.85,26.85,26.85,26.85,100,2021-08-26 14:39:00,ILPT
26.85,26.85,26.85,26.85,100,2021-08-26 14:40:00,ILPT
26.8149,26.8149,26.8149,26.8149,100,2021-08-26 14:43:00,ILPT
26.84,26.84,26.84,26.84,100,2021-08-26 14:44:00,ILPT
26.84,26.84,26.839,26.839,200,2021-08-26 14:45:00,ILPT
26.79,26.8395,26.79,26.8395,714,2021-08-26 14:47:00,ILPT
26.79,26.79,26.78,26.78,825,2021-08-26 14:49:00,ILPT
26.73,26.73,26.73,26.73,289,2021-08-26 14:51:00,ILPT
26.74,26.75,26.74,26.74,489,2021-08-26 14:56:00,ILPT
26.73,26.73,26.7,26.7,723,2021-08-26 15:00:00,ILPT
26.78,26.78,26.78,26.78,100,2021-08-26 15:06:00,ILPT
26.86,26.86,26.86,26.86,200,2021-08-26 15:09:00,ILPT
26.86,26.86,26.86,26.86,100,2021-08-26 15:12:00,ILPT
26.87,26.87,26.87,26.87,100,2021-08-26 15:17:00,ILPT
26.87,26.87,26.87,26.87,100,2021-08-26 15:18:00,ILPT
26.87,26.87,26.87,26.87,100,2021-08-26 15:23:00,ILPT
26.88,26.88,26.88,26.88,100,2021-08-26 15:24:00,ILPT
26.86,26.86,26.86,26.86,100,2021-08-26 15:27:00,ILPT
26.86,26.86,26.86,26.86,100,2021-08-26 15:28:00,ILPT
26.83,26.83,26.83,26.83,300,2021-08-26 15:29:00,ILPT
26.79,26.791,26.77,26.77,4977,2021-08-26 15:46:00,ILPT
26.72,26.72,26.72,26.72,100,2021-08-26 15:49:00,ILPT
26.72,26.72,26.72,26.72,290,2021-08-26 15:50:00,ILPT
26.75,26.76,26.75,26.76,6400,2021-08-26 16:02:00,ILPT
26.81,26.81,26.81,26.81,100,2021-08-26 16:08:00,ILPT
26.75,26.77,26.75,26.77,9020,2021-08-26 16:12:00,ILPT
26.77,26.77,26.77,26.77,100,2021-08-26 16:13:00,ILPT
26.83,26.83,26.82,26.83,1800,2021-08-26 16:14:00,ILPT
26.8525,26.86,26.8525,26.859,3016,2021-08-26 16:15:00,ILPT
26.83,26.83,26.83,26.83,200,2021-08-26 16:18:00,ILPT
26.86,26.86,26.86,26.86,100,2021-08-26 16:19:00,ILPT
26.83,26.83,26.82,26.82,500,2021-08-26 16:20:00,ILPT
26.79,26.79,26.79,26.79,100,2021-08-26 16:21:00,ILPT
26.8,26.8,26.8,26.8,200,2021-08-26 16:26:00,ILPT
26.8,26.8,26.79,26.79,505,2021-08-26 16:36:00,ILPT
26.78,26.78,26.78,26.78,100,2021-08-26 16:40:00,ILPT
26.77,26.77,26.77,26.77,1309,2021-08-26 16:43:00,ILPT
26.76,26.76,26.76,26.76,100,2021-08-26 16:49:00,ILPT
26.76,26.76,26.76,26.76,200,2021-08-26 16:50:00,ILPT
26.7456,26.7456,26.7456,26.7456,170,2021-08-26 16:57:00,ILPT
26.8,26.8,26.8,26.8,400,2021-08-26 17:05:00,ILPT
26.7761,26.7761,26.7761,26.7761,200,2021-08-26 17:12:00,ILPT
26.81,26.83,26.81,26.83,600,2021-08-26 17:17:00,ILPT
26.88,26.88,26.88,26.88,200,2021-08-26 17:18:00,ILPT
26.88,26.88,26.88,26.88,100,2021-08-26 17:19:00,ILPT
26.85,26.85,26.83,26.83,1377,2021-08-26 17:25:00,ILPT
26.8,26.8,26.8,26.8,744,2021-08-26 17:28:00,ILPT
26.8232,26.8232,26.8232,26.8232,605,2021-08-26 17:38:00,ILPT
26.8331,26.8331,26.8331,26.8331,180,2021-08-26 17:41:00,ILPT
26.82,26.82,26.82,26.82,1107,2021-08-26 17:48:00,ILPT
26.8268,26.8268,26.8268,26.8268,110,2021-08-26 17:53:00,ILPT
26.84,26.84,26.84,26.84,100,2021-08-26 17:56:00,ILPT
26.81,26.81,26.81,26.81,109,2021-08-26 17:59:00,ILPT
26.84,26.84,26.84,26.84,100,2021-08-26 18:00:00,ILPT
26.81,26.81,26.81,26.81,200,2021-08-26 18:01:00,ILPT
26.79,26.79,26.79,26.79,378,2021-08-26 18:09:00,ILPT
26.8,26.8,26.8,26.8,300,2021-08-26 18:11:00,ILPT
26.809,26.809,26.809,26.809,100,2021-08-26 18:28:00,ILPT
26.8,26.805,26.8,26.805,577,2021-08-26 18:29:00,ILPT
26.79,26.79,26.79,26.79,400,2021-08-26 18:30:00,ILPT
26.79,26.79,26.79,26.79,200,2021-08-26 18:33:00,ILPT
26.77,26.77,26.76,26.76,400,2021-08-26 18:36:00,ILPT
26.75,26.75,26.75,26.75,200,2021-08-26 18:37:00,ILPT
26.8,26.8,26.8,26.8,100,2021-08-26 18:39:00,ILPT
26.81,26.84,26.7999,26.8,2686,2021-08-26 18:44:00,ILPT
26.82,26.82,26.82,26.82,500,2021-08-26 18:45:00,ILPT
26.8,26.8,26.8,26.8,200,2021-08-26 18:47:00,ILPT
26.801,26.801,26.801,26.801,454,2021-08-26 18:48:00,ILPT
26.855,26.855,26.855,26.855,3700,2021-08-26 18:57:00,ILPT
26.83,26.83,26.83,26.83,200,2021-08-26 18:59:00,ILPT
26.88,26.88,26.88,26.88,100,2021-08-26 19:00:00,ILPT
26.83,26.83,26.83,26.83,1299,2021-08-26 19:01:00,ILPT
26.81,26.83,26.81,26.81,733,2021-08-26 19:02:00,ILPT
26.85,26.85,26.85,26.85,100,2021-08-26 19:03:00,ILPT
26.82,26.82,26.82,26.82,111,2021-08-26 19:08:00,ILPT
26.8,26.81,26.8,26.81,3617,2021-08-26 19:09:00,ILPT
26.84,26.84,26.84,26.84,100,2021-08-26 19:10:00,ILPT
26.85,26.85,26.84,26.84,500,2021-08-26 19:15:00,ILPT
26.86,26.86,26.86,26.86,100,2021-08-26 19:16:00,ILPT
26.86,26.86,26.8454,26.8454,200,2021-08-26 19:18:00,ILPT
26.85,26.85,26.85,26.85,100,2021-08-26 19:21:00,ILPT
26.85,26.85,26.835,26.835,1512,2021-08-26 19:22:00,ILPT
26.81,26.81,26.81,26.81,105,2021-08-26 19:23:00,ILPT
26.81,26.84,26.81,26.84,574,2021-08-26 19:24:00,ILPT
26.83,26.83,26.83,26.83,400,2021-08-26 19:25:00,ILPT
26.81,26.815,26.81,26.815,523,2021-08-26 19:26:00,ILPT
26.815,26.815,26.815,26.815,100,2021-08-26 19:27:00,ILPT
26.815,26.815,26.815,26.815,200,2021-08-26 19:29:00,ILPT
26.8,26.815,26.8,26.815,1499,2021-08-26 19:31:00,ILPT
26.8199,26.8199,26.8199,26.8199,500,2021-08-26 19:32:00,ILPT
26.79,26.8,26.79,26.8,300,2021-08-26 19:33:00,ILPT
26.8,26.8,26.8,26.8,200,2021-08-26 19:35:00,ILPT
26.81,26.81,26.81,26.81,587,2021-08-26 19:39:00,ILPT
26.83,26.83,26.82,26.82,412,2021-08-26 19:43:00,ILPT
26.8139,26.8139,26.8139,26.8139,250,2021-08-26 19:44:00,ILPT
26.8,26.8,26.76,26.76,1402,2021-08-26 19:45:00,ILPT
26.76,26.76,26.76,26.76,100,2021-08-26 19:46:00,ILPT
26.76,26.76,26.76,26.76,500,2021-08-26 19:47:00,ILPT
26.76,26.76,26.76,26.76,100,2021-08-26 19:48:00,ILPT
26.77,26.77,26.76,26.76,500,2021-08-26 19:49:00,ILPT
26.78,26.79,26.76,26.76,2600,2021-08-26 19:50:00,ILPT
26.76,26.76,26.76,26.76,400,2021-08-26 19:51:00,ILPT
26.75,26.77,26.75,26.77,200,2021-08-26 19:52:00,ILPT
26.77,26.78,26.77,26.78,200,2021-08-26 19:53:00,ILPT
26.76,26.78,26.76,26.78,600,2021-08-26 19:54:00,ILPT
26.77,26.77,26.77,26.77,100,2021-08-26 19:55:00,ILPT
26.75,26.77,26.75,26.75,2002,2021-08-26 19:56:00,ILPT
26.765,26.765,26.75,26.75,910,2021-08-26 19:57:00,ILPT
26.735,26.76,26.735,26.76,200,2021-08-26 19:58:00,ILPT
26.75,26.75,26.71,26.73,1700,2021-08-26 19:59:00,ILPT
26.71,26.71,26.71,26.71,28557,2021-08-26 20:00:00,ILPT
26.71,26.71,26.71,26.71,2149,2021-08-26 20:01:00,ILPT
26.85,26.85,26.85,26.85,120,2021-08-27 13:28:00,ILPT
27.09,27.09,26.78,26.78,2562,2021-08-27 13:30:00,ILPT
26.86,26.925,26.86,26.925,200,2021-08-27 13:33:00,ILPT
26.93,26.93,26.93,26.93,757,2021-08-27 13:42:00,ILPT
26.905,26.92,26.905,26.92,250,2021-08-27 13:45:00,ILPT
26.94,26.95,26.94,26.95,300,2021-08-27 13:47:00,ILPT
26.965,26.965,26.965,26.965,100,2021-08-27 13:53:00,ILPT
26.965,26.965,26.965,26.965,100,2021-08-27 13:54:00,ILPT
26.93,26.93,26.925,26.925,426,2021-08-27 13:57:00,ILPT
26.89,26.89,26.81,26.875,500,2021-08-27 14:00:00,ILPT
26.91,26.92,26.91,26.92,300,2021-08-27 14:02:00,ILPT
26.9,26.9,26.9,26.9,500,2021-08-27 14:05:00,ILPT
26.95,26.95,26.95,26.95,200,2021-08-27 14:10:00,ILPT
26.99,26.99,26.99,26.99,100,2021-08-27 14:11:00,ILPT
26.98,26.98,26.98,26.98,100,2021-08-27 14:12:00,ILPT
26.96,26.96,26.95,26.95,200,2021-08-27 14:19:00,ILPT
26.97,26.975,26.9,26.95,9802,2021-08-27 14:20:00,ILPT
26.95,26.95,26.95,26.95,100,2021-08-27 14:22:00,ILPT
26.92,26.92,26.92,26.92,100,2021-08-27 14:23:00,ILPT
26.95,26.9796,26.95,26.9796,900,2021-08-27 14:24:00,ILPT
26.9939,27.0,26.975,26.98,620,2021-08-27 14:29:00,ILPT
27.0,27.0,27.0,27.0,134,2021-08-27 14:31:00,ILPT
26.96,26.96,26.95,26.95,630,2021-08-27 14:32:00,ILPT
26.93,26.93,26.93,26.93,100,2021-08-27 14:34:00,ILPT
26.94,26.94,26.94,26.94,100,2021-08-27 14:35:00,ILPT
26.94,26.95,26.94,26.95,386,2021-08-27 14:36:00,ILPT
26.95,26.97,26.95,26.96,1466,2021-08-27 14:37:00,ILPT
26.94,26.96,26.94,26.96,700,2021-08-27 14:38:00,ILPT
26.95,26.95,26.95,26.95,100,2021-08-27 14:40:00,ILPT
26.95,26.95,26.95,26.95,100,2021-08-27 14:41:00,ILPT
26.95,26.95,26.95,26.95,900,2021-08-27 14:44:00,ILPT
26.95,26.95,26.95,26.95,200,2021-08-27 14:45:00,ILPT
26.95,26.96,26.95,26.95,1334,2021-08-27 14:47:00,ILPT
26.95,26.95,26.95,26.95,100,2021-08-27 14:48:00,ILPT
26.98,26.98,26.98,26.98,100,2021-08-27 14:50:00,ILPT
26.95,26.95,26.95,26.95,100,2021-08-27 14:51:00,ILPT
26.95,26.96,26.95,26.95,500,2021-08-27 14:53:00,ILPT
26.96,26.96,26.96,26.96,100,2021-08-27 14:55:00,ILPT
26.98,27.03,26.98,27.03,1256,2021-08-27 14:56:00,ILPT
27.05,27.06,27.05,27.06,700,2021-08-27 14:57:00,ILPT
27.07,27.07,27.07,27.07,100,2021-08-27 14:59:00,ILPT
27.1,27.1441,27.1,27.1441,1436,2021-08-27 15:00:00,ILPT
27.15,27.16,27.15,27.15,400,2021-08-27 15:01:00,ILPT
27.1475,27.17,27.14,27.15,1200,2021-08-27 15:02:00,ILPT
27.18,27.18,27.18,27.18,200,2021-08-27 15:03:00,ILPT
27.13,27.13,27.1,27.12,922,2021-08-27 15:05:00,ILPT
27.135,27.135,27.11,27.11,1567,2021-08-27 15:06:00,ILPT
27.09,27.11,27.09,27.11,670,2021-08-27 15:12:00,ILPT
27.18,27.18,27.18,27.18,150,2021-08-27 15:16:00,ILPT
27.205,27.205,27.205,27.205,482,2021-08-27 15:18:00,ILPT
27.23,27.23,27.23,27.23,1500,2021-08-27 15:19:00,ILPT
27.23,27.23,27.23,27.23,100,2021-08-27 15:20:00,ILPT
27.24,27.24,27.215,27.215,383,2021-08-27 15:21:00,ILPT
27.2,27.24,27.19,27.19,793,2021-08-27 15:26:00,ILPT
27.2,27.23,27.2,27.23,200,2021-08-27 15:31:00,ILPT
27.22,27.22,27.22,27.22,124,2021-08-27 15:35:00,ILPT
27.25,27.25,27.25,27.25,200,2021-08-27 15:37:00,ILPT
27.25,27.28,27.25,27.28,706,2021-08-27 15:39:00,ILPT
27.29,27.3,27.29,27.3,300,2021-08-27 15:40:00,ILPT
27.3,27.3,27.3,27.3,100,2021-08-27 15:42:00,ILPT
27.29,27.29,27.27,27.27,425,2021-08-27 15:44:00,ILPT
27.3,27.3,27.3,27.3,100,2021-08-27 15:47:00,ILPT
27.31,27.31,27.31,27.31,100,2021-08-27 15:50:00,ILPT
27.2833,27.2833,27.2833,27.2833,150,2021-08-27 15:53:00,ILPT
27.29,27.29,27.29,27.29,100,2021-08-27 15:57:00,ILPT
27.29,27.29,27.29,27.29,100,2021-08-27 15:58:00,ILPT
27.285,27.285,27.285,27.285,100,2021-08-27 16:01:00,ILPT
27.29,27.29,27.29,27.29,100,2021-08-27 16:04:00,ILPT
27.29,27.29,27.26,27.27,500,2021-08-27 16:07:00,ILPT
27.3,27.3,27.3,27.3,100,2021-08-27 16:09:00,ILPT
27.3001,27.3001,27.3001,27.3001,100,2021-08-27 16:13:00,ILPT
27.34,27.34,27.34,27.34,200,2021-08-27 16:15:00,ILPT
27.35,27.35,27.35,27.35,100,2021-08-27 16:17:00,ILPT
27.37,27.37,27.3625,27.3625,300,2021-08-27 16:21:00,ILPT
27.37,27.37,27.36,27.36,300,2021-08-27 16:22:00,ILPT
27.36,27.36,27.36,27.36,100,2021-08-27 16:24:00,ILPT
27.35,27.35,27.35,27.35,100,2021-08-27 16:25:00,ILPT
27.38,27.4,27.38,27.4,400,2021-08-27 16:32:00,ILPT
27.41,27.414,27.41,27.414,380,2021-08-27 16:35:00,ILPT
27.38,27.38,27.38,27.38,347,2021-08-27 16:37:00,ILPT
27.36,27.36,27.36,27.36,100,2021-08-27 16:39:00,ILPT
27.38,27.38,27.38,27.38,400,2021-08-27 16:40:00,ILPT
27.409,27.409,27.409,27.409,100,2021-08-27 16:41:00,ILPT
27.37,27.38,27.37,27.38,300,2021-08-27 16:42:00,ILPT
27.38,27.38,27.38,27.38,130,2021-08-27 16:43:00,ILPT
27.3607,27.3607,27.3607,27.3607,126,2021-08-27 16:44:00,ILPT
27.38,27.38,27.38,27.38,502,2021-08-27 16:45:00,ILPT
27.36,27.36,27.36,27.36,502,2021-08-27 16:50:00,ILPT
27.38,27.38,27.38,27.38,100,2021-08-27 16:51:00,ILPT
27.3783,27.3783,27.3783,27.3783,200,2021-08-27 16:54:00,ILPT
27.38,27.38,27.38,27.38,200,2021-08-27 16:55:00,ILPT
27.36,27.36,27.36,27.36,100,2021-08-27 16:57:00,ILPT
27.4,27.4,27.4,27.4,100,2021-08-27 17:01:00,ILPT
27.399,27.399,27.399,27.399,100,2021-08-27 17:05:00,ILPT
27.41,27.41,27.41,27.41,100,2021-08-27 17:06:00,ILPT
27.42,27.42,27.42,27.42,200,2021-08-27 17:08:00,ILPT
27.4,27.4,27.4,27.4,100,2021-08-27 17:09:00,ILPT
27.39,27.4024,27.39,27.39,600,2021-08-27 17:12:00,ILPT
27.42,27.42,27.42,27.42,100,2021-08-27 17:14:00,ILPT
27.39,27.39,27.39,27.39,200,2021-08-27 17:15:00,ILPT
27.41,27.41,27.41,27.41,200,2021-08-27 17:18:00,ILPT
27.43,27.43,27.42,27.42,200,2021-08-27 17:20:00,ILPT
27.43,27.43,27.43,27.43,200,2021-08-27 17:21:00,ILPT
27.44,27.44,27.44,27.44,100,2021-08-27 17:24:00,ILPT
27.44,27.44,27.44,27.44,211,2021-08-27 17:28:00,ILPT
27.435,27.435,27.435,27.435,100,2021-08-27 17:31:00,ILPT
27.42,27.44,27.42,27.44,300,2021-08-27 17:32:00,ILPT
27.425,27.425,27.4,27.4199,1069,2021-08-27 17:38:00,ILPT
27.4064,27.4064,27.4,27.4,500,2021-08-27 17:42:00,ILPT
27.38,27.39,27.38,27.39,300,2021-08-27 17:48:00,ILPT
27.41,27.41,27.4,27.4,950,2021-08-27 17:53:00,ILPT
27.399,27.399,27.399,27.399,100,2021-08-27 17:54:00,ILPT
27.42,27.42,27.42,27.42,200,2021-08-27 17:56:00,ILPT
27.405,27.405,27.405,27.405,100,2021-08-27 17:59:00,ILPT
27.42,27.42,27.42,27.42,200,2021-08-27 18:09:00,ILPT
27.42,27.42,27.42,27.42,582,2021-08-27 18:10:00,ILPT
27.45,27.45,27.45,27.45,100,2021-08-27 18:11:00,ILPT
27.43,27.43,27.43,27.43,100,2021-08-27 18:12:00,ILPT
27.45,27.45,27.43,27.43,200,2021-08-27 18:15:00,ILPT
27.43,27.44,27.43,27.44,370,2021-08-27 18:17:00,ILPT
27.4228,27.4228,27.4228,27.4228,3500,2021-08-27 18:18:00,ILPT
27.43,27.43,27.43,27.43,123,2021-08-27 18:20:00,ILPT
27.43,27.45,27.43,27.45,400,2021-08-27 18:21:00,ILPT
27.44,27.44,27.44,27.44,100,2021-08-27 18:23:00,ILPT
27.41,27.41,27.41,27.41,100,2021-08-27 18:25:00,ILPT
27.41,27.41,27.4,27.4,1015,2021-08-27 18:27:00,ILPT
27.42,27.42,27.42,27.42,100,2021-08-27 18:28:00,ILPT
27.41,27.41,27.41,27.41,100,2021-08-27 18:29:00,ILPT
27.43,27.43,27.43,27.43,100,2021-08-27 18:32:00,ILPT
27.4399,27.4399,27.4399,27.4399,200,2021-08-27 18:36:00,ILPT
27.42,27.42,27.42,27.42,100,2021-08-27 18:38:00,ILPT
27.44,27.445,27.44,27.445,600,2021-08-27 18:42:00,ILPT
27.45,27.46,27.45,27.46,600,2021-08-27 18:43:00,ILPT
27.44,27.44,27.44,27.44,100,2021-08-27 18:44:00,ILPT
27.44,27.44,27.435,27.44,1028,2021-08-27 18:45:00,ILPT
27.46,27.46,27.46,27.46,415,2021-08-27 18:52:00,ILPT
27.45,27.45,27.45,27.45,370,2021-08-27 18:55:00,ILPT
27.46,27.46,27.455,27.455,400,2021-08-27 18:56:00,ILPT
27.46,27.47,27.46,27.47,874,2021-08-27 18:57:00,ILPT
27.47,27.47,27.46,27.46,200,2021-08-27 18:59:00,ILPT
27.46,27.465,27.45,27.465,851,2021-08-27 19:00:00,ILPT
27.465,27.48,27.465,27.48,500,2021-08-27 19:01:00,ILPT
27.47,27.47,27.47,27.47,200,2021-08-27 19:03:00,ILPT
27.49,27.49,27.49,27.49,100,2021-08-27 19:05:00,ILPT
27.47,27.47,27.46,27.46,228,2021-08-27 19:06:00,ILPT
27.49,27.49,27.49,27.49,100,2021-08-27 19:07:00,ILPT
27.46,27.46,27.46,27.46,349,2021-08-27 19:09:00,ILPT
27.47,27.47,27.47,27.47,100,2021-08-27 19:11:00,ILPT
27.47,27.47,27.46,27.46,300,2021-08-27 19:12:00,ILPT
27.44,27.4453,27.44,27.4453,724,2021-08-27 19:14:00,ILPT
27.45,27.45,27.45,27.45,400,2021-08-27 19:15:00,ILPT
27.42,27.435,27.42,27.435,420,2021-08-27 19:16:00,ILPT
27.44,27.45,27.44,27.45,400,2021-08-27 19:19:00,ILPT
27.45,27.47,27.45,27.46,600,2021-08-27 19:20:00,ILPT
27.475,27.49,27.475,27.49,200,2021-08-27 19:21:00,ILPT
27.475,27.49,27.475,27.4799,1200,2021-08-27 19:22:00,ILPT
27.49,27.49,27.49,27.49,200,2021-08-27 19:23:00,ILPT
27.495,27.495,27.47,27.47,800,2021-08-27 19:25:00,ILPT
27.47,27.47,27.46,27.46,600,2021-08-27 19:26:00,ILPT
27.4525,27.47,27.4525,27.47,647,2021-08-27 19:27:00,ILPT
27.45,27.45,27.42,27.42,428,2021-08-27 19:31:00,ILPT
27.42,27.42,27.42,27.42,600,2021-08-27 19:32:00,ILPT
27.42,27.42,27.412,27.412,1106,2021-08-27 19:33:00,ILPT
27.42,27.42,27.4,27.4,800,2021-08-27 19:34:00,ILPT
27.4,27.4,27.4,27.4,500,2021-08-27 19:35:00,ILPT
27.4,27.41,27.4,27.41,650,2021-08-27 19:36:00,ILPT
27.41,27.41,27.41,27.41,100,2021-08-27 19:37:00,ILPT
27.4,27.4,27.38,27.38,200,2021-08-27 19:38:00,ILPT
27.39,27.39,27.39,27.39,100,2021-08-27 19:40:00,ILPT
27.39,27.39,27.39,27.39,300,2021-08-27 19:41:00,ILPT
27.38,27.39,27.38,27.385,363,2021-08-27 19:42:00,ILPT
27.39,27.4,27.38,27.38,1700,2021-08-27 19:43:00,ILPT
27.39,27.4012,27.385,27.4012,700,2021-08-27 19:45:00,ILPT
27.4,27.41,27.4,27.41,200,2021-08-27 19:46:00,ILPT
27.42,27.42,27.42,27.42,200,2021-08-27 19:47:00,ILPT
27.42,27.42,27.4,27.4,600,2021-08-27 19:49:00,ILPT
27.41,27.42,27.41,27.41,1183,2021-08-27 19:50:00,ILPT
27.42,27.42,27.4,27.42,801,2021-08-27 19:51:00,ILPT
27.41,27.41,27.41,27.41,100,2021-08-27 19:52:00,ILPT
27.43,27.43,27.4,27.4,3437,2021-08-27 19:54:00,ILPT
27.42,27.42,27.42,27.42,100,2021-08-27 19:55:00,ILPT
27.42,27.44,27.42,27.44,1417,2021-08-27 19:56:00,ILPT
27.44,27.44,27.4,27.4,1046,2021-08-27 19:57:00,ILPT
27.4,27.42,27.4,27.42,1430,2021-08-27 19:58:00,ILPT
27.415,27.43,27.38,27.38,2772,2021-08-27 19:59:00,ILPT
27.42,27.42,27.42,27.42,86457,2021-08-27 20:00:00,ILPT
27.42,27.42,27.42,27.42,749,2021-08-27 20:01:00,ILPT
27.42,27.42,27.42,27.42,294,2021-08-27 20:02:00,ILPT
27.4,27.4,27.36,27.36,4990,2021-08-30 13:30:00,ILPT
27.2201,27.2201,27.2201,27.2201,1450,2021-08-30 13:35:00,ILPT
27.263,27.263,27.263,27.263,256,2021-08-30 13:43:00,ILPT
27.25,27.25,27.25,27.25,100,2021-08-30 13:49:00,ILPT
27.25,27.28,27.23,27.28,631,2021-08-30 13:50:00,ILPT
27.29,27.29,27.29,27.29,100,2021-08-30 13:51:00,ILPT
27.27,27.27,27.27,27.27,500,2021-08-30 13:56:00,ILPT
27.3,27.3,27.3,27.3,200,2021-08-30 13:57:00,ILPT
27.34,27.34,27.34,27.34,100,2021-08-30 13:58:00,ILPT
27.34,27.34,27.34,27.34,778,2021-08-30 14:01:00,ILPT
27.34,27.34,27.34,27.34,198,2021-08-30 14:07:00,ILPT
27.34,27.34,27.3344,27.3344,600,2021-08-30 14:13:00,ILPT
27.31,27.31,27.31,27.31,102,2021-08-30 14:14:00,ILPT
27.33,27.37,27.33,27.37,200,2021-08-30 14:15:00,ILPT
27.35,27.35,27.35,27.35,100,2021-08-30 14:19:00,ILPT
27.35,27.4,27.35,27.37,873,2021-08-30 14:21:00,ILPT
27.32,27.32,27.3,27.305,1500,2021-08-30 14:22:00,ILPT
27.3,27.3,27.3,27.3,100,2021-08-30 14:24:00,ILPT
27.3,27.3,27.29,27.29,300,2021-08-30 14:27:00,ILPT
27.27,27.27,27.27,27.27,200,2021-08-30 14:32:00,ILPT
27.305,27.305,27.28,27.285,300,2021-08-30 14:35:00,ILPT
27.29,27.29,27.29,27.29,524,2021-08-30 14:37:00,ILPT
27.27,27.28,27.27,27.28,12493,2021-08-30 14:41:00,ILPT
27.285,27.3,27.285,27.29,1751,2021-08-30 14:42:00,ILPT
27.295,27.295,27.295,27.295,400,2021-08-30 14:43:00,ILPT
27.28,27.28,27.28,27.28,552,2021-08-30 14:44:00,ILPT
27.28,27.28,27.24,27.27,1767,2021-08-30 14:45:00,ILPT
27.28,27.28,27.25,27.25,600,2021-08-30 14:46:00,ILPT
27.29,27.29,27.26,27.26,659,2021-08-30 14:47:00,ILPT
27.275,27.29,27.27,27.28,17200,2021-08-30 14:48:00,ILPT
27.28,27.31,27.28,27.31,800,2021-08-30 14:49:00,ILPT
27.31,27.31,27.29,27.29,400,2021-08-30 14:50:00,ILPT
27.31,27.31,27.31,27.31,110,2021-08-30 14:51:00,ILPT
27.31,27.31,27.27,27.27,200,2021-08-30 14:52:00,ILPT
27.31,27.31,27.281,27.281,1273,2021-08-30 14:53:00,ILPT
27.27,27.27,27.25,27.25,700,2021-08-30 14:57:00,ILPT
27.25,27.25,27.25,27.25,100,2021-08-30 14:58:00,ILPT
27.25,27.25,27.25,27.25,3216,2021-08-30 14:59:00,ILPT
27.245,27.25,27.24,27.24,1583,2021-08-30 15:02:00,ILPT
27.25,27.255,27.25,27.255,25400,2021-08-30 15:03:00,ILPT
27.265,27.275,27.26,27.27,631,2021-08-30 15:06:00,ILPT
27.25,27.25,27.25,27.25,200,2021-08-30 15:07:00,ILPT
27.24,27.24,27.24,27.24,200,2021-08-30 15:10:00,ILPT
27.265,27.265,27.265,27.265,100,2021-08-30 15:14:00,ILPT
27.25,27.25,27.25,27.25,100,2021-08-30 15:15:00,ILPT
27.29,27.29,27.28,27.28,1300,2021-08-30 15:19:00,ILPT
27.27,27.27,27.27,27.27,100,2021-08-30 15:20:00,ILPT
27.28,27.28,27.27,27.27,400,2021-08-30 15:26:00,ILPT
27.27,27.27,27.27,27.27,100,2021-08-30 15:27:00,ILPT
27.265,27.265,27.265,27.265,300,2021-08-30 15:28:00,ILPT
27.265,27.285,27.265,27.285,347,2021-08-30 15:30:00,ILPT
27.25,27.25,27.25,27.25,100,2021-08-30 15:31:00,ILPT
27.27,27.27,27.26,27.26,300,2021-08-30 15:34:00,ILPT
27.2822,27.2822,27.2822,27.2822,200,2021-08-30 15:35:00,ILPT
27.21,27.22,27.21,27.22,200,2021-08-30 15:39:00,ILPT
27.2,27.225,27.2,27.225,1828,2021-08-30 15:41:00,ILPT
27.22,27.24,27.22,27.24,600,2021-08-30 15:42:00,ILPT
27.2,27.2,27.2,27.2,100,2021-08-30 15:44:00,ILPT
27.18,27.18,27.18,27.18,100,2021-08-30 15:45:00,ILPT
27.19,27.19,27.19,27.19,200,2021-08-30 15:49:00,ILPT
27.1501,27.1501,27.1501,27.1501,1000,2021-08-30 15:50:00,ILPT
27.17,27.18,27.17,27.18,300,2021-08-30 15:59:00,ILPT
27.19,27.19,27.19,27.19,100,2021-08-30 16:01:00,ILPT
27.1858,27.1858,27.1858,27.1858,120,2021-08-30 16:05:00,ILPT
27.21,27.21,27.2,27.2,3865,2021-08-30 16:07:00,ILPT
27.205,27.205,27.205,27.205,100,2021-08-30 16:14:00,ILPT
27.2,27.2,27.2,27.2,100,2021-08-30 16:16:00,ILPT
27.2,27.2,27.2,27.2,100,2021-08-30 16:17:00,ILPT
27.18,27.18,27.18,27.18,100,2021-08-30 16:22:00,ILPT
27.19,27.19,27.19,27.19,600,2021-08-30 16:23:00,ILPT
27.18,27.18,27.18,27.18,100,2021-08-30 16:26:00,ILPT
27.19,27.19,27.19,27.19,100,2021-08-30 16:27:00,ILPT
27.19,27.19,27.18,27.18,601,2021-08-30 16:33:00,ILPT
27.19,27.19,27.19,27.19,150,2021-08-30 16:35:00,ILPT
27.17,27.17,27.17,27.17,100,2021-08-30 16:36:00,ILPT
27.17,27.17,27.17,27.17,200,2021-08-30 16:39:00,ILPT
27.16,27.16,27.15,27.15,10600,2021-08-30 16:42:00,ILPT
27.17,27.19,27.17,27.19,700,2021-08-30 16:43:00,ILPT
27.18,27.19,27.18,27.19,700,2021-08-30 16:44:00,ILPT
27.2,27.2,27.2,27.2,300,2021-08-30 16:45:00,ILPT
27.2,27.2,27.2,27.2,100,2021-08-30 16:46:00,ILPT
27.1959,27.1959,27.1959,27.1959,200,2021-08-30 16:50:00,ILPT
27.1901,27.1901,27.185,27.185,400,2021-08-30 16:53:00,ILPT
27.18,27.18,27.18,27.18,100,2021-08-30 16:54:00,ILPT
27.18,27.18,27.17,27.17,200,2021-08-30 16:56:00,ILPT
27.19,27.19,27.19,27.19,651,2021-08-30 16:58:00,ILPT
27.2,27.2,27.2,27.2,100,2021-08-30 17:00:00,ILPT
27.2,27.2,27.2,27.2,100,2021-08-30 17:01:00,ILPT
27.185,27.185,27.17,27.17,1400,2021-08-30 17:02:00,ILPT
27.18,27.19,27.18,27.19,724,2021-08-30 17:03:00,ILPT
27.2,27.2,27.2,27.2,200,2021-08-30 17:04:00,ILPT
27.17,27.17,27.17,27.17,200,2021-08-30 17:09:00,ILPT
27.18,27.18,27.18,27.18,100,2021-08-30 17:11:00,ILPT
27.1501,27.1501,27.1501,27.1501,1308,2021-08-30 17:13:00,ILPT
27.18,27.18,27.18,27.18,100,2021-08-30 17:14:00,ILPT
27.19,27.19,27.18,27.18,733,2021-08-30 17:15:00,ILPT
27.2,27.2,27.2,27.2,200,2021-08-30 17:16:00,ILPT
27.16,27.16,27.16,27.16,300,2021-08-30 17:23:00,ILPT
27.18,27.18,27.18,27.18,100,2021-08-30 17:24:00,ILPT
27.16,27.1678,27.16,27.1678,835,2021-08-30 17:25:00,ILPT
27.15,27.18,27.15,27.1516,1069,2021-08-30 17:26:00,ILPT
27.18,27.18,27.18,27.18,100,2021-08-30 17:27:00,ILPT
27.18,27.18,27.18,27.18,100,2021-08-30 17:28:00,ILPT
27.15,27.16,27.15,27.16,300,2021-08-30 17:31:00,ILPT
27.19,27.19,27.19,27.19,100,2021-08-30 17:32:00,ILPT
27.17,27.17,27.17,27.17,300,2021-08-30 17:35:00,ILPT
27.19,27.19,27.19,27.19,600,2021-08-30 17:36:00,ILPT
27.19,27.2,27.18,27.2,400,2021-08-30 17:37:00,ILPT
27.2,27.2,27.2,27.2,375,2021-08-30 17:38:00,ILPT
27.2,27.2,27.2,27.2,100,2021-08-30 17:39:00,ILPT
27.19,27.19,27.19,27.19,384,2021-08-30 17:40:00,ILPT
27.2,27.2,27.2,27.2,300,2021-08-30 17:41:00,ILPT
27.2,27.2,27.2,27.2,100,2021-08-30 17:42:00,ILPT
27.195,27.195,27.195,27.195,100,2021-08-30 17:44:00,ILPT
27.2,27.2,27.2,27.2,187,2021-08-30 17:47:00,ILPT
27.19,27.2,27.19,27.195,400,2021-08-30 17:48:00,ILPT
27.2,27.2,27.2,27.2,100,2021-08-30 17:50:00,ILPT
27.2,27.22,27.2,27.2,700,2021-08-30 17:53:00,ILPT
27.2,27.2,27.2,27.2,100,2021-08-30 17:54:00,ILPT
27.2,27.2,27.2,27.2,400,2021-08-30 17:55:00,ILPT
27.22,27.22,27.21,27.21,1000,2021-08-30 17:56:00,ILPT
27.205,27.21,27.205,27.205,1900,2021-08-30 17:58:00,ILPT
27.205,27.205,27.205,27.205,200,2021-08-30 17:59:00,ILPT
27.2,27.2,27.2,27.2,200,2021-08-30 18:00:00,ILPT
27.2,27.2,27.19,27.19,731,2021-08-30 18:01:00,ILPT
27.2,27.2,27.2,27.2,300,2021-08-30 18:02:00,ILPT
27.21,27.215,27.2,27.215,1842,2021-08-30 18:03:00,ILPT
27.215,27.215,27.215,27.215,100,2021-08-30 18:04:00,ILPT
27.205,27.215,27.205,27.215,300,2021-08-30 18:05:00,ILPT
27.215,27.23,27.21,27.21,1450,2021-08-30 18:10:00,ILPT
27.215,27.215,27.215,27.215,100,2021-08-30 18:13:00,ILPT
27.22,27.22,27.2,27.2,600,2021-08-30 18:16:00,ILPT
27.2,27.21,27.2,27.21,1369,2021-08-30 18:17:00,ILPT
27.2,27.2,27.2,27.2,200,2021-08-30 18:18:00,ILPT
27.2,27.2,27.19,27.19,240,2021-08-30 18:19:00,ILPT
27.1928,27.1999,27.1928,27.1999,245,2021-08-30 18:20:00,ILPT
27.2,27.2,27.19,27.2,300,2021-08-30 18:21:00,ILPT
27.18,27.18,27.18,27.18,100,2021-08-30 18:24:00,ILPT
27.19,27.19,27.19,27.19,100,2021-08-30 18:25:00,ILPT
27.18,27.18,27.18,27.18,100,2021-08-30 18:27:00,ILPT
27.1769,27.18,27.1769,27.18,426,2021-08-30 18:28:00,ILPT
27.19,27.19,27.19,27.19,100,2021-08-30 18:29:00,ILPT
27.175,27.175,27.17,27.17,281,2021-08-30 18:31:00,ILPT
27.18,27.19,27.18,27.19,470,2021-08-30 18:32:00,ILPT
27.19,27.19,27.19,27.19,300,2021-08-30 18:33:00,ILPT
27.2,27.2,27.2,27.2,100,2021-08-30 18:37:00,ILPT
27.18,27.18,27.175,27.175,200,2021-08-30 18:41:00,ILPT
27.17,27.17,27.17,27.17,300,2021-08-30 18:43:00,ILPT
27.17,27.17,27.17,27.17,100,2021-08-30 18:44:00,ILPT
27.17,27.18,27.17,27.18,200,2021-08-30 18:45:00,ILPT
27.19,27.19,27.19,27.19,100,2021-08-30 18:46:00,ILPT
27.175,27.175,27.175,27.175,100,2021-08-30 18:47:00,ILPT
27.175,27.175,27.175,27.175,400,2021-08-30 18:48:00,ILPT
27.19,27.19,27.19,27.19,100,2021-08-30 18:49:00,ILPT
27.18,27.185,27.1734,27.18,10290,2021-08-30 18:54:00,ILPT
27.189,27.19,27.189,27.19,5300,2021-08-30 18:55:00,ILPT
27.185,27.2,27.1704,27.2,10100,2021-08-30 18:56:00,ILPT
27.2,27.2,27.2,27.2,200,2021-08-30 18:57:00,ILPT
27.2,27.2,27.2,27.2,100,2021-08-30 18:58:00,ILPT
27.2,27.21,27.195,27.2,10860,2021-08-30 18:59:00,ILPT
27.2,27.2,27.2,27.2,800,2021-08-30 19:00:00,ILPT
27.21,27.21,27.21,27.21,163,2021-08-30 19:01:00,ILPT
27.2009,27.22,27.2009,27.22,500,2021-08-30 19:02:00,ILPT
27.22,27.22,27.205,27.205,800,2021-08-30 19:04:00,ILPT
27.2,27.2,27.2,27.2,300,2021-08-30 19:07:00,ILPT
27.2089,27.2089,27.2089,27.2089,100,2021-08-30 19:08:00,ILPT
27.2,27.2,27.2,27.2,400,2021-08-30 19:09:00,ILPT
27.203,27.203,27.203,27.203,320,2021-08-30 19:10:00,ILPT
27.2,27.2,27.2,27.2,100,2021-08-30 19:11:00,ILPT
27.2,27.2,27.18,27.18,963,2021-08-30 19:12:00,ILPT
27.17,27.17,27.17,27.17,600,2021-08-30 19:13:00,ILPT
27.185,27.2,27.185,27.2,200,2021-08-30 19:14:00,ILPT
27.2,27.2,27.2,27.2,400,2021-08-30 19:15:00,ILPT
27.21,27.21,27.2,27.2,900,2021-08-30 19:16:00,ILPT
27.205,27.205,27.205,27.205,300,2021-08-30 19:17:00,ILPT
27.2,27.2,27.19,27.19,800,2021-08-30 19:19:00,ILPT
27.18,27.18,27.17,27.18,400,2021-08-30 19:20:00,ILPT
27.18,27.18,27.18,27.18,100,2021-08-30 19:22:00,ILPT
27.17,27.18,27.17,27.17,487,2021-08-30 19:23:00,ILPT
27.18,27.19,27.18,27.19,300,2021-08-30 19:24:00,ILPT
27.185,27.185,27.185,27.185,100,2021-08-30 19:25:00,ILPT
27.1879,27.1879,27.1879,27.1879,100,2021-08-30 19:26:00,ILPT
27.2,27.2,27.2,27.2,100,2021-08-30 19:27:00,ILPT
27.18,27.19,27.17,27.19,4200,2021-08-30 19:28:00,ILPT
27.19,27.19,27.19,27.19,100,2021-08-30 19:30:00,ILPT
27.19,27.19,27.19,27.19,100,2021-08-30 19:31:00,ILPT
27.1767,27.19,27.17,27.19,1781,2021-08-30 19:33:00,ILPT
27.19,27.2,27.19,27.2,911,2021-08-30 19:34:00,ILPT
27.195,27.195,27.195,27.195,100,2021-08-30 19:35:00,ILPT
27.195,27.195,27.195,27.195,300,2021-08-30 19:36:00,ILPT
27.195,27.195,27.185,27.19,2119,2021-08-30 19:37:00,ILPT
27.2,27.205,27.2,27.2,4300,2021-08-30 19:38:00,ILPT
27.205,27.205,27.205,27.205,200,2021-08-30 19:41:00,ILPT
27.208,27.21,27.208,27.21,2275,2021-08-30 19:42:00,ILPT
27.2011,27.25,27.2011,27.25,1630,2021-08-30 19:43:00,ILPT
27.25,27.25,27.22,27.22,805,2021-08-30 19:44:00,ILPT
27.23,27.235,27.23,27.235,300,2021-08-30 19:45:00,ILPT
27.235,27.235,27.23,27.23,400,2021-08-30 19:46:00,ILPT
27.24,27.24,27.21,27.21,1900,2021-08-30 19:47:00,ILPT
27.22,27.225,27.2,27.22,1800,2021-08-30 19:48:00,ILPT
27.22,27.22,27.22,27.22,1894,2021-08-30 19:49:00,ILPT
27.22,27.25,27.22,27.25,900,2021-08-30 19:50:00,ILPT
27.26,27.265,27.23,27.24,4754,2021-08-30 19:51:00,ILPT
27.23,27.23,27.22,27.23,5453,2021-08-30 19:52:00,ILPT
27.25,27.3,27.25,27.27,7776,2021-08-30 19:53:00,ILPT
27.26,27.28,27.24,27.26,7115,2021-08-30 19:54:00,ILPT
27.26,27.265,27.26,27.265,400,2021-08-30 19:55:00,ILPT
27.28,27.31,27.265,27.295,4116,2021-08-30 19:56:00,ILPT
27.3,27.3,27.26,27.27,3700,2021-08-30 19:57:00,ILPT
27.285,27.3,27.28,27.3,1724,2021-08-30 19:58:00,ILPT
27.31,27.35,27.28,27.32,7578,2021-08-30 19:59:00,ILPT
27.32,27.32,27.32,27.32,40048,2021-08-30 20:00:00,ILPT
27.32,27.32,27.32,27.32,805,2021-08-30 20:01:00,ILPT
27.32,27.32,27.32,27.32,504,2021-08-30 20:02:00,ILPT
27.93,27.93,27.93,27.93,143,2021-08-30 22:08:00,ILPT
27.39,27.39,27.39,27.39,6616,2021-08-31 13:30:00,ILPT
27.4,27.4,27.4,27.4,100,2021-08-31 13:32:00,ILPT
27.37,27.37,27.37,27.37,155,2021-08-31 13:34:00,ILPT
27.34,27.34,27.32,27.32,250,2021-08-31 13:35:00,ILPT
27.39,27.39,27.38,27.38,300,2021-08-31 13:36:00,ILPT
27.4,27.4,27.4,27.4,148,2021-08-31 13:37:00,ILPT
27.42,27.42,27.4,27.4,200,2021-08-31 13:38:00,ILPT
27.4,27.43,27.38,27.38,1500,2021-08-31 13:39:00,ILPT
27.4,27.4,27.4,27.4,200,2021-08-31 13:40:00,ILPT
27.4,27.4,27.39,27.39,754,2021-08-31 13:41:00,ILPT
27.3601,27.4,27.36,27.4,8200,2021-08-31 13:47:00,ILPT
27.41,27.41,27.39,27.4,800,2021-08-31 13:48:00,ILPT
27.38,27.4,27.35,27.4,8865,2021-08-31 13:49:00,ILPT
27.31,27.325,27.31,27.325,600,2021-08-31 13:50:00,ILPT
27.3,27.3,27.29,27.29,673,2021-08-31 13:51:00,ILPT
27.27,27.27,27.27,27.27,169,2021-08-31 13:52:00,ILPT
27.21,27.23,27.21,27.23,300,2021-08-31 13:56:00,ILPT
27.23,27.29,27.23,27.29,5800,2021-08-31 13:57:00,ILPT
27.29,27.31,27.25,27.25,2762,2021-08-31 13:58:00,ILPT
27.25,27.29,27.24,27.24,9474,2021-08-31 13:59:00,ILPT
27.25,27.3,27.25,27.28,10985,2021-08-31 14:00:00,ILPT
27.33,27.33,27.33,27.33,100,2021-08-31 14:01:00,ILPT
27.33,27.33,27.27,27.27,2200,2021-08-31 14:02:00,ILPT
27.27,27.2701,27.25,27.25,2833,2021-08-31 14:03:00,ILPT
27.25,27.29,27.23,27.29,5435,2021-08-31 14:04:00,ILPT
27.3,27.3,27.3,27.3,100,2021-08-31 14:05:00,ILPT
27.25,27.25,27.25,27.25,500,2021-08-31 14:06:00,ILPT
27.24,27.26,27.23,27.26,4230,2021-08-31 14:07:00,ILPT
27.275,27.275,27.25,27.25,800,2021-08-31 14:10:00,ILPT
27.27,27.28,27.26,27.28,513,2021-08-31 14:12:00,ILPT
27.28,27.28,27.27,27.28,400,2021-08-31 14:14:00,ILPT
27.26,27.26,27.26,27.26,100,2021-08-31 14:15:00,ILPT
27.26,27.29,27.26,27.29,1278,2021-08-31 14:17:00,ILPT
27.265,27.31,27.265,27.31,13339,2021-08-31 14:20:00,ILPT
27.28,27.28,27.26,27.26,500,2021-08-31 14:21:00,ILPT
27.26,27.28,27.26,27.28,700,2021-08-31 14:22:00,ILPT
27.28,27.29,27.28,27.29,1100,2021-08-31 14:23:00,ILPT
27.29,27.3,27.27,27.3,1179,2021-08-31 14:24:00,ILPT
27.32,27.32,27.305,27.305,300,2021-08-31 14:25:00,ILPT
27.28,27.33,27.28,27.315,881,2021-08-31 14:26:00,ILPT
27.315,27.315,27.315,27.315,100,2021-08-31 14:27:00,ILPT
27.315,27.315,27.315,27.315,200,2021-08-31 14:28:00,ILPT
27.35,27.35,27.35,27.35,100,2021-08-31 14:29:00,ILPT
27.32,27.32,27.22,27.27,10600,2021-08-31 14:30:00,ILPT
27.265,27.32,27.25,27.32,11400,2021-08-31 14:32:00,ILPT
27.32,27.32,27.32,27.32,100,2021-08-31 14:33:00,ILPT
27.36,27.36,27.36,27.36,100,2021-08-31 14:38:00,ILPT
27.4,27.4,27.4,27.4,875,2021-08-31 14:41:00,ILPT
27.36,27.38,27.36,27.38,500,2021-08-31 14:42:00,ILPT
27.39,27.39,27.35,27.35,1442,2021-08-31 14:43:00,ILPT
27.375,27.375,27.375,27.375,100,2021-08-31 14:44:00,ILPT
27.41,27.44,27.41,27.44,300,2021-08-31 14:45:00,ILPT
27.45,27.45,27.45,27.45,100,2021-08-31 14:48:00,ILPT
27.4203,27.4203,27.4203,27.4203,152,2021-08-31 14:49:00,ILPT
27.42,27.45,27.42,27.45,300,2021-08-31 14:50:00,ILPT
27.43,27.43,27.43,27.43,200,2021-08-31 14:51:00,ILPT
27.417,27.44,27.39,27.44,4963,2021-08-31 14:52:00,ILPT
27.4,27.4182,27.4,27.4,400,2021-08-31 14:54:00,ILPT
27.4,27.4,27.4,27.4,100,2021-08-31 14:55:00,ILPT
27.44,27.44,27.44,27.44,200,2021-08-31 14:56:00,ILPT
27.41,27.42,27.41,27.42,200,2021-08-31 14:58:00,ILPT
27.41,27.42,27.41,27.42,200,2021-08-31 14:59:00,ILPT
27.41,27.41,27.39,27.39,300,2021-08-31 15:02:00,ILPT
27.42,27.42,27.38,27.38,1326,2021-08-31 15:03:00,ILPT
27.395,27.395,27.395,27.395,125,2021-08-31 15:04:00,ILPT
27.38,27.38,27.38,27.38,300,2021-08-31 15:06:00,ILPT
27.38,27.38,27.37,27.37,700,2021-08-31 15:07:00,ILPT
27.36,27.36,27.36,27.36,100,2021-08-31 15:08:00,ILPT
27.36,27.36,27.35,27.35,700,2021-08-31 15:09:00,ILPT
27.33,27.35,27.32,27.32,634,2021-08-31 15:10:00,ILPT
27.34,27.34,27.34,27.34,622,2021-08-31 15:11:00,ILPT
27.3496,27.3496,27.3496,27.3496,500,2021-08-31 15:13:00,ILPT
27.34,27.35,27.32,27.32,2109,2021-08-31 15:15:00,ILPT
27.36,27.36,27.36,27.36,100,2021-08-31 15:16:00,ILPT
27.36,27.36,27.36,27.36,100,2021-08-31 15:17:00,ILPT
27.35,27.35,27.35,27.35,100,2021-08-31 15:18:00,ILPT
27.3514,27.3514,27.34,27.34,300,2021-08-31 15:20:00,ILPT
27.34,27.34,27.34,27.34,609,2021-08-31 15:21:00,ILPT
27.34,27.37,27.34,27.37,1427,2021-08-31 15:22:00,ILPT
27.37,27.37,27.34,27.34,500,2021-08-31 15:23:00,ILPT
27.34,27.34,27.34,27.34,100,2021-08-31 15:24:00,ILPT
27.355,27.355,27.355,27.355,100,2021-08-31 15:25:00,ILPT
27.36,27.37,27.36,27.36,500,2021-08-31 15:29:00,ILPT
27.37,27.395,27.37,27.395,1100,2021-08-31 15:31:00,ILPT
27.38,27.38,27.38,27.38,100,2021-08-31 15:32:00,ILPT
27.41,27.41,27.41,27.41,100,2021-08-31 15:34:00,ILPT
27.39,27.39,27.37,27.37,821,2021-08-31 15:37:00,ILPT
27.37,27.38,27.36,27.38,600,2021-08-31 15:38:00,ILPT
27.3752,27.3752,27.3752,27.3752,180,2021-08-31 15:39:00,ILPT
27.38,27.38,27.35,27.35,500,2021-08-31 15:42:00,ILPT
27.35,27.35,27.35,27.35,100,2021-08-31 15:43:00,ILPT
27.36,27.36,27.35,27.35,400,2021-08-31 15:44:00,ILPT
27.35,27.35,27.35,27.35,600,2021-08-31 15:45:00,ILPT
27.35,27.35,27.35,27.35,200,2021-08-31 15:46:00,ILPT
27.34,27.34,27.33,27.33,300,2021-08-31 15:47:00,ILPT
27.32,27.32,27.32,27.32,200,2021-08-31 15:48:00,ILPT
27.32,27.32,27.32,27.32,100,2021-08-31 15:49:00,ILPT
27.33,27.33,27.32,27.32,300,2021-08-31 15:50:00,ILPT
27.32,27.32,27.32,27.32,100,2021-08-31 15:51:00,ILPT
27.32,27.32,27.32,27.32,100,2021-08-31 15:52:00,ILPT
27.32,27.32,27.3,27.3,900,2021-08-31 15:53:00,ILPT
27.3,27.32,27.3,27.32,900,2021-08-31 15:54:00,ILPT
27.3,27.3,27.3,27.3,100,2021-08-31 15:55:00,ILPT
27.31,27.32,27.3,27.31,2301,2021-08-31 15:56:00,ILPT
27.32,27.32,27.32,27.32,400,2021-08-31 15:57:00,ILPT
27.32,27.32,27.32,27.32,100,2021-08-31 15:58:00,ILPT
27.32,27.32,27.29,27.31,2452,2021-08-31 16:04:00,ILPT
27.32,27.32,27.32,27.32,428,2021-08-31 16:05:00,ILPT
27.33,27.33,27.31,27.31,600,2021-08-31 16:08:00,ILPT
27.33,27.33,27.33,27.33,100,2021-08-31 16:09:00,ILPT
27.3363,27.3363,27.3363,27.3363,365,2021-08-31 16:10:00,ILPT
27.33,27.34,27.33,27.34,1170,2021-08-31 16:11:00,ILPT
27.32,27.3203,27.29,27.29,2000,2021-08-31 16:14:00,ILPT
27.29,27.31,27.29,27.31,200,2021-08-31 16:16:00,ILPT
27.31,27.31,27.3,27.31,600,2021-08-31 16:17:00,ILPT
27.29,27.29,27.29,27.29,200,2021-08-31 16:18:00,ILPT
27.31,27.31,27.3,27.3,1214,2021-08-31 16:19:00,ILPT
27.3,27.3,27.29,27.29,200,2021-08-31 16:20:00,ILPT
27.29,27.295,27.29,27.29,800,2021-08-31 16:21:00,ILPT
27.27,27.27,27.27,27.27,100,2021-08-31 16:22:00,ILPT
27.285,27.285,27.27,27.27,200,2021-08-31 16:23:00,ILPT
27.27,27.28,27.27,27.28,300,2021-08-31 16:24:00,ILPT
27.24,27.2828,27.24,27.25,300,2021-08-31 16:25:00,ILPT
27.29,27.29,27.27,27.29,1100,2021-08-31 16:26:00,ILPT
27.29,27.29,27.275,27.29,3319,2021-08-31 16:27:00,ILPT
27.29,27.29,27.29,27.29,300,2021-08-31 16:28:00,ILPT
27.2659,27.2659,27.2659,27.2659,202,2021-08-31 16:29:00,ILPT
27.265,27.265,27.265,27.265,100,2021-08-31 16:30:00,ILPT
27.25,27.25,27.25,27.25,100,2021-08-31 16:31:00,ILPT
27.22,27.22,27.22,27.22,100,2021-08-31 16:32:00,ILPT
27.21,27.21,27.21,27.21,200,2021-08-31 16:34:00,ILPT
27.25,27.26,27.25,27.26,1000,2021-08-31 16:35:00,ILPT
27.26,27.26,27.26,27.26,100,2021-08-31 16:36:00,ILPT
27.26,27.26,27.26,27.26,100,2021-08-31 16:37:00,ILPT
27.25,27.28,27.25,27.28,600,2021-08-31 16:43:00,ILPT
27.26,27.26,27.26,27.26,200,2021-08-31 16:45:00,ILPT
27.26,27.26,27.26,27.26,200,2021-08-31 16:46:00,ILPT
27.28,27.285,27.28,27.285,618,2021-08-31 16:47:00,ILPT
27.31,27.31,27.31,27.31,100,2021-08-31 16:51:00,ILPT
27.28,27.28,27.28,27.28,200,2021-08-31 16:56:00,ILPT
27.28,27.28,27.28,27.28,100,2021-08-31 16:57:00,ILPT
27.28,27.29,27.28,27.28,1300,2021-08-31 16:58:00,ILPT
27.29,27.305,27.29,27.305,1584,2021-08-31 16:59:00,ILPT
27.32,27.32,27.32,27.32,100,2021-08-31 17:00:00,ILPT
27.305,27.305,27.305,27.305,100,2021-08-31 17:01:00,ILPT
27.31,27.31,27.31,27.31,100,2021-08-31 17:02:00,ILPT
27.31,27.32,27.31,27.32,464,2021-08-31 17:04:00,ILPT
27.32,27.32,27.32,27.32,100,2021-08-31 17:05:00,ILPT
27.32,27.33,27.31,27.33,1825,2021-08-31 17:06:00,ILPT
27.33,27.33,27.33,27.33,100,2021-08-31 17:07:00,ILPT
27.32,27.32,27.31,27.31,836,2021-08-31 17:10:00,ILPT
27.32,27.32,27.32,27.32,100,2021-08-31 17:11:00,ILPT
27.32,27.32,27.32,27.32,100,2021-08-31 17:13:00,ILPT
27.32,27.32,27.31,27.32,300,2021-08-31 17:14:00,ILPT
27.33,27.35,27.32,27.35,1000,2021-08-31 17:15:00,ILPT
27.335,27.335,27.335,27.335,100,2021-08-31 17:16:00,ILPT
27.32,27.32,27.32,27.32,100,2021-08-31 17:25:00,ILPT
27.32,27.33,27.31,27.31,5699,2021-08-31 17:26:00,ILPT
27.33,27.36,27.31,27.33,1893,2021-08-31 17:27:00,ILPT
27.36,27.37,27.32,27.33,14790,2021-08-31 17:31:00,ILPT
27.32,27.35,27.32,27.32,14400,2021-08-31 17:33:00,ILPT
27.34,27.34,27.34,27.34,200,2021-08-31 17:37:00,ILPT
27.33,27.33,27.33,27.33,100,2021-08-31 17:39:00,ILPT
27.32,27.33,27.32,27.33,700,2021-08-31 17:40:00,ILPT
27.32,27.32,27.32,27.32,200,2021-08-31 17:41:00,ILPT
27.32,27.34,27.32,27.34,2474,2021-08-31 17:42:00,ILPT
27.34,27.3584,27.32,27.345,2323,2021-08-31 17:44:00,ILPT
27.34,27.34,27.34,27.34,100,2021-08-31 17:45:00,ILPT
27.32,27.325,27.32,27.32,600,2021-08-31 17:49:00,ILPT
27.33,27.33,27.32,27.325,500,2021-08-31 17:50:00,ILPT
27.33,27.33,27.32,27.32,500,2021-08-31 17:51:00,ILPT
27.33,27.33,27.32,27.32,3605,2021-08-31 17:52:00,ILPT
27.34,27.34,27.34,27.34,100,2021-08-31 17:54:00,ILPT
27.34,27.34,27.34,27.34,200,2021-08-31 17:55:00,ILPT
27.33,27.345,27.33,27.3369,500,2021-08-31 17:56:00,ILPT
27.34,27.34,27.32,27.34,500,2021-08-31 17:57:00,ILPT
27.345,27.345,27.345,27.345,100,2021-08-31 17:59:00,ILPT
27.33,27.33,27.33,27.33,300,2021-08-31 18:00:00,ILPT
27.32,27.32,27.32,27.32,100,2021-08-31 18:05:00,ILPT
27.32,27.32,27.32,27.32,800,2021-08-31 18:06:00,ILPT
27.32,27.33,27.32,27.32,800,2021-08-31 18:07:00,ILPT
27.32,27.33,27.31,27.33,850,2021-08-31 18:08:00,ILPT
27.32,27.32,27.32,27.32,100,2021-08-31 18:09:00,ILPT
27.33,27.35,27.31,27.35,1148,2021-08-31 18:10:00,ILPT
27.3101,27.3101,27.3101,27.3101,100,2021-08-31 18:12:00,ILPT
27.34,27.34,27.31,27.31,900,2021-08-31 18:15:00,ILPT
27.36,27.36,27.345,27.345,200,2021-08-31 18:16:00,ILPT
27.34,27.34,27.33,27.33,400,2021-08-31 18:18:00,ILPT
27.33,27.33,27.33,27.33,300,2021-08-31 18:19:00,ILPT
27.3399,27.34,27.3399,27.34,1485,2021-08-31 18:20:00,ILPT
27.37,27.37,27.35,27.365,1680,2021-08-31 18:22:00,ILPT
27.36,27.36,27.36,27.36,200,2021-08-31 18:23:00,ILPT
27.36,27.36,27.36,27.36,214,2021-08-31 18:26:00,ILPT
27.36,27.36,27.35,27.36,700,2021-08-31 18:29:00,ILPT
27.36,27.36,27.36,27.36,200,2021-08-31 18:30:00,ILPT
27.3535,27.3535,27.35,27.35,1199,2021-08-31 18:31:00,ILPT
27.36,27.36,27.34,27.34,350,2021-08-31 18:35:00,ILPT
27.34,27.34,27.34,27.34,100,2021-08-31 18:37:00,ILPT
27.34,27.35,27.34,27.35,200,2021-08-31 18:38:00,ILPT
27.34,27.34,27.34,27.34,100,2021-08-31 18:39:00,ILPT
27.34,27.34,27.34,27.34,100,2021-08-31 18:40:00,ILPT
27.34,27.35,27.34,27.34,500,2021-08-31 18:41:00,ILPT
27.34,27.34,27.34,27.34,100,2021-08-31 18:42:00,ILPT
27.34,27.34,27.34,27.34,200,2021-08-31 18:43:00,ILPT
27.33,27.33,27.33,27.33,100,2021-08-31 18:44:00,ILPT
27.35,27.35,27.33,27.33,200,2021-08-31 18:45:00,ILPT
27.33,27.33,27.33,27.33,200,2021-08-31 18:46:00,ILPT
27.33,27.33,27.32,27.32,400,2021-08-31 18:48:00,ILPT
27.34,27.34,27.34,27.34,383,2021-08-31 18:49:00,ILPT
27.33,27.34,27.33,27.34,500,2021-08-31 18:50:00,ILPT
27.3339,27.34,27.3339,27.34,2969,2021-08-31 18:51:00,ILPT
27.33,27.33,27.33,27.33,100,2021-08-31 18:53:00,ILPT
27.315,27.33,27.314,27.33,952,2021-08-31 18:54:00,ILPT
27.32,27.34,27.32,27.34,18075,2021-08-31 18:56:00,ILPT
27.33,27.33,27.33,27.33,100,2021-08-31 18:57:00,ILPT
27.34,27.34,27.34,27.34,100,2021-08-31 18:58:00,ILPT
27.33,27.33,27.33,27.33,200,2021-08-31 18:59:00,ILPT
27.33,27.35,27.33,27.35,500,2021-08-31 19:00:00,ILPT
27.35,27.36,27.35,27.36,521,2021-08-31 19:03:00,ILPT
27.359,27.36,27.359,27.36,200,2021-08-31 19:05:00,ILPT
27.37,27.37,27.37,27.37,100,2021-08-31 19:08:00,ILPT
27.36,27.36,27.36,27.36,200,2021-08-31 19:10:00,ILPT
27.36,27.37,27.35,27.35,350,2021-08-31 19:11:00,ILPT
27.36,27.36,27.36,27.36,100,2021-08-31 19:12:00,ILPT
27.36,27.38,27.36,27.36,978,2021-08-31 19:13:00,ILPT
27.37,27.38,27.36,27.36,500,2021-08-31 19:14:00,ILPT
27.37,27.39,27.37,27.39,454,2021-08-31 19:15:00,ILPT
27.38,27.39,27.38,27.385,800,2021-08-31 19:16:00,ILPT
27.37,27.37,27.37,27.37,100,2021-08-31 19:17:00,ILPT
27.4,27.4,27.376,27.4,363,2021-08-31 19:18:00,ILPT
27.39,27.4,27.39,27.4,702,2021-08-31 19:20:00,ILPT
27.4,27.42,27.4,27.4,2561,2021-08-31 19:21:00,ILPT
27.39,27.39,27.39,27.39,100,2021-08-31 19:23:00,ILPT
27.38,27.38,27.37,27.37,700,2021-08-31 19:24:00,ILPT
27.39,27.4,27.39,27.4,400,2021-08-31 19:25:00,ILPT
27.41,27.41,27.41,27.41,900,2021-08-31 19:26:00,ILPT
27.445,27.445,27.445,27.445,200,2021-08-31 19:27:00,ILPT
27.45,27.45,27.45,27.45,200,2021-08-31 19:29:00,ILPT
27.44,27.44,27.44,27.44,300,2021-08-31 19:30:00,ILPT
27.42,27.42,27.42,27.42,200,2021-08-31 19:31:00,ILPT
27.44,27.44,27.42,27.42,300,2021-08-31 19:32:00,ILPT
27.44,27.44,27.43,27.44,1177,2021-08-31 19:33:00,ILPT
27.44,27.45,27.44,27.45,901,2021-08-31 19:34:00,ILPT
27.45,27.45,27.42,27.42,1320,2021-08-31 19:35:00,ILPT
27.43,27.44,27.42,27.43,1000,2021-08-31 19:37:00,ILPT
27.43,27.43,27.43,27.43,200,2021-08-31 19:38:00,ILPT
27.42,27.44,27.42,27.44,706,2021-08-31 19:39:00,ILPT
27.43,27.43,27.43,27.43,100,2021-08-31 19:40:00,ILPT
27.42,27.42,27.42,27.42,606,2021-08-31 19:41:00,ILPT
27.4,27.4,27.39,27.39,500,2021-08-31 19:42:00,ILPT
27.38,27.4,27.38,27.4,600,2021-08-31 19:43:00,ILPT
27.41,27.41,27.41,27.41,300,2021-08-31 19:44:00,ILPT
27.4,27.4,27.4,27.4,400,2021-08-31 19:45:00,ILPT
27.4,27.4,27.39,27.39,800,2021-08-31 19:46:00,ILPT
27.39,27.4,27.39,27.4,1649,2021-08-31 19:47:00,ILPT
27.4,27.4,27.39,27.4,1349,2021-08-31 19:48:00,ILPT
27.41,27.41,27.39,27.39,400,2021-08-31 19:49:00,ILPT
27.38,27.38,27.365,27.37,1293,2021-08-31 19:50:00,ILPT
27.38,27.39,27.37,27.39,800,2021-08-31 19:51:00,ILPT
27.38,27.38,27.37,27.37,629,2021-08-31 19:52:00,ILPT
27.37,27.39,27.36,27.39,1509,2021-08-31 19:53:00,ILPT
27.39,27.43,27.39,27.4,6531,2021-08-31 19:54:00,ILPT
27.39,27.41,27.39,27.4,2861,2021-08-31 19:55:00,ILPT
27.4,27.41,27.395,27.395,3947,2021-08-31 19:56:00,ILPT
27.395,27.42,27.395,27.42,1500,2021-08-31 19:57:00,ILPT
27.42,27.44,27.41,27.44,2000,2021-08-31 19:58:00,ILPT
27.42,27.44,27.39,27.43,8303,2021-08-31 19:59:00,ILPT
27.43,27.43,27.43,27.43,72275,2021-08-31 20:00:00,ILPT
27.43,27.43,27.43,27.43,536,2021-08-31 20:02:00,ILPT
27.5,27.6,27.48,27.6,7444,2021-09-01 13:30:00,ILPT
27.54,27.6,27.54,27.6,598,2021-09-01 13:31:00,ILPT
27.62,27.62,27.62,27.62,200,2021-09-01 13:32:00,ILPT
27.62,27.62,27.62,27.62,200,2021-09-01 13:34:00,ILPT
27.53,27.53,27.53,27.53,100,2021-09-01 13:35:00,ILPT
27.52,27.52,27.52,27.52,300,2021-09-01 13:36:00,ILPT
27.49,27.49,27.49,27.49,200,2021-09-01 13:37:00,ILPT
27.52,27.52,27.52,27.52,100,2021-09-01 13:38:00,ILPT
27.48,27.49,27.48,27.49,200,2021-09-01 13:40:00,ILPT
27.52,27.52,27.52,27.52,200,2021-09-01 13:42:00,ILPT
27.52,27.52,27.52,27.52,100,2021-09-01 13:44:00,ILPT
27.49,27.51,27.49,27.51,600,2021-09-01 13:46:00,ILPT
27.461,27.5,27.461,27.5,300,2021-09-01 13:47:00,ILPT
27.46,27.47,27.46,27.47,300,2021-09-01 13:50:00,ILPT
27.53,27.53,27.52,27.53,300,2021-09-01 13:52:00,ILPT
27.56,27.57,27.56,27.57,300,2021-09-01 13:53:00,ILPT
27.58,27.58,27.55,27.55,200,2021-09-01 13:54:00,ILPT
27.54,27.54,27.54,27.54,100,2021-09-01 13:55:00,ILPT
27.53,27.53,27.53,27.53,100,2021-09-01 13:56:00,ILPT
27.55,27.61,27.55,27.61,297,2021-09-01 14:01:00,ILPT
27.64,27.6433,27.635,27.6433,345,2021-09-01 14:03:00,ILPT
27.64,27.69,27.64,27.69,3400,2021-09-01 14:04:00,ILPT
27.64,27.67,27.64,27.67,300,2021-09-01 14:05:00,ILPT
27.65,27.65,27.6,27.63,2800,2021-09-01 14:06:00,ILPT
27.59,27.59,27.59,27.59,200,2021-09-01 14:07:00,ILPT
27.6028,27.6029,27.57,27.57,400,2021-09-01 14:08:00,ILPT
27.579,27.58,27.55,27.55,900,2021-09-01 14:09:00,ILPT
27.5363,27.5363,27.53,27.53,401,2021-09-01 14:10:00,ILPT
27.5001,27.5001,27.47,27.47,402,2021-09-01 14:14:00,ILPT
27.45,27.45,27.45,27.45,100,2021-09-01 14:16:00,ILPT
27.48,27.48,27.48,27.48,100,2021-09-01 14:17:00,ILPT
27.52,27.535,27.49,27.53,1394,2021-09-01 14:19:00,ILPT
27.48,27.48,27.47,27.48,389,2021-09-01 14:20:00,ILPT
27.495,27.5,27.495,27.5,200,2021-09-01 14:21:00,ILPT
27.497,27.497,27.497,27.497,150,2021-09-01 14:25:00,ILPT
27.52,27.52,27.52,27.52,200,2021-09-01 14:26:00,ILPT
27.5,27.52,27.49,27.49,3250,2021-09-01 14:27:00,ILPT
27.51,27.51,27.51,27.51,100,2021-09-01 14:28:00,ILPT
27.52,27.52,27.52,27.52,100,2021-09-01 14:29:00,ILPT
27.49,27.5,27.49,27.5,419,2021-09-01 14:30:00,ILPT
27.55,27.55,27.55,27.55,100,2021-09-01 14:32:00,ILPT
27.55,27.6,27.55,27.6,700,2021-09-01 14:33:00,ILPT
27.58,27.58,27.54,27.54,300,2021-09-01 14:34:00,ILPT
27.52,27.54,27.51,27.51,500,2021-09-01 14:35:00,ILPT
27.5,27.52,27.5,27.5,400,2021-09-01 14:38:00,ILPT
27.5,27.505,27.5,27.505,800,2021-09-01 14:40:00,ILPT
27.505,27.505,27.505,27.505,100,2021-09-01 14:41:00,ILPT
27.51,27.51,27.51,27.51,200,2021-09-01 14:44:00,ILPT
27.53,27.53,27.53,27.53,100,2021-09-01 14:45:00,ILPT
27.5303,27.55,27.5303,27.55,600,2021-09-01 14:46:00,ILPT
27.543,27.56,27.53,27.56,2350,2021-09-01 14:47:00,ILPT
27.56,27.56,27.54,27.54,523,2021-09-01 14:48:00,ILPT
27.54,27.54,27.54,27.54,100,2021-09-01 14:49:00,ILPT
27.54,27.54,27.54,27.54,100,2021-09-01 14:50:00,ILPT
27.52,27.52,27.515,27.515,309,2021-09-01 14:51:00,ILPT
27.51,27.53,27.51,27.53,500,2021-09-01 14:52:00,ILPT
27.53,27.55,27.53,27.55,200,2021-09-01 14:53:00,ILPT
27.55,27.55,27.55,27.55,100,2021-09-01 14:54:00,ILPT
27.57,27.58,27.57,27.57,900,2021-09-01 14:55:00,ILPT
27.57,27.57,27.57,27.57,100,2021-09-01 14:56:00,ILPT
27.57,27.57,27.57,27.57,100,2021-09-01 14:57:00,ILPT
27.54,27.54,27.54,27.54,100,2021-09-01 14:58:00,ILPT
27.5209,27.5209,27.51,27.51,600,2021-09-01 15:00:00,ILPT
27.53,27.53,27.53,27.53,200,2021-09-01 15:02:00,ILPT
27.5213,27.5213,27.515,27.515,1200,2021-09-01 15:03:00,ILPT
27.53,27.53,27.53,27.53,300,2021-09-01 15:04:00,ILPT
27.54,27.54,27.54,27.54,100,2021-09-01 15:05:00,ILPT
27.55,27.56,27.55,27.55,898,2021-09-01 15:06:00,ILPT
27.56,27.57,27.56,27.57,600,2021-09-01 15:07:00,ILPT
27.57,27.57,27.57,27.57,100,2021-09-01 15:08:00,ILPT
27.58,27.6,27.58,27.6,200,2021-09-01 15:10:00,ILPT
27.57,27.57,27.545,27.545,600,2021-09-01 15:11:00,ILPT
27.56,27.56,27.55,27.55,1117,2021-09-01 15:12:00,ILPT
27.54,27.54,27.51,27.51,700,2021-09-01 15:13:00,ILPT
27.53,27.53,27.53,27.53,100,2021-09-01 15:16:00,ILPT
27.53,27.53,27.515,27.515,300,2021-09-01 15:17:00,ILPT
27.515,27.515,27.515,27.515,100,2021-09-01 15:19:00,ILPT
27.52,27.52,27.52,27.52,100,2021-09-01 15:20:00,ILPT
27.51,27.51,27.46,27.48,1420,2021-09-01 15:21:00,ILPT
27.5,27.51,27.5,27.5,800,2021-09-01 15:23:00,ILPT
27.52,27.56,27.52,27.56,600,2021-09-01 15:24:00,ILPT
27.56,27.56,27.56,27.56,100,2021-09-01 15:25:00,ILPT
27.59,27.59,27.58,27.58,200,2021-09-01 15:26:00,ILPT
27.59,27.59,27.59,27.59,100,2021-09-01 15:28:00,ILPT
27.58,27.6,27.58,27.6,200,2021-09-01 15:29:00,ILPT
27.5928,27.5928,27.58,27.58,245,2021-09-01 15:30:00,ILPT
27.61,27.61,27.56,27.57,700,2021-09-01 15:31:00,ILPT
27.58,27.59,27.56,27.57,600,2021-09-01 15:32:00,ILPT
27.59,27.61,27.59,27.61,752,2021-09-01 15:33:00,ILPT
27.61,27.61,27.61,27.61,100,2021-09-01 15:34:00,ILPT
27.61,27.61,27.595,27.595,500,2021-09-01 15:35:00,ILPT
27.61,27.61,27.59,27.61,1000,2021-09-01 15:36:00,ILPT
27.6,27.6,27.58,27.58,900,2021-09-01 15:37:00,ILPT
27.61,27.61,27.61,27.61,400,2021-09-01 15:38:00,ILPT
27.61,27.62,27.61,27.62,551,2021-09-01 15:39:00,ILPT
27.61,27.61,27.61,27.61,100,2021-09-01 15:43:00,ILPT
27.6,27.6,27.595,27.595,322,2021-09-01 15:44:00,ILPT
27.59,27.61,27.59,27.61,200,2021-09-01 15:45:00,ILPT
27.6,27.6,27.6,27.6,100,2021-09-01 15:46:00,ILPT
27.61,27.61,27.61,27.61,100,2021-09-01 15:47:00,ILPT
27.59,27.6,27.59,27.6,200,2021-09-01 15:48:00,ILPT
27.61,27.61,27.56,27.58,2943,2021-09-01 15:50:00,ILPT
27.59,27.59,27.59,27.59,100,2021-09-01 15:51:00,ILPT
27.59,27.59,27.59,27.59,100,2021-09-01 15:55:00,ILPT
27.6,27.6,27.6,27.6,100,2021-09-01 15:56:00,ILPT
27.61,27.61,27.6,27.61,1384,2021-09-01 15:57:00,ILPT
27.6,27.6,27.6,27.6,100,2021-09-01 15:58:00,ILPT
27.59,27.59,27.5789,27.5789,1500,2021-09-01 15:59:00,ILPT
27.59,27.595,27.57,27.57,400,2021-09-01 16:01:00,ILPT
27.57,27.57,27.57,27.57,100,2021-09-01 16:03:00,ILPT
27.58,27.58,27.58,27.58,100,2021-09-01 16:04:00,ILPT
27.59,27.59,27.59,27.59,100,2021-09-01 16:05:00,ILPT
27.59,27.59,27.59,27.59,200,2021-09-01 16:06:00,ILPT
27.595,27.61,27.59,27.61,300,2021-09-01 16:07:00,ILPT
27.61,27.61,27.61,27.61,900,2021-09-01 16:08:00,ILPT
27.61,27.61,27.61,27.61,749,2021-09-01 16:09:00,ILPT
27.61,27.61,27.61,27.61,100,2021-09-01 16:11:00,ILPT
27.605,27.605,27.605,27.605,305,2021-09-01 16:12:00,ILPT
27.605,27.61,27.605,27.61,200,2021-09-01 16:13:00,ILPT
27.6,27.6,27.6,27.6,300,2021-09-01 16:14:00,ILPT
27.6,27.6,27.6,27.6,100,2021-09-01 16:18:00,ILPT
27.6,27.6,27.6,27.6,100,2021-09-01 16:19:00,ILPT
27.6,27.6,27.6,27.6,500,2021-09-01 16:20:00,ILPT
27.61,27.61,27.61,27.61,100,2021-09-01 16:21:00,ILPT
27.61,27.61,27.61,27.61,600,2021-09-01 16:23:00,ILPT
27.6,27.6,27.58,27.58,500,2021-09-01 16:24:00,ILPT
27.56,27.56,27.56,27.56,500,2021-09-01 16:25:00,ILPT
27.55,27.55,27.55,27.55,400,2021-09-01 16:26:00,ILPT
27.56,27.56,27.56,27.56,300,2021-09-01 16:27:00,ILPT
27.5922,27.5922,27.5922,27.5922,140,2021-09-01 16:28:00,ILPT
27.6,27.61,27.6,27.61,500,2021-09-01 16:29:00,ILPT
27.6,27.6,27.6,27.6,100,2021-09-01 16:30:00,ILPT
27.61,27.61,27.61,27.61,100,2021-09-01 16:32:00,ILPT
27.61,27.61,27.61,27.61,300,2021-09-01 16:33:00,ILPT
27.61,27.61,27.61,27.61,500,2021-09-01 16:34:00,ILPT
27.61,27.61,27.61,27.61,300,2021-09-01 16:35:00,ILPT
27.61,27.61,27.61,27.61,600,2021-09-01 16:36:00,ILPT
27.6,27.6,27.59,27.6,1200,2021-09-01 16:37:00,ILPT
27.61,27.61,27.61,27.61,1600,2021-09-01 16:38:00,ILPT
27.6,27.6,27.6,27.6,272,2021-09-01 16:40:00,ILPT
27.6,27.6,27.6,27.6,100,2021-09-01 16:41:00,ILPT
27.61,27.61,27.5922,27.5922,250,2021-09-01 16:42:00,ILPT
27.61,27.61,27.61,27.61,700,2021-09-01 16:43:00,ILPT
27.62,27.62,27.62,27.62,100,2021-09-01 16:44:00,ILPT
27.61,27.61,27.61,27.61,100,2021-09-01 16:45:00,ILPT
27.61,27.61,27.61,27.61,100,2021-09-01 16:46:00,ILPT
27.61,27.61,27.61,27.61,100,2021-09-01 16:47:00,ILPT
27.61,27.61,27.61,27.61,100,2021-09-01 16:49:00,ILPT
27.63,27.63,27.63,27.63,100,2021-09-01 16:51:00,ILPT
27.63,27.63,27.63,27.63,100,2021-09-01 16:52:00,ILPT
27.62,27.62,27.62,27.62,100,2021-09-01 16:54:00,ILPT
27.6241,27.6241,27.61,27.615,900,2021-09-01 16:55:00,ILPT
27.65,27.65,27.65,27.65,100,2021-09-01 16:56:00,ILPT
27.65,27.65,27.65,27.65,200,2021-09-01 16:58:00,ILPT
27.68,27.68,27.68,27.68,100,2021-09-01 16:59:00,ILPT
27.67,27.67,27.67,27.67,200,2021-09-01 17:01:00,ILPT
27.69,27.69,27.69,27.69,100,2021-09-01 17:02:00,ILPT
27.66,27.66,27.66,27.66,600,2021-09-01 17:04:00,ILPT
27.67,27.67,27.66,27.66,200,2021-09-01 17:05:00,ILPT
27.66,27.69,27.66,27.69,876,2021-09-01 17:06:00,ILPT
27.69,27.69,27.69,27.69,100,2021-09-01 17:08:00,ILPT
27.7,27.7,27.69,27.69,300,2021-09-01 17:09:00,ILPT
27.72,27.72,27.71,27.72,400,2021-09-01 17:11:00,ILPT
27.72,27.73,27.72,27.73,672,2021-09-01 17:12:00,ILPT
27.72,27.74,27.705,27.738,1200,2021-09-01 17:13:00,ILPT
27.74,27.74,27.74,27.74,100,2021-09-01 17:14:00,ILPT
27.74,27.74,27.74,27.74,100,2021-09-01 17:16:00,ILPT
27.725,27.725,27.725,27.725,100,2021-09-01 17:17:00,ILPT
27.75,27.75,27.75,27.75,100,2021-09-01 17:21:00,ILPT
27.75,27.75,27.75,27.75,1362,2021-09-01 17:23:00,ILPT
27.77,27.78,27.75,27.75,1101,2021-09-01 17:24:00,ILPT
27.77,27.77,27.77,27.77,100,2021-09-01 17:26:00,ILPT
27.76,27.76,27.75,27.75,200,2021-09-01 17:28:00,ILPT
27.78,27.78,27.78,27.78,100,2021-09-01 17:30:00,ILPT
27.78,27.78,27.78,27.78,100,2021-09-01 17:31:00,ILPT
27.76,27.76,27.76,27.76,100,2021-09-01 17:32:00,ILPT
27.78,27.78,27.78,27.78,100,2021-09-01 17:33:00,ILPT
27.82,27.83,27.82,27.83,283,2021-09-01 17:37:00,ILPT
27.815,27.815,27.77,27.77,900,2021-09-01 17:38:00,ILPT
27.8,27.8,27.79,27.79,200,2021-09-01 17:43:00,ILPT
27.785,27.785,27.785,27.785,100,2021-09-01 17:44:00,ILPT
27.81,27.81,27.81,27.81,100,2021-09-01 17:46:00,ILPT
27.81,27.82,27.81,27.82,282,2021-09-01 17:47:00,ILPT
27.83,27.83,27.83,27.83,100,2021-09-01 17:48:00,ILPT
27.83,27.83,27.83,27.83,100,2021-09-01 17:49:00,ILPT
27.85,27.85,27.85,27.85,100,2021-09-01 17:53:00,ILPT
27.86,27.86,27.83,27.83,2300,2021-09-01 17:55:00,ILPT
27.84,27.84,27.8299,27.8299,609,2021-09-01 17:56:00,ILPT
27.83,27.83,27.81,27.81,200,2021-09-01 17:58:00,ILPT
27.81,27.81,27.81,27.81,100,2021-09-01 18:00:00,ILPT
27.811,27.83,27.811,27.83,200,2021-09-01 18:01:00,ILPT
27.85,27.85,27.85,27.85,100,2021-09-01 18:02:00,ILPT
27.835,27.835,27.835,27.835,100,2021-09-01 18:04:00,ILPT
27.85,27.85,27.85,27.85,500,2021-09-01 18:07:00,ILPT
27.86,27.87,27.86,27.87,400,2021-09-01 18:08:00,ILPT
27.88,27.88,27.86,27.86,600,2021-09-01 18:09:00,ILPT
27.89,27.89,27.89,27.89,200,2021-09-01 18:14:00,ILPT
27.91,27.92,27.91,27.92,600,2021-09-01 18:15:00,ILPT
27.9,27.9,27.9,27.9,100,2021-09-01 18:16:00,ILPT
27.905,27.905,27.905,27.905,100,2021-09-01 18:17:00,ILPT
27.89,27.89,27.875,27.875,1120,2021-09-01 18:18:00,ILPT
27.879,27.879,27.879,27.879,100,2021-09-01 18:20:00,ILPT
27.88,27.88,27.88,27.88,300,2021-09-01 18:21:00,ILPT
27.9,27.9,27.9,27.9,200,2021-09-01 18:23:00,ILPT
27.9,27.91,27.9,27.91,300,2021-09-01 18:26:00,ILPT
27.905,27.905,27.905,27.905,300,2021-09-01 18:28:00,ILPT
27.905,27.905,27.905,27.905,100,2021-09-01 18:29:00,ILPT
27.905,27.905,27.905,27.905,100,2021-09-01 18:30:00,ILPT
27.89,27.89,27.89,27.89,1219,2021-09-01 18:31:00,ILPT
27.8802,27.8802,27.8401,27.8401,1600,2021-09-01 18:32:00,ILPT
27.86,27.88,27.86,27.8758,382,2021-09-01 18:33:00,ILPT
27.88,27.9,27.88,27.9,200,2021-09-01 18:36:00,ILPT
27.9,27.9,27.9,27.9,100,2021-09-01 18:39:00,ILPT
27.91,27.91,27.91,27.91,100,2021-09-01 18:40:00,ILPT
27.8941,27.9,27.8941,27.9,204,2021-09-01 18:42:00,ILPT
27.91,27.91,27.91,27.91,100,2021-09-01 18:43:00,ILPT
27.92,27.92,27.9,27.9,1707,2021-09-01 18:44:00,ILPT
27.899,27.899,27.899,27.899,100,2021-09-01 18:47:00,ILPT
27.89,27.89,27.89,27.89,100,2021-09-01 18:48:00,ILPT
27.89,27.89,27.89,27.89,100,2021-09-01 18:49:00,ILPT
27.9,27.9,27.9,27.9,100,2021-09-01 18:50:00,ILPT
27.9,27.9,27.88,27.88,600,2021-09-01 18:51:00,ILPT
27.87,27.87,27.87,27.87,100,2021-09-01 18:52:00,ILPT
27.86,27.86,27.86,27.86,2600,2021-09-01 18:54:00,ILPT
27.8745,27.8745,27.8745,27.8745,200,2021-09-01 18:55:00,ILPT
27.88,27.89,27.88,27.89,825,2021-09-01 18:56:00,ILPT
27.88,27.88,27.86,27.86,500,2021-09-01 18:57:00,ILPT
27.85,27.8502,27.8323,27.8323,1300,2021-09-01 18:58:00,ILPT
27.835,27.85,27.835,27.85,679,2021-09-01 19:00:00,ILPT
27.82,27.82,27.81,27.81,700,2021-09-01 19:02:00,ILPT
27.7956,27.7956,27.7956,27.7956,107,2021-09-01 19:03:00,ILPT
27.795,27.795,27.79,27.79,400,2021-09-01 19:06:00,ILPT
27.77,27.77,27.67,27.73,15725,2021-09-01 19:07:00,ILPT
27.74,27.76,27.74,27.76,500,2021-09-01 19:08:00,ILPT
27.75,27.75,27.7,27.7,5065,2021-09-01 19:09:00,ILPT
27.75,27.78,27.75,27.78,700,2021-09-01 19:11:00,ILPT
27.76,27.76,27.76,27.76,200,2021-09-01 19:12:00,ILPT
27.77,27.78,27.77,27.78,300,2021-09-01 19:13:00,ILPT
27.78,27.78,27.78,27.78,100,2021-09-01 19:14:00,ILPT
27.78,27.78,27.78,27.78,300,2021-09-01 19:15:00,ILPT
27.79,27.79,27.79,27.79,100,2021-09-01 19:16:00,ILPT
27.8,27.8,27.8,27.8,100,2021-09-01 19:17:00,ILPT
27.81,27.81,27.81,27.81,100,2021-09-01 19:18:00,ILPT
27.82,27.82,27.79,27.79,379,2021-09-01 19:19:00,ILPT
27.82,27.82,27.82,27.82,100,2021-09-01 19:20:00,ILPT
27.82,27.84,27.82,27.84,700,2021-09-01 19:21:00,ILPT
27.825,27.825,27.825,27.825,200,2021-09-01 19:22:00,ILPT
27.84,27.84,27.83,27.83,300,2021-09-01 19:23:00,ILPT
27.79,27.79,27.79,27.79,400,2021-09-01 19:25:00,ILPT
27.76,27.76,27.75,27.75,400,2021-09-01 19:27:00,ILPT
27.76,27.76,27.76,27.76,400,2021-09-01 19:28:00,ILPT
27.77,27.785,27.77,27.785,319,2021-09-01 19:30:00,ILPT
27.83,27.83,27.83,27.83,100,2021-09-01 19:31:00,ILPT
27.84,27.85,27.84,27.85,691,2021-09-01 19:32:00,ILPT
27.82,27.82,27.82,27.82,400,2021-09-01 19:33:00,ILPT
27.81,27.81,27.74,27.74,14932,2021-09-01 19:34:00,ILPT
27.7829,27.7829,27.71,27.73,5126,2021-09-01 19:35:00,ILPT
27.73,27.73,27.73,27.73,300,2021-09-01 19:37:00,ILPT
27.73,27.73,27.73,27.73,100,2021-09-01 19:38:00,ILPT
27.72,27.725,27.72,27.725,400,2021-09-01 19:40:00,ILPT
27.725,27.74,27.72,27.73,722,2021-09-01 19:41:00,ILPT
27.73,27.73,27.73,27.73,418,2021-09-01 19:42:00,ILPT
27.75,27.77,27.75,27.77,200,2021-09-01 19:43:00,ILPT
27.78,27.78,27.77,27.78,919,2021-09-01 19:44:00,ILPT
27.805,27.82,27.805,27.82,300,2021-09-01 19:45:00,ILPT
27.84,27.84,27.8,27.8,1400,2021-09-01 19:46:00,ILPT
27.795,27.82,27.795,27.81,503,2021-09-01 19:47:00,ILPT
27.82,27.82,27.82,27.82,200,2021-09-01 19:48:00,ILPT
27.82,27.82,27.81,27.81,900,2021-09-01 19:49:00,ILPT
27.8,27.84,27.8,27.84,1144,2021-09-01 19:50:00,ILPT
27.85,27.85,27.84,27.84,500,2021-09-01 19:51:00,ILPT
27.84,27.89,27.84,27.89,1400,2021-09-01 19:52:00,ILPT
27.89,27.89,27.86,27.86,1156,2021-09-01 19:53:00,ILPT
27.86,27.87,27.86,27.87,600,2021-09-01 19:54:00,ILPT
27.87,27.88,27.84,27.88,1600,2021-09-01 19:55:00,ILPT
27.88,27.89,27.86,27.87,2600,2021-09-01 19:56:00,ILPT
27.85,27.87,27.85,27.87,2278,2021-09-01 19:57:00,ILPT
27.87,27.87,27.83,27.84,2102,2021-09-01 19:58:00,ILPT
27.85,27.87,27.84,27.87,2949,2021-09-01 19:59:00,ILPT
27.87,27.87,27.87,27.87,30498,2021-09-01 20:00:00,ILPT
27.87,27.87,27.87,27.87,259,2021-09-01 20:01:00,ILPT
27.86,27.86,27.825,27.825,1337,2021-09-02 13:30:00,ILPT
27.79,27.79,27.79,27.79,500,2021-09-02 13:31:00,ILPT
27.82,27.82,27.82,27.82,3000,2021-09-02 13:32:00,ILPT
27.79,27.79,27.79,27.79,200,2021-09-02 13:33:00,ILPT
27.8042,27.8042,27.75,27.75,645,2021-09-02 13:34:00,ILPT
27.72,27.75,27.72,27.75,448,2021-09-02 13:35:00,ILPT
27.7743,27.78,27.7743,27.78,384,2021-09-02 13:37:00,ILPT
27.789,27.789,27.789,27.789,200,2021-09-02 13:39:00,ILPT
27.75,27.81,27.75,27.81,200,2021-09-02 13:40:00,ILPT
27.81,27.83,27.78,27.78,600,2021-09-02 13:41:00,ILPT
27.805,27.805,27.805,27.805,100,2021-09-02 13:42:00,ILPT
27.8235,27.8235,27.8235,27.8235,100,2021-09-02 13:43:00,ILPT
27.82,27.859,27.82,27.859,837,2021-09-02 13:46:00,ILPT
27.86,27.86,27.86,27.86,100,2021-09-02 13:47:00,ILPT
27.86,27.86,27.86,27.86,300,2021-09-02 13:49:00,ILPT
27.88,27.89,27.87,27.89,719,2021-09-02 13:50:00,ILPT
27.84,27.84,27.84,27.84,100,2021-09-02 13:51:00,ILPT
27.82,27.82,27.82,27.82,100,2021-09-02 13:55:00,ILPT
27.79,27.79,27.79,27.79,100,2021-09-02 13:57:00,ILPT
27.7945,27.7945,27.7945,27.7945,200,2021-09-02 13:59:00,ILPT
27.76,27.79,27.76,27.79,200,2021-09-02 14:04:00,ILPT
27.75,27.76,27.75,27.76,840,2021-09-02 14:06:00,ILPT
27.76,27.76,27.76,27.76,100,2021-09-02 14:08:00,ILPT
27.73,27.73,27.73,27.73,300,2021-09-02 14:12:00,ILPT
27.71,27.71,27.71,27.71,100,2021-09-02 14:15:00,ILPT
27.73,27.73,27.73,27.73,100,2021-09-02 14:17:00,ILPT
27.7276,27.7276,27.7276,27.7276,100,2021-09-02 14:20:00,ILPT
27.73,27.7733,27.73,27.7733,1300,2021-09-02 14:21:00,ILPT
27.735,27.749,27.735,27.749,3930,2021-09-02 14:25:00,ILPT
27.79,27.79,27.79,27.79,100,2021-09-02 14:30:00,ILPT
27.79,27.79,27.79,27.79,1102,2021-09-02 14:32:00,ILPT
27.785,27.8,27.785,27.8,200,2021-09-02 14:33:00,ILPT
27.77,27.77,27.75,27.75,1201,2021-09-02 14:35:00,ILPT
27.73,27.73,27.73,27.73,100,2021-09-02 14:36:00,ILPT
27.73,27.7396,27.72,27.7396,461,2021-09-02 14:39:00,ILPT
27.7546,27.7546,27.7546,27.7546,500,2021-09-02 14:40:00,ILPT
27.76,27.76,27.76,27.76,200,2021-09-02 14:42:00,ILPT
27.75,27.75,27.75,27.75,252,2021-09-02 14:43:00,ILPT
27.74,27.74,27.73,27.73,200,2021-09-02 14:46:00,ILPT
27.69,27.69,27.68,27.69,542,2021-09-02 14:49:00,ILPT
27.66,27.66,27.66,27.66,100,2021-09-02 14:50:00,ILPT
27.69,27.69,27.6708,27.6708,300,2021-09-02 14:54:00,ILPT
27.645,27.66,27.6264,27.66,1468,2021-09-02 15:05:00,ILPT
27.64,27.64,27.64,27.64,100,2021-09-02 15:07:00,ILPT
27.638,27.64,27.638,27.64,600,2021-09-02 15:10:00,ILPT
27.65,27.65,27.65,27.65,100,2021-09-02 15:13:00,ILPT
27.63,27.63,27.63,27.63,300,2021-09-02 15:14:00,ILPT
27.641,27.641,27.641,27.641,206,2021-09-02 15:20:00,ILPT
27.62,27.62,27.61,27.61,300,2021-09-02 15:21:00,ILPT
27.615,27.615,27.615,27.615,100,2021-09-02 15:23:00,ILPT
27.63,27.63,27.63,27.63,100,2021-09-02 15:25:00,ILPT
27.62,27.62,27.62,27.62,100,2021-09-02 15:27:00,ILPT
27.61,27.61,27.61,27.61,103,2021-09-02 15:28:00,ILPT
27.63,27.63,27.63,27.63,100,2021-09-02 15:29:00,ILPT
27.63,27.63,27.63,27.63,100,2021-09-02 15:31:00,ILPT
27.6,27.6,27.6,27.6,355,2021-09-02 15:34:00,ILPT
27.61,27.61,27.61,27.61,200,2021-09-02 15:35:00,ILPT
27.61,27.61,27.61,27.61,900,2021-09-02 15:39:00,ILPT
27.6,27.6,27.6,27.6,200,2021-09-02 15:43:00,ILPT
27.6,27.6,27.6,27.6,100,2021-09-02 15:48:00,ILPT
27.615,27.615,27.615,27.615,100,2021-09-02 15:50:00,ILPT
27.61,27.61,27.605,27.605,300,2021-09-02 15:54:00,ILPT
27.61,27.61,27.61,27.61,100,2021-09-02 15:58:00,ILPT
27.605,27.62,27.605,27.62,400,2021-09-02 15:59:00,ILPT
27.62,27.62,27.62,27.62,100,2021-09-02 16:03:00,ILPT
27.62,27.62,27.62,27.62,100,2021-09-02 16:04:00,ILPT
27.65,27.65,27.65,27.65,200,2021-09-02 16:07:00,ILPT
27.63,27.63,27.63,27.63,300,2021-09-02 16:12:00,ILPT
27.62,27.62,27.62,27.62,100,2021-09-02 16:13:00,ILPT
27.6401,27.6401,27.6401,27.6401,500,2021-09-02 16:21:00,ILPT
27.64,27.64,27.64,27.64,100,2021-09-02 16:23:00,ILPT
27.65,27.65,27.65,27.65,100,2021-09-02 16:27:00,ILPT
27.64,27.64,27.62,27.62,400,2021-09-02 16:28:00,ILPT
27.635,27.635,27.635,27.635,100,2021-09-02 16:29:00,ILPT
27.635,27.635,27.635,27.635,100,2021-09-02 16:30:00,ILPT
27.65,27.65,27.65,27.65,100,2021-09-02 16:32:00,ILPT
27.645,27.645,27.63,27.63,1060,2021-09-02 16:34:00,ILPT
27.62,27.62,27.58,27.58,400,2021-09-02 16:38:00,ILPT
27.5924,27.5924,27.5924,27.5924,195,2021-09-02 16:43:00,ILPT
27.61,27.61,27.59,27.6,388,2021-09-02 16:45:00,ILPT
27.6052,27.61,27.6052,27.61,300,2021-09-02 16:47:00,ILPT
27.5805,27.5805,27.5805,27.5805,500,2021-09-02 16:48:00,ILPT
27.5801,27.5801,27.5801,27.5801,800,2021-09-02 16:50:00,ILPT
27.61,27.61,27.61,27.61,100,2021-09-02 16:51:00,ILPT
27.595,27.61,27.595,27.61,200,2021-09-02 16:52:00,ILPT
27.6,27.6,27.6,27.6,100,2021-09-02 16:54:00,ILPT
27.59,27.59,27.59,27.59,200,2021-09-02 16:57:00,ILPT
27.61,27.61,27.61,27.61,250,2021-09-02 16:58:00,ILPT
27.59,27.59,27.58,27.58,200,2021-09-02 16:59:00,ILPT
27.5899,27.5899,27.5899,27.5899,300,2021-09-02 17:00:00,ILPT
27.59,27.59,27.59,27.59,200,2021-09-02 17:01:00,ILPT
27.6,27.6,27.6,27.6,300,2021-09-02 17:02:00,ILPT
27.58,27.59,27.58,27.59,1100,2021-09-02 17:06:00,ILPT
27.585,27.585,27.585,27.585,713,2021-09-02 17:08:00,ILPT
27.6,27.6,27.6,27.6,100,2021-09-02 17:09:00,ILPT
27.57,27.57,27.57,27.57,200,2021-09-02 17:11:00,ILPT
27.59,27.63,27.59,27.63,1866,2021-09-02 17:17:00,ILPT
27.62,27.62,27.62,27.62,100,2021-09-02 17:19:00,ILPT
27.62,27.62,27.62,27.62,100,2021-09-02 17:20:00,ILPT
27.59,27.59,27.59,27.59,100,2021-09-02 17:22:00,ILPT
27.59,27.59,27.59,27.59,688,2021-09-02 17:24:00,ILPT
27.61,27.61,27.61,27.61,100,2021-09-02 17:26:00,ILPT
27.6189,27.6189,27.6189,27.6189,213,2021-09-02 17:37:00,ILPT
27.58,27.58,27.58,27.58,100,2021-09-02 17:38:00,ILPT
27.58,27.58,27.57,27.57,400,2021-09-02 17:39:00,ILPT
27.58,27.6,27.58,27.6,340,2021-09-02 17:40:00,ILPT
27.6,27.61,27.6,27.61,207,2021-09-02 17:42:00,ILPT
27.59,27.61,27.59,27.61,200,2021-09-02 17:44:00,ILPT
27.61,27.61,27.61,27.61,100,2021-09-02 17:50:00,ILPT
27.58,27.59,27.58,27.59,282,2021-09-02 17:51:00,ILPT
27.5918,27.61,27.5918,27.61,300,2021-09-02 17:52:00,ILPT
27.61,27.61,27.606,27.606,745,2021-09-02 17:53:00,ILPT
27.61,27.61,27.61,27.61,200,2021-09-02 17:54:00,ILPT
27.62,27.62,27.62,27.62,100,2021-09-02 17:59:00,ILPT
27.62,27.62,27.62,27.62,400,2021-09-02 18:00:00,ILPT
27.645,27.645,27.645,27.645,550,2021-09-02 18:03:00,ILPT
27.64,27.64,27.62,27.62,800,2021-09-02 18:04:00,ILPT
27.65,27.65,27.65,27.65,100,2021-09-02 18:07:00,ILPT
27.6599,27.6599,27.6599,27.6599,119,2021-09-02 18:11:00,ILPT
27.66,27.66,27.66,27.66,100,2021-09-02 18:14:00,ILPT
27.65,27.65,27.65,27.65,100,2021-09-02 18:15:00,ILPT
27.6991,27.6991,27.6991,27.6991,200,2021-09-02 18:21:00,ILPT
27.69,27.69,27.68,27.68,402,2021-09-02 18:22:00,ILPT
27.69,27.69,27.69,27.69,133,2021-09-02 18:34:00,ILPT
27.68,27.68,27.66,27.66,500,2021-09-02 18:35:00,ILPT
27.64,27.64,27.64,27.64,100,2021-09-02 18:36:00,ILPT
27.69,27.69,27.69,27.69,200,2021-09-02 18:40:00,ILPT
27.71,27.71,27.71,27.71,200,2021-09-02 18:48:00,ILPT
27.73,27.73,27.73,27.73,100,2021-09-02 18:52:00,ILPT
27.715,27.715,27.715,27.715,100,2021-09-02 18:53:00,ILPT
27.705,27.705,27.705,27.705,3263,2021-09-02 18:54:00,ILPT
27.72,27.72,27.72,27.72,100,2021-09-02 18:56:00,ILPT
27.73,27.73,27.73,27.73,200,2021-09-02 18:57:00,ILPT
27.75,27.75,27.75,27.75,500,2021-09-02 18:59:00,ILPT
27.8,27.8,27.8,27.8,100,2021-09-02 19:01:00,ILPT
27.8,27.8,27.8,27.8,100,2021-09-02 19:02:00,ILPT
27.7733,27.78,27.7733,27.78,1600,2021-09-02 19:04:00,ILPT
27.77,27.77,27.75,27.765,1318,2021-09-02 19:06:00,ILPT
27.76,27.76,27.74,27.74,619,2021-09-02 19:11:00,ILPT
27.74,27.74,27.74,27.74,100,2021-09-02 19:15:00,ILPT
27.75,27.75,27.75,27.75,100,2021-09-02 19:18:00,ILPT
27.73,27.73,27.73,27.73,200,2021-09-02 19:22:00,ILPT
27.75,27.75,27.75,27.75,200,2021-09-02 19:25:00,ILPT
27.75,27.75,27.75,27.75,100,2021-09-02 19:32:00,ILPT
27.76,27.78,27.76,27.78,706,2021-09-02 19:33:00,ILPT
27.77,27.78,27.77,27.78,400,2021-09-02 19:34:00,ILPT
27.78,27.78,27.78,27.78,180,2021-09-02 19:37:00,ILPT
27.79,27.79,27.79,27.79,100,2021-09-02 19:39:00,ILPT
27.79,27.8,27.79,27.794,339,2021-09-02 19:41:00,ILPT
27.79,27.79,27.79,27.79,626,2021-09-02 19:42:00,ILPT
27.81,27.81,27.81,27.81,1100,2021-09-02 19:43:00,ILPT
27.82,27.82,27.82,27.82,100,2021-09-02 19:44:00,ILPT
27.83,27.83,27.83,27.83,100,2021-09-02 19:45:00,ILPT
27.845,27.845,27.83,27.83,200,2021-09-02 19:46:00,ILPT
27.83,27.83,27.83,27.83,397,2021-09-02 19:48:00,ILPT
27.83,27.83,27.82,27.82,674,2021-09-02 19:49:00,ILPT
27.83,27.855,27.83,27.85,1070,2021-09-02 19:50:00,ILPT
27.87,27.88,27.86,27.88,471,2021-09-02 19:52:00,ILPT
27.88,27.9,27.85,27.85,1400,2021-09-02 19:53:00,ILPT
27.86,27.88,27.86,27.86,1744,2021-09-02 19:54:00,ILPT
27.87,27.88,27.87,27.88,200,2021-09-02 19:55:00,ILPT
27.88,27.89,27.88,27.88,700,2021-09-02 19:56:00,ILPT
27.89,27.91,27.85,27.85,2919,2021-09-02 19:57:00,ILPT
27.87,27.88,27.865,27.88,300,2021-09-02 19:58:00,ILPT
27.875,27.88,27.84,27.84,3840,2021-09-02 19:59:00,ILPT
27.86,27.86,27.86,27.86,25215,2021-09-02 20:00:00,ILPT
27.83,27.83,27.71,27.71,1723,2021-09-03 13:30:00,ILPT
27.71,27.71,27.71,27.71,400,2021-09-03 13:41:00,ILPT
27.72,27.73,27.72,27.72,1216,2021-09-03 13:42:00,ILPT
27.71,27.71,27.71,27.71,163,2021-09-03 13:44:00,ILPT
27.67,27.67,27.67,27.67,723,2021-09-03 13:45:00,ILPT
27.67,27.67,27.67,27.67,180,2021-09-03 13:46:00,ILPT
27.63,27.63,27.63,27.63,100,2021-09-03 13:47:00,ILPT
27.59,27.59,27.59,27.59,130,2021-09-03 13:50:00,ILPT
27.58,27.59,27.58,27.59,300,2021-09-03 13:53:00,ILPT
27.59,27.59,27.59,27.59,374,2021-09-03 13:54:00,ILPT
27.57,27.57,27.57,27.57,100,2021-09-03 13:55:00,ILPT
27.59,27.59,27.57,27.57,200,2021-09-03 13:58:00,ILPT
27.62,27.62,27.62,27.62,200,2021-09-03 14:04:00,ILPT
27.65,27.65,27.65,27.65,200,2021-09-03 14:07:00,ILPT
27.6,27.6,27.6,27.6,187,2021-09-03 14:10:00,ILPT
27.61,27.65,27.61,27.61,1100,2021-09-03 14:13:00,ILPT
27.61,27.61,27.61,27.61,100,2021-09-03 14:18:00,ILPT
27.6,27.6,27.56,27.56,400,2021-09-03 14:23:00,ILPT
27.545,27.555,27.545,27.555,353,2021-09-03 14:26:00,ILPT
27.565,27.565,27.565,27.565,100,2021-09-03 14:30:00,ILPT
27.5351,27.5351,27.5351,27.5351,110,2021-09-03 14:35:00,ILPT
27.51,27.51,27.51,27.51,100,2021-09-03 14:36:00,ILPT
27.53,27.53,27.51,27.51,200,2021-09-03 14:38:00,ILPT
27.53,27.53,27.53,27.53,100,2021-09-03 14:47:00,ILPT
27.53,27.54,27.53,27.54,300,2021-09-03 14:49:00,ILPT
27.53,27.53,27.53,27.53,100,2021-09-03 14:51:00,ILPT
27.5056,27.5056,27.5056,27.5056,800,2021-09-03 14:55:00,ILPT
27.55,27.55,27.55,27.55,100,2021-09-03 15:02:00,ILPT
27.56,27.56,27.56,27.56,200,2021-09-03 15:04:00,ILPT
27.5601,27.5601,27.5601,27.5601,102,2021-09-03 15:14:00,ILPT
27.53,27.53,27.53,27.53,123,2021-09-03 15:19:00,ILPT
27.52,27.52,27.52,27.52,100,2021-09-03 15:20:00,ILPT
27.53,27.53,27.53,27.53,100,2021-09-03 15:22:00,ILPT
27.57,27.57,27.57,27.57,100,2021-09-03 15:26:00,ILPT
27.55,27.55,27.55,27.55,315,2021-09-03 15:28:00,ILPT
27.56,27.56,27.56,27.56,100,2021-09-03 15:32:00,ILPT
27.575,27.575,27.575,27.575,100,2021-09-03 15:34:00,ILPT
27.59,27.59,27.56,27.56,400,2021-09-03 15:35:00,ILPT
27.57,27.57,27.57,27.57,400,2021-09-03 15:42:00,ILPT
27.57,27.57,27.55,27.55,700,2021-09-03 15:43:00,ILPT
27.59,27.59,27.59,27.59,100,2021-09-03 15:46:00,ILPT
27.595,27.595,27.595,27.595,100,2021-09-03 15:47:00,ILPT
27.58,27.58,27.58,27.58,200,2021-09-03 15:48:00,ILPT
27.595,27.595,27.595,27.595,100,2021-09-03 15:50:00,ILPT
27.58,27.58,27.58,27.58,200,2021-09-03 15:51:00,ILPT
27.59,27.59,27.59,27.59,100,2021-09-03 15:59:00,ILPT
27.58,27.59,27.58,27.59,400,2021-09-03 16:00:00,ILPT
27.59,27.59,27.58,27.58,600,2021-09-03 16:05:00,ILPT
27.59,27.59,27.59,27.59,400,2021-09-03 16:06:00,ILPT
27.59,27.59,27.59,27.59,325,2021-09-03 16:14:00,ILPT
27.59,27.59,27.59,27.59,100,2021-09-03 16:15:00,ILPT
27.6,27.6,27.6,27.6,100,2021-09-03 16:17:00,ILPT
27.6,27.6,27.6,27.6,450,2021-09-03 16:18:00,ILPT
27.59,27.59,27.5755,27.5755,500,2021-09-03 16:21:00,ILPT
27.6,27.6,27.6,27.6,100,2021-09-03 16:22:00,ILPT
27.615,27.615,27.615,27.615,272,2021-09-03 16:25:00,ILPT
27.595,27.595,27.595,27.595,100,2021-09-03 16:34:00,ILPT
27.605,27.605,27.605,27.605,100,2021-09-03 16:36:00,ILPT
27.61,27.61,27.6,27.6,200,2021-09-03 16:38:00,ILPT
27.6,27.6,27.59,27.6,480,2021-09-03 16:39:00,ILPT
27.595,27.595,27.59,27.59,200,2021-09-03 16:42:00,ILPT
27.6,27.6,27.6,27.6,100,2021-09-03 16:43:00,ILPT
27.62,27.62,27.62,27.62,100,2021-09-03 16:45:00,ILPT
27.62,27.62,27.62,27.62,200,2021-09-03 16:49:00,ILPT
27.62,27.62,27.62,27.62,100,2021-09-03 16:50:00,ILPT
27.61,27.62,27.61,27.62,477,2021-09-03 16:55:00,ILPT
27.62,27.62,27.62,27.62,100,2021-09-03 16:56:00,ILPT
27.63,27.63,27.63,27.63,100,2021-09-03 16:58:00,ILPT
27.61,27.61,27.6,27.6,400,2021-09-03 16:59:00,ILPT
27.59,27.59,27.59,27.59,141,2021-09-03 17:00:00,ILPT
27.62,27.62,27.62,27.62,100,2021-09-03 17:03:00,ILPT
27.6389,27.6389,27.6389,27.6389,190,2021-09-03 17:11:00,ILPT
27.64,27.64,27.63,27.63,200,2021-09-03 17:14:00,ILPT
27.64,27.64,27.63,27.63,200,2021-09-03 17:15:00,ILPT
27.64,27.64,27.64,27.64,100,2021-09-03 17:18:00,ILPT
27.64,27.64,27.64,27.64,400,2021-09-03 17:26:00,ILPT
27.64,27.64,27.64,27.64,200,2021-09-03 17:27:00,ILPT
27.62,27.62,27.62,27.62,100,2021-09-03 17:28:00,ILPT
27.64,27.64,27.63,27.63,650,2021-09-03 17:30:00,ILPT
27.65,27.65,27.62,27.62,1100,2021-09-03 17:31:00,ILPT
27.6481,27.6481,27.6481,27.6481,150,2021-09-03 17:33:00,ILPT
27.64,27.64,27.64,27.64,360,2021-09-03 17:34:00,ILPT
27.65,27.65,27.65,27.65,100,2021-09-03 17:39:00,ILPT
27.64,27.65,27.64,27.65,300,2021-09-03 17:40:00,ILPT
27.66,27.66,27.66,27.66,100,2021-09-03 17:42:00,ILPT
27.67,27.67,27.67,27.67,200,2021-09-03 17:45:00,ILPT
27.6798,27.6798,27.6798,27.6798,181,2021-09-03 17:46:00,ILPT
27.68,27.68,27.68,27.68,100,2021-09-03 17:47:00,ILPT
27.68,27.68,27.67,27.67,600,2021-09-03 17:50:00,ILPT
27.7,27.7,27.7,27.7,100,2021-09-03 17:59:00,ILPT
27.68,27.68,27.67,27.67,200,2021-09-03 18:00:00,ILPT
27.675,27.69,27.675,27.685,300,2021-09-03 18:02:00,ILPT
27.69,27.69,27.69,27.69,100,2021-09-03 18:03:00,ILPT
27.6881,27.6881,27.6881,27.6881,180,2021-09-03 18:10:00,ILPT
27.69,27.69,27.675,27.69,1472,2021-09-03 18:12:00,ILPT
27.68,27.68,27.68,27.68,100,2021-09-03 18:18:00,ILPT
27.68,27.68,27.68,27.68,200,2021-09-03 18:20:00,ILPT
27.665,27.665,27.665,27.665,100,2021-09-03 18:21:00,ILPT
27.674,27.674,27.65,27.65,300,2021-09-03 18:22:00,ILPT
27.65,27.65,27.65,27.65,100,2021-09-03 18:23:00,ILPT
27.65,27.65,27.64,27.64,200,2021-09-03 18:24:00,ILPT
27.64,27.64,27.64,27.64,300,2021-09-03 18:25:00,ILPT
27.62,27.62,27.62,27.62,100,2021-09-03 18:26:00,ILPT
27.63,27.63,27.63,27.63,100,2021-09-03 18:28:00,ILPT
27.65,27.65,27.65,27.65,400,2021-09-03 18:29:00,ILPT
27.63,27.63,27.63,27.63,100,2021-09-03 18:30:00,ILPT
27.63,27.63,27.63,27.63,100,2021-09-03 18:31:00,ILPT
27.63,27.63,27.63,27.63,100,2021-09-03 18:32:00,ILPT
27.645,27.645,27.645,27.645,135,2021-09-03 18:33:00,ILPT
27.645,27.645,27.645,27.645,251,2021-09-03 18:34:00,ILPT
27.63,27.66,27.63,27.66,500,2021-09-03 18:35:00,ILPT
27.65,27.65,27.65,27.65,100,2021-09-03 18:38:00,ILPT
27.65,27.65,27.65,27.65,100,2021-09-03 18:39:00,ILPT
27.65,27.65,27.65,27.65,100,2021-09-03 18:40:00,ILPT
27.65,27.65,27.65,27.65,100,2021-09-03 18:41:00,ILPT
27.66,27.66,27.66,27.66,100,2021-09-03 18:42:00,ILPT
27.67,27.67,27.66,27.66,300,2021-09-03 18:44:00,ILPT
27.68,27.68,27.68,27.68,200,2021-09-03 18:45:00,ILPT
27.695,27.695,27.6805,27.6805,1300,2021-09-03 18:46:00,ILPT
27.71,27.71,27.7,27.7,300,2021-09-03 18:48:00,ILPT
27.71,27.71,27.71,27.71,300,2021-09-03 18:49:00,ILPT
27.705,27.705,27.705,27.705,100,2021-09-03 18:50:00,ILPT
27.72,27.72,27.72,27.72,300,2021-09-03 18:56:00,ILPT
27.725,27.725,27.725,27.725,100,2021-09-03 18:57:00,ILPT
27.73,27.73,27.73,27.73,100,2021-09-03 19:00:00,ILPT
27.72,27.73,27.72,27.73,200,2021-09-03 19:01:00,ILPT
27.73,27.73,27.73,27.73,100,2021-09-03 19:02:00,ILPT
27.74,27.76,27.74,27.76,400,2021-09-03 19:07:00,ILPT
27.75,27.75,27.745,27.745,408,2021-09-03 19:09:00,ILPT
27.7301,27.7301,27.7301,27.7301,200,2021-09-03 19:12:00,ILPT
27.73,27.73,27.73,27.73,200,2021-09-03 19:14:00,ILPT
27.72,27.72,27.72,27.72,100,2021-09-03 19:17:00,ILPT
27.71,27.71,27.71,27.71,100,2021-09-03 19:19:00,ILPT
27.72,27.72,27.72,27.72,100,2021-09-03 19:21:00,ILPT
27.7093,27.73,27.7093,27.73,1845,2021-09-03 19:22:00,ILPT
27.745,27.75,27.745,27.75,300,2021-09-03 19:25:00,ILPT
27.74,27.74,27.74,27.74,200,2021-09-03 19:28:00,ILPT
27.73,27.73,27.73,27.73,300,2021-09-03 19:30:00,ILPT
27.715,27.715,27.715,27.715,100,2021-09-03 19:31:00,ILPT
27.72,27.72,27.72,27.72,300,2021-09-03 19:32:00,ILPT
27.72,27.72,27.72,27.72,100,2021-09-03 19:34:00,ILPT
27.71,27.71,27.71,27.71,370,2021-09-03 19:36:00,ILPT
27.7,27.7,27.69,27.69,740,2021-09-03 19:38:00,ILPT
27.7,27.7,27.7,27.7,400,2021-09-03 19:39:00,ILPT
27.71,27.71,27.71,27.71,100,2021-09-03 19:41:00,ILPT
27.73,27.74,27.72,27.74,400,2021-09-03 19:42:00,ILPT
27.75,27.76,27.75,27.75,600,2021-09-03 19:43:00,ILPT
27.76,27.77,27.76,27.77,200,2021-09-03 19:44:00,ILPT
27.77,27.79,27.77,27.78,500,2021-09-03 19:45:00,ILPT
27.7833,27.7833,27.78,27.78,3300,2021-09-03 19:46:00,ILPT
27.7869,27.79,27.7869,27.79,2200,2021-09-03 19:47:00,ILPT
27.795,27.795,27.79,27.79,200,2021-09-03 19:48:00,ILPT
27.79,27.79,27.78,27.78,300,2021-09-03 19:49:00,ILPT
27.795,27.81,27.795,27.8,400,2021-09-03 19:50:00,ILPT
27.81,27.82,27.81,27.82,300,2021-09-03 19:51:00,ILPT
27.81,27.81,27.8,27.81,500,2021-09-03 19:52:00,ILPT
27.81,27.81,27.81,27.81,100,2021-09-03 19:53:00,ILPT
27.84,27.88,27.84,27.88,2513,2021-09-03 19:54:00,ILPT
27.88,27.88,27.82,27.82,972,2021-09-03 19:55:00,ILPT
27.82,27.83,27.8,27.8,628,2021-09-03 19:56:00,ILPT
27.81,27.81,27.8,27.8,600,2021-09-03 19:57:00,ILPT
27.81,27.82,27.8,27.805,2093,2021-09-03 19:58:00,ILPT
27.81,27.84,27.81,27.84,3733,2021-09-03 19:59:00,ILPT
27.84,27.84,27.84,27.84,39621,2021-09-03 20:00:00,ILPT
27.84,27.84,27.84,27.84,975,2021-09-03 20:01:00,ILPT
27.84,27.84,27.84,27.84,10796,2021-09-03 20:02:00,ILPT
27.94,27.95,27.94,27.95,7862,2021-09-07 13:30:00,ILPT
27.66,27.66,27.66,27.66,100,2021-09-07 13:31:00,ILPT
27.71,27.71,27.71,27.71,100,2021-09-07 13:34:00,ILPT
27.7,27.7,27.7,27.7,200,2021-09-07 13:35:00,ILPT
27.6713,27.6713,27.66,27.66,600,2021-09-07 13:36:00,ILPT
27.66,27.67,27.66,27.67,600,2021-09-07 13:37:00,ILPT
27.6599,27.6599,27.6599,27.6599,400,2021-09-07 13:39:00,ILPT
27.62,27.62,27.62,27.62,600,2021-09-07 13:40:00,ILPT
27.65,27.65,27.65,27.65,100,2021-09-07 13:42:00,ILPT
27.6,27.61,27.6,27.61,200,2021-09-07 13:45:00,ILPT
27.61,27.61,27.61,27.61,100,2021-09-07 13:47:00,ILPT
27.61,27.61,27.61,27.61,100,2021-09-07 13:49:00,ILPT
27.56,27.59,27.56,27.59,200,2021-09-07 13:50:00,ILPT
27.59,27.59,27.59,27.59,100,2021-09-07 13:51:00,ILPT
27.6184,27.6184,27.6184,27.6184,700,2021-09-07 13:52:00,ILPT
27.57,27.59,27.57,27.59,400,2021-09-07 13:53:00,ILPT
27.59,27.59,27.59,27.59,100,2021-09-07 13:55:00,ILPT
27.55,27.575,27.55,27.575,300,2021-09-07 13:56:00,ILPT
27.55,27.55,27.55,27.55,100,2021-09-07 13:57:00,ILPT
27.57,27.57,27.57,27.57,300,2021-09-07 13:58:00,ILPT
27.58,27.59,27.58,27.59,480,2021-09-07 13:59:00,ILPT
27.56,27.56,27.55,27.55,200,2021-09-07 14:00:00,ILPT
27.53,27.54,27.53,27.54,329,2021-09-07 14:03:00,ILPT
27.5,27.5,27.5,27.5,300,2021-09-07 14:04:00,ILPT
27.4205,27.44,27.4111,27.44,700,2021-09-07 14:05:00,ILPT
27.45,27.45,27.45,27.45,200,2021-09-07 14:09:00,ILPT
27.4597,27.4597,27.344,27.36,620,2021-09-07 14:11:00,ILPT
27.37,27.41,27.37,27.39,300,2021-09-07 14:12:00,ILPT
27.37,27.37,27.37,27.37,100,2021-09-07 14:13:00,ILPT
27.39,27.39,27.39,27.39,100,2021-09-07 14:16:00,ILPT
27.41,27.41,27.41,27.41,100,2021-09-07 14:17:00,ILPT
27.4,27.4,27.4,27.4,100,2021-09-07 14:18:00,ILPT
27.41,27.41,27.41,27.41,100,2021-09-07 14:20:00,ILPT
27.395,27.395,27.395,27.395,500,2021-09-07 14:24:00,ILPT
27.4,27.4,27.4,27.4,100,2021-09-07 14:25:00,ILPT
27.4,27.4,27.27,27.27,15063,2021-09-07 14:26:00,ILPT
27.315,27.39,27.315,27.39,970,2021-09-07 14:27:00,ILPT
27.35,27.38,27.35,27.37,386,2021-09-07 14:28:00,ILPT
27.38,27.4,27.38,27.4,200,2021-09-07 14:29:00,ILPT
27.4,27.405,27.4,27.405,400,2021-09-07 14:30:00,ILPT
27.41,27.41,27.41,27.41,100,2021-09-07 14:34:00,ILPT
27.39,27.39,27.39,27.39,100,2021-09-07 14:35:00,ILPT
27.3999,27.41,27.3999,27.4,1202,2021-09-07 14:36:00,ILPT
27.4,27.41,27.39,27.41,300,2021-09-07 14:37:00,ILPT
27.41,27.41,27.4,27.4,600,2021-09-07 14:38:00,ILPT
27.3956,27.3956,27.3956,27.3956,200,2021-09-07 14:39:00,ILPT
27.38,27.38,27.37,27.37,600,2021-09-07 14:41:00,ILPT
27.4,27.4,27.4,27.4,100,2021-09-07 14:44:00,ILPT
27.41,27.41,27.41,27.41,100,2021-09-07 14:45:00,ILPT
27.39,27.39,27.39,27.39,200,2021-09-07 14:46:00,ILPT
27.37,27.37,27.37,27.37,100,2021-09-07 14:49:00,ILPT
27.4,27.4,27.4,27.4,299,2021-09-07 14:50:00,ILPT
27.42,27.42,27.42,27.42,100,2021-09-07 14:51:00,ILPT
27.38,27.38,27.37,27.37,200,2021-09-07 14:53:00,ILPT
27.37,27.37,27.37,27.37,100,2021-09-07 14:54:00,ILPT
27.38,27.38,27.36,27.36,500,2021-09-07 14:55:00,ILPT
27.4,27.4,27.4,27.4,300,2021-09-07 14:57:00,ILPT
27.38,27.4,27.38,27.4,400,2021-09-07 15:07:00,ILPT
27.42,27.42,27.4,27.4,300,2021-09-07 15:08:00,ILPT
27.34,27.34,27.34,27.34,100,2021-09-07 15:12:00,ILPT
27.35,27.35,27.35,27.35,100,2021-09-07 15:14:00,ILPT
27.35,27.35,27.35,27.35,100,2021-09-07 15:15:00,ILPT
27.31,27.31,27.3,27.3,200,2021-09-07 15:16:00,ILPT
27.29,27.29,27.29,27.29,100,2021-09-07 15:18:00,ILPT
27.32,27.33,27.31,27.33,300,2021-09-07 15:20:00,ILPT
27.305,27.305,27.305,27.305,100,2021-09-07 15:23:00,ILPT
27.29,27.29,27.29,27.29,100,2021-09-07 15:24:00,ILPT
27.26,27.26,27.26,27.26,331,2021-09-07 15:25:00,ILPT
27.2392,27.24,27.22,27.24,895,2021-09-07 15:26:00,ILPT
27.26,27.26,27.26,27.26,100,2021-09-07 15:27:00,ILPT
27.26,27.26,27.26,27.26,400,2021-09-07 15:28:00,ILPT
27.32,27.34,27.32,27.34,300,2021-09-07 15:29:00,ILPT
27.36,27.36,27.36,27.36,100,2021-09-07 15:30:00,ILPT
27.4,27.4,27.4,27.4,200,2021-09-07 15:33:00,ILPT
27.39,27.39,27.38,27.38,451,2021-09-07 15:34:00,ILPT
27.4,27.4,27.4,27.4,100,2021-09-07 15:37:00,ILPT
27.37,27.37,27.37,27.37,100,2021-09-07 15:38:00,ILPT
27.37,27.37,27.37,27.37,100,2021-09-07 15:39:00,ILPT
27.38,27.38,27.38,27.38,840,2021-09-07 15:42:00,ILPT
27.39,27.4,27.39,27.4,500,2021-09-07 15:43:00,ILPT
27.41,27.41,27.41,27.41,100,2021-09-07 15:48:00,ILPT
27.42,27.42,27.42,27.42,100,2021-09-07 15:52:00,ILPT
27.41,27.41,27.41,27.41,100,2021-09-07 15:53:00,ILPT
27.37,27.37,27.36,27.36,200,2021-09-07 15:57:00,ILPT
27.39,27.4,27.39,27.4,2296,2021-09-07 15:58:00,ILPT
27.42,27.42,27.42,27.42,200,2021-09-07 16:00:00,ILPT
27.4596,27.4596,27.4596,27.4596,300,2021-09-07 16:05:00,ILPT
27.45,27.45,27.45,27.45,100,2021-09-07 16:07:00,ILPT
27.45,27.45,27.45,27.45,581,2021-09-07 16:08:00,ILPT
27.45,27.45,27.45,27.45,100,2021-09-07 16:09:00,ILPT
27.45,27.45,27.45,27.45,200,2021-09-07 16:10:00,ILPT
27.45,27.45,27.45,27.45,500,2021-09-07 16:11:00,ILPT
27.45,27.45,27.45,27.45,200,2021-09-07 16:12:00,ILPT
27.41,27.41,27.41,27.41,100,2021-09-07 16:15:00,ILPT
27.41,27.41,27.39,27.39,300,2021-09-07 16:17:00,ILPT
27.37,27.37,27.37,27.37,100,2021-09-07 16:22:00,ILPT
27.4,27.4,27.4,27.4,500,2021-09-07 16:27:00,ILPT
27.41,27.41,27.41,27.41,200,2021-09-07 16:29:00,ILPT
27.42,27.42,27.42,27.42,293,2021-09-07 16:30:00,ILPT
27.4258,27.4258,27.4258,27.4258,197,2021-09-07 16:33:00,ILPT
27.43,27.43,27.43,27.43,100,2021-09-07 16:36:00,ILPT
27.41,27.41,27.41,27.41,400,2021-09-07 16:39:00,ILPT
27.42,27.42,27.42,27.42,100,2021-09-07 16:41:00,ILPT
27.42,27.42,27.42,27.42,100,2021-09-07 16:42:00,ILPT
27.42,27.42,27.42,27.42,100,2021-09-07 16:44:00,ILPT
27.45,27.45,27.45,27.45,100,2021-09-07 16:47:00,ILPT
27.45,27.45,27.45,27.45,100,2021-09-07 16:48:00,ILPT
27.445,27.445,27.445,27.445,100,2021-09-07 16:50:00,ILPT
27.45,27.46,27.45,27.45,2134,2021-09-07 16:51:00,ILPT
27.465,27.4658,27.465,27.4658,220,2021-09-07 16:52:00,ILPT
27.47,27.47,27.45,27.45,1000,2021-09-07 16:53:00,ILPT
27.45,27.455,27.45,27.455,200,2021-09-07 16:54:00,ILPT
27.45,27.45,27.45,27.45,170,2021-09-07 16:55:00,ILPT
27.44,27.44,27.426,27.426,300,2021-09-07 16:56:00,ILPT
27.4317,27.4317,27.4317,27.4317,750,2021-09-07 16:59:00,ILPT
27.4225,27.4225,27.4225,27.4225,100,2021-09-07 17:00:00,ILPT
27.4397,27.4397,27.4397,27.4397,468,2021-09-07 17:01:00,ILPT
27.4231,27.4231,27.4231,27.4231,300,2021-09-07 17:02:00,ILPT
27.4282,27.4282,27.4282,27.4282,250,2021-09-07 17:03:00,ILPT
27.43,27.44,27.43,27.44,600,2021-09-07 17:04:00,ILPT
27.44,27.44,27.44,27.44,100,2021-09-07 17:05:00,ILPT
27.47,27.485,27.47,27.48,700,2021-09-07 17:11:00,ILPT
27.485,27.485,27.48,27.48,400,2021-09-07 17:13:00,ILPT
27.49,27.49,27.48,27.48,200,2021-09-07 17:21:00,ILPT
27.48,27.48,27.48,27.48,100,2021-09-07 17:27:00,ILPT
27.48,27.48,27.48,27.48,300,2021-09-07 17:28:00,ILPT
27.4718,27.4718,27.4718,27.4718,303,2021-09-07 17:29:00,ILPT
27.47,27.47,27.47,27.47,100,2021-09-07 17:31:00,ILPT
27.471,27.49,27.471,27.49,388,2021-09-07 17:32:00,ILPT
27.5,27.5,27.5,27.5,100,2021-09-07 17:33:00,ILPT
27.5,27.51,27.5,27.51,200,2021-09-07 17:36:00,ILPT
27.52,27.52,27.52,27.52,500,2021-09-07 17:42:00,ILPT
27.515,27.52,27.515,27.515,700,2021-09-07 17:45:00,ILPT
27.515,27.52,27.51,27.51,1200,2021-09-07 17:46:00,ILPT
27.46,27.48,27.46,27.48,200,2021-09-07 17:51:00,ILPT
27.46,27.47,27.46,27.47,200,2021-09-07 17:52:00,ILPT
27.48,27.48,27.48,27.48,100,2021-09-07 17:53:00,ILPT
27.48,27.51,27.48,27.51,969,2021-09-07 17:55:00,ILPT
27.51,27.51,27.51,27.51,100,2021-09-07 17:59:00,ILPT
27.51,27.51,27.5,27.5,200,2021-09-07 18:00:00,ILPT
27.51,27.51,27.51,27.51,200,2021-09-07 18:01:00,ILPT
27.52,27.525,27.515,27.525,400,2021-09-07 18:03:00,ILPT
27.52,27.52,27.52,27.52,100,2021-09-07 18:06:00,ILPT
27.5,27.5,27.5,27.5,500,2021-09-07 18:07:00,ILPT
27.495,27.495,27.495,27.495,300,2021-09-07 18:08:00,ILPT
27.48,27.5,27.48,27.5,1100,2021-09-07 18:10:00,ILPT
27.4972,27.4972,27.4972,27.4972,500,2021-09-07 18:12:00,ILPT
27.47,27.47,27.47,27.47,100,2021-09-07 18:14:00,ILPT
27.49,27.49,27.49,27.49,100,2021-09-07 18:15:00,ILPT
27.48,27.48,27.46,27.48,300,2021-09-07 18:18:00,ILPT
27.46,27.46,27.455,27.455,200,2021-09-07 18:19:00,ILPT
27.455,27.455,27.44,27.44,602,2021-09-07 18:20:00,ILPT
27.43,27.43,27.43,27.43,100,2021-09-07 18:21:00,ILPT
27.38,27.38,27.38,27.38,300,2021-09-07 18:23:00,ILPT
27.37,27.42,27.37,27.42,2419,2021-09-07 18:24:00,ILPT
27.41,27.41,27.41,27.41,100,2021-09-07 18:25:00,ILPT
27.41,27.41,27.41,27.41,100,2021-09-07 18:27:00,ILPT
27.41,27.41,27.4018,27.4018,325,2021-09-07 18:28:00,ILPT
27.4,27.4,27.4,27.4,200,2021-09-07 18:29:00,ILPT
27.39,27.41,27.39,27.41,300,2021-09-07 18:30:00,ILPT
27.41,27.41,27.41,27.41,100,2021-09-07 18:31:00,ILPT
27.41,27.415,27.41,27.41,1998,2021-09-07 18:33:00,ILPT
27.41,27.41,27.41,27.41,495,2021-09-07 18:34:00,ILPT
27.4,27.4,27.4,27.4,200,2021-09-07 18:35:00,ILPT
27.41,27.41,27.41,27.41,248,2021-09-07 18:36:00,ILPT
27.42,27.42,27.4,27.406,400,2021-09-07 18:38:00,ILPT
27.4,27.41,27.4,27.41,300,2021-09-07 18:39:00,ILPT
27.415,27.415,27.415,27.415,100,2021-09-07 18:40:00,ILPT
27.41,27.41,27.4,27.4,400,2021-09-07 18:41:00,ILPT
27.41,27.41,27.41,27.41,100,2021-09-07 18:43:00,ILPT
27.4,27.4,27.4,27.4,100,2021-09-07 18:44:00,ILPT
27.4,27.4,27.4,27.4,105,2021-09-07 18:45:00,ILPT
27.41,27.42,27.41,27.42,513,2021-09-07 18:46:00,ILPT
27.41,27.43,27.41,27.43,701,2021-09-07 18:47:00,ILPT
27.43,27.43,27.43,27.43,100,2021-09-07 18:48:00,ILPT
27.43,27.43,27.43,27.43,100,2021-09-07 18:49:00,ILPT
27.43,27.43,27.43,27.43,300,2021-09-07 18:50:00,ILPT
27.42,27.42,27.42,27.42,300,2021-09-07 18:52:00,ILPT
27.43,27.43,27.43,27.43,700,2021-09-07 18:53:00,ILPT
27.42,27.44,27.42,27.44,300,2021-09-07 18:55:00,ILPT
27.43,27.43,27.43,27.43,100,2021-09-07 18:56:00,ILPT
27.43,27.43,27.42,27.42,1100,2021-09-07 18:58:00,ILPT
27.425,27.425,27.425,27.425,300,2021-09-07 19:00:00,ILPT
27.42,27.42,27.42,27.42,100,2021-09-07 19:02:00,ILPT
27.42,27.42,27.41,27.41,200,2021-09-07 19:05:00,ILPT
27.41,27.42,27.41,27.42,300,2021-09-07 19:06:00,ILPT
27.42,27.43,27.42,27.42,800,2021-09-07 19:07:00,ILPT
27.42,27.42,27.42,27.42,100,2021-09-07 19:08:00,ILPT
27.41,27.41,27.41,27.41,600,2021-09-07 19:09:00,ILPT
27.4,27.4,27.4,27.4,200,2021-09-07 19:10:00,ILPT
27.41,27.42,27.41,27.42,1200,2021-09-07 19:11:00,ILPT
27.414,27.414,27.414,27.414,101,2021-09-07 19:14:00,ILPT
27.41,27.42,27.41,27.41,400,2021-09-07 19:15:00,ILPT
27.42,27.42,27.42,27.42,100,2021-09-07 19:16:00,ILPT
27.41,27.42,27.41,27.42,200,2021-09-07 19:18:00,ILPT
27.41,27.41,27.39,27.39,442,2021-09-07 19:20:00,ILPT
27.4,27.4,27.4,27.4,300,2021-09-07 19:21:00,ILPT
27.4,27.4,27.4,27.4,500,2021-09-07 19:23:00,ILPT
27.4,27.4,27.4,27.4,200,2021-09-07 19:26:00,ILPT
27.41,27.41,27.4,27.4,200,2021-09-07 19:29:00,ILPT
27.4,27.4,27.4,27.4,200,2021-09-07 19:30:00,ILPT
27.37,27.37,27.37,27.37,100,2021-09-07 19:31:00,ILPT
27.36,27.36,27.36,27.36,200,2021-09-07 19:32:00,ILPT
27.36,27.36,27.355,27.355,206,2021-09-07 19:33:00,ILPT
27.37,27.37,27.37,27.37,363,2021-09-07 19:35:00,ILPT
27.38,27.38,27.38,27.38,200,2021-09-07 19:36:00,ILPT
27.385,27.385,27.385,27.385,100,2021-09-07 19:37:00,ILPT
27.4,27.4,27.4,27.4,200,2021-09-07 19:38:00,ILPT
27.4,27.4,27.4,27.4,100,2021-09-07 19:39:00,ILPT
27.41,27.41,27.41,27.41,100,2021-09-07 19:40:00,ILPT
27.41,27.41,27.41,27.41,200,2021-09-07 19:41:00,ILPT
27.42,27.42,27.42,27.42,100,2021-09-07 19:42:00,ILPT
27.415,27.415,27.415,27.415,100,2021-09-07 19:43:00,ILPT
27.415,27.42,27.415,27.42,300,2021-09-07 19:44:00,ILPT
27.41,27.41,27.41,27.41,600,2021-09-07 19:45:00,ILPT
27.41,27.41,27.41,27.41,100,2021-09-07 19:46:00,ILPT
27.41,27.41,27.39,27.39,900,2021-09-07 19:47:00,ILPT
27.39,27.39,27.39,27.39,200,2021-09-07 19:48:00,ILPT
27.4,27.4,27.38,27.38,280,2021-09-07 19:49:00,ILPT
27.38,27.38,27.37,27.37,1675,2021-09-07 19:50:00,ILPT
27.365,27.365,27.365,27.365,100,2021-09-07 19:51:00,ILPT
27.36,27.36,27.35,27.35,400,2021-09-07 19:52:00,ILPT
27.36,27.36,27.36,27.36,600,2021-09-07 19:53:00,ILPT
27.36,27.38,27.35,27.38,900,2021-09-07 19:54:00,ILPT
27.3622,27.39,27.36,27.39,900,2021-09-07 19:55:00,ILPT
27.38,27.4,27.38,27.4,3584,2021-09-07 19:56:00,ILPT
27.41,27.41,27.38,27.38,1320,2021-09-07 19:57:00,ILPT
27.4,27.42,27.4,27.4125,2192,2021-09-07 19:58:00,ILPT
27.415,27.45,27.41,27.42,5994,2021-09-07 19:59:00,ILPT
27.41,27.41,27.41,27.41,58827,2021-09-07 20:00:00,ILPT
27.46,27.46,27.4,27.421,5107,2021-09-08 13:30:00,ILPT
27.45,27.45,27.12,27.29,10891,2021-09-08 13:31:00,ILPT
27.34,27.34,27.305,27.305,200,2021-09-08 13:32:00,ILPT
27.31,27.31,27.235,27.235,400,2021-09-08 13:33:00,ILPT
27.235,27.235,27.235,27.235,100,2021-09-08 13:34:00,ILPT
27.3,27.31,27.3,27.31,400,2021-09-08 13:35:00,ILPT
27.385,27.385,27.385,27.385,100,2021-09-08 13:37:00,ILPT
27.4,27.4,27.4,27.4,100,2021-09-08 13:44:00,ILPT
27.46,27.46,27.4,27.4,300,2021-09-08 13:45:00,ILPT
27.4224,27.4224,27.419,27.419,300,2021-09-08 13:48:00,ILPT
27.48,27.49,27.48,27.49,1000,2021-09-08 13:50:00,ILPT
27.495,27.495,27.495,27.495,101,2021-09-08 13:53:00,ILPT
27.49,27.49,27.49,27.49,200,2021-09-08 13:54:00,ILPT
27.505,27.52,27.505,27.51,495,2021-09-08 13:57:00,ILPT
27.52,27.54,27.46,27.52,11490,2021-09-08 13:58:00,ILPT
27.54,27.54,27.515,27.515,200,2021-09-08 13:59:00,ILPT
27.57,27.57,27.57,27.57,100,2021-09-08 14:00:00,ILPT
27.625,27.625,27.62,27.62,300,2021-09-08 14:01:00,ILPT
27.72,27.72,27.69,27.69,400,2021-09-08 14:03:00,ILPT
27.62,27.6209,27.61,27.6209,500,2021-09-08 14:04:00,ILPT
27.69,27.71,27.675,27.71,2200,2021-09-08 14:09:00,ILPT
27.67,27.67,27.65,27.65,200,2021-09-08 14:10:00,ILPT
27.65,27.65,27.6302,27.6302,300,2021-09-08 14:14:00,ILPT
27.63,27.63,27.63,27.63,100,2021-09-08 14:15:00,ILPT
27.6,27.6,27.6,27.6,200,2021-09-08 14:16:00,ILPT
27.64,27.64,27.64,27.64,100,2021-09-08 14:21:00,ILPT
27.57,27.57,27.57,27.57,100,2021-09-08 14:25:00,ILPT
27.6,27.6,27.6,27.6,201,2021-09-08 14:29:00,ILPT
27.62,27.62,27.62,27.62,100,2021-09-08 14:31:00,ILPT
27.59,27.59,27.59,27.59,700,2021-09-08 14:32:00,ILPT
27.61,27.61,27.59,27.59,8000,2021-09-08 14:36:00,ILPT
27.55,27.55,27.55,27.55,100,2021-09-08 14:42:00,ILPT
27.55,27.57,27.53,27.53,682,2021-09-08 14:44:00,ILPT
27.55,27.55,27.52,27.52,300,2021-09-08 14:45:00,ILPT
27.5001,27.5001,27.5001,27.5001,1200,2021-09-08 14:46:00,ILPT
27.57,27.57,27.57,27.57,100,2021-09-08 14:47:00,ILPT
27.53,27.57,27.53,27.57,400,2021-09-08 14:51:00,ILPT
27.555,27.57,27.555,27.57,1335,2021-09-08 14:52:00,ILPT
27.6,27.6,27.6,27.6,100,2021-09-08 14:54:00,ILPT
27.5999,27.5999,27.5999,27.5999,100,2021-09-08 14:55:00,ILPT
27.67,27.67,27.67,27.67,700,2021-09-08 14:58:00,ILPT
27.7,27.71,27.67,27.67,700,2021-09-08 15:00:00,ILPT
27.67,27.67,27.67,27.67,481,2021-09-08 15:01:00,ILPT
27.67,27.67,27.67,27.67,293,2021-09-08 15:02:00,ILPT
27.6862,27.6862,27.6862,27.6862,500,2021-09-08 15:04:00,ILPT
27.7,27.7,27.67,27.67,200,2021-09-08 15:05:00,ILPT
27.71,27.71,27.71,27.71,100,2021-09-08 15:06:00,ILPT
27.66,27.66,27.65,27.65,834,2021-09-08 15:07:00,ILPT
27.64,27.64,27.64,27.64,181,2021-09-08 15:10:00,ILPT
27.6349,27.6349,27.6349,27.6349,100,2021-09-08 15:12:00,ILPT
27.6,27.6,27.6,27.6,300,2021-09-08 15:16:00,ILPT
27.64,27.64,27.64,27.64,100,2021-09-08 15:18:00,ILPT
27.62,27.62,27.62,27.62,800,2021-09-08 15:22:00,ILPT
27.5783,27.61,27.5783,27.61,400,2021-09-08 15:25:00,ILPT
27.59,27.59,27.59,27.59,200,2021-09-08 15:26:00,ILPT
27.58,27.58,27.58,27.58,200,2021-09-08 15:33:00,ILPT
27.55,27.55,27.54,27.54,200,2021-09-08 15:35:00,ILPT
27.526,27.526,27.526,27.526,164,2021-09-08 15:37:00,ILPT
27.53,27.53,27.5,27.5,478,2021-09-08 15:42:00,ILPT
27.515,27.515,27.515,27.515,100,2021-09-08 15:43:00,ILPT
27.515,27.515,27.515,27.515,100,2021-09-08 15:44:00,ILPT
27.52,27.52,27.5,27.5,400,2021-09-08 15:45:00,ILPT
27.5,27.505,27.49,27.505,421,2021-09-08 15:46:00,ILPT
27.51,27.51,27.48,27.48,500,2021-09-08 15:47:00,ILPT
27.485,27.485,27.485,27.485,200,2021-09-08 15:48:00,ILPT
27.49,27.49,27.49,27.49,100,2021-09-08 15:49:00,ILPT
27.51,27.51,27.51,27.51,100,2021-09-08 15:50:00,ILPT
27.49,27.52,27.49,27.49,2300,2021-09-08 15:51:00,ILPT
27.49,27.49,27.49,27.49,100,2021-09-08 15:52:00,ILPT
27.49,27.5,27.48,27.5,300,2021-09-08 15:53:00,ILPT
27.5,27.5,27.5,27.5,100,2021-09-08 15:54:00,ILPT
27.495,27.495,27.45,27.45,1237,2021-09-08 15:55:00,ILPT
27.49,27.49,27.49,27.49,100,2021-09-08 15:56:00,ILPT
27.49,27.49,27.48,27.48,245,2021-09-08 15:57:00,ILPT
27.48,27.48,27.48,27.48,100,2021-09-08 15:58:00,ILPT
27.48,27.48,27.48,27.48,100,2021-09-08 15:59:00,ILPT
27.475,27.475,27.475,27.475,100,2021-09-08 16:00:00,ILPT
27.47,27.47,27.47,27.47,301,2021-09-08 16:01:00,ILPT
27.51,27.51,27.51,27.51,300,2021-09-08 16:03:00,ILPT
27.52,27.52,27.52,27.52,200,2021-09-08 16:07:00,ILPT
27.51,27.51,27.51,27.51,200,2021-09-08 16:12:00,ILPT
27.505,27.515,27.505,27.515,200,2021-09-08 16:13:00,ILPT
27.5,27.5,27.46,27.46,300,2021-09-08 16:15:00,ILPT
27.485,27.485,27.4681,27.4681,200,2021-09-08 16:16:00,ILPT
27.485,27.485,27.485,27.485,100,2021-09-08 16:17:00,ILPT
27.51,27.51,27.51,27.51,200,2021-09-08 16:19:00,ILPT
27.49,27.49,27.49,27.49,100,2021-09-08 16:22:00,ILPT
27.49,27.49,27.49,27.49,100,2021-09-08 16:23:00,ILPT
27.49,27.49,27.45,27.45,2349,2021-09-08 16:24:00,ILPT
27.45,27.46,27.39,27.44,9303,2021-09-08 16:25:00,ILPT
27.42,27.455,27.42,27.455,200,2021-09-08 16:26:00,ILPT
27.45,27.45,27.445,27.445,200,2021-09-08 16:28:00,ILPT
27.44,27.44,27.44,27.44,100,2021-09-08 16:32:00,ILPT
27.44,27.44,27.44,27.44,100,2021-09-08 16:34:00,ILPT
27.45,27.45,27.445,27.445,200,2021-09-08 16:35:00,ILPT
27.44,27.44,27.44,27.44,100,2021-09-08 16:36:00,ILPT
27.44,27.44,27.44,27.44,100,2021-09-08 16:40:00,ILPT
27.46,27.46,27.44,27.44,300,2021-09-08 16:46:00,ILPT
27.45,27.45,27.45,27.45,200,2021-09-08 16:49:00,ILPT
27.455,27.4697,27.455,27.46,430,2021-09-08 16:51:00,ILPT
27.45,27.45,27.45,27.45,100,2021-09-08 16:54:00,ILPT
27.43,27.43,27.43,27.43,100,2021-09-08 16:57:00,ILPT
27.41,27.41,27.38,27.38,200,2021-09-08 16:58:00,ILPT
27.38,27.4098,27.37,27.38,500,2021-09-08 16:59:00,ILPT
27.39,27.39,27.39,27.39,100,2021-09-08 17:00:00,ILPT
27.4,27.41,27.4,27.41,400,2021-09-08 17:06:00,ILPT
27.43,27.43,27.43,27.43,100,2021-09-08 17:07:00,ILPT
27.41,27.41,27.37,27.38,800,2021-09-08 17:09:00,ILPT
27.37,27.37,27.37,27.37,200,2021-09-08 17:10:00,ILPT
27.395,27.395,27.395,27.395,100,2021-09-08 17:13:00,ILPT
27.43,27.43,27.43,27.43,200,2021-09-08 17:15:00,ILPT
27.38,27.38,27.38,27.38,100,2021-09-08 17:19:00,ILPT
27.405,27.405,27.405,27.405,100,2021-09-08 17:23:00,ILPT
27.39,27.39,27.38,27.38,380,2021-09-08 17:27:00,ILPT
27.38,27.38,27.38,27.38,300,2021-09-08 17:28:00,ILPT
27.41,27.41,27.4,27.4,200,2021-09-08 17:32:00,ILPT
27.42,27.42,27.38,27.38,200,2021-09-08 17:40:00,ILPT
27.38,27.38,27.37,27.37,200,2021-09-08 17:42:00,ILPT
27.38,27.385,27.38,27.385,700,2021-09-08 17:45:00,ILPT
27.37,27.37,27.34,27.34,300,2021-09-08 17:46:00,ILPT
27.35,27.35,27.35,27.35,100,2021-09-08 17:48:00,ILPT
27.34,27.36,27.31,27.36,700,2021-09-08 17:50:00,ILPT
27.36,27.36,27.36,27.36,100,2021-09-08 17:53:00,ILPT
27.36,27.36,27.36,27.36,100,2021-09-08 17:54:00,ILPT
27.37,27.37,27.35,27.35,938,2021-09-08 17:56:00,ILPT
27.35,27.35,27.35,27.35,100,2021-09-08 17:57:00,ILPT
27.365,27.365,27.365,27.365,100,2021-09-08 17:59:00,ILPT
27.36,27.36,27.36,27.36,200,2021-09-08 18:00:00,ILPT
27.36,27.37,27.36,27.37,400,2021-09-08 18:01:00,ILPT
27.375,27.375,27.375,27.375,100,2021-09-08 18:02:00,ILPT
27.36,27.37,27.36,27.36,600,2021-09-08 18:03:00,ILPT
27.35,27.37,27.35,27.37,300,2021-09-08 18:04:00,ILPT
27.355,27.355,27.355,27.355,100,2021-09-08 18:05:00,ILPT
27.33,27.345,27.33,27.345,641,2021-09-08 18:08:00,ILPT
27.34,27.345,27.34,27.345,300,2021-09-08 18:10:00,ILPT
27.359,27.359,27.359,27.359,150,2021-09-08 18:12:00,ILPT
27.36,27.36,27.36,27.36,300,2021-09-08 18:15:00,ILPT
27.36,27.36,27.36,27.36,100,2021-09-08 18:20:00,ILPT
27.345,27.345,27.345,27.345,100,2021-09-08 18:21:00,ILPT
27.36,27.36,27.33,27.33,400,2021-09-08 18:23:00,ILPT
27.34,27.34,27.31,27.325,1200,2021-09-08 18:25:00,ILPT
27.325,27.325,27.325,27.325,100,2021-09-08 18:26:00,ILPT
27.31,27.337,27.31,27.337,400,2021-09-08 18:27:00,ILPT
27.315,27.32,27.315,27.32,400,2021-09-08 18:28:00,ILPT
27.31,27.31,27.31,27.31,300,2021-09-08 18:31:00,ILPT
27.31,27.31,27.31,27.31,200,2021-09-08 18:32:00,ILPT
27.315,27.315,27.315,27.315,100,2021-09-08 18:33:00,ILPT
27.31,27.328,27.31,27.32,300,2021-09-08 18:34:00,ILPT
27.328,27.328,27.31,27.31,400,2021-09-08 18:36:00,ILPT
27.328,27.328,27.328,27.328,100,2021-09-08 18:37:00,ILPT
27.31,27.315,27.28,27.29,864,2021-09-08 18:38:00,ILPT
27.295,27.295,27.295,27.295,102,2021-09-08 18:39:00,ILPT
27.29,27.295,27.29,27.295,300,2021-09-08 18:40:00,ILPT
27.295,27.295,27.289,27.289,1049,2021-09-08 18:41:00,ILPT
27.28,27.28,27.27,27.27,400,2021-09-08 18:42:00,ILPT
27.275,27.29,27.275,27.28,300,2021-09-08 18:43:00,ILPT
27.26,27.26,27.26,27.26,100,2021-09-08 18:44:00,ILPT
27.29,27.3,27.29,27.3,385,2021-09-08 18:47:00,ILPT
27.3,27.3,27.3,27.3,100,2021-09-08 18:48:00,ILPT
27.3,27.3,27.3,27.3,100,2021-09-08 18:50:00,ILPT
27.3,27.3,27.29,27.29,1350,2021-09-08 18:51:00,ILPT
27.305,27.305,27.305,27.305,1000,2021-09-08 18:52:00,ILPT
27.315,27.315,27.315,27.315,200,2021-09-08 18:53:00,ILPT
27.31,27.31,27.31,27.31,100,2021-09-08 18:55:00,ILPT
27.31,27.31,27.31,27.31,200,2021-09-08 18:56:00,ILPT
27.31,27.31,27.31,27.31,500,2021-09-08 18:57:00,ILPT
27.315,27.315,27.31,27.31,572,2021-09-08 18:58:00,ILPT
27.33,27.33,27.33,27.33,100,2021-09-08 18:59:00,ILPT
27.33,27.33,27.33,27.33,100,2021-09-08 19:00:00,ILPT
27.315,27.315,27.315,27.315,100,2021-09-08 19:01:00,ILPT
27.31,27.31,27.31,27.31,100,2021-09-08 19:02:00,ILPT
27.31,27.31,27.31,27.31,599,2021-09-08 19:03:00,ILPT
27.33,27.33,27.31,27.31,400,2021-09-08 19:04:00,ILPT
27.31,27.31,27.31,27.31,200,2021-09-08 19:05:00,ILPT
27.31,27.33,27.31,27.33,800,2021-09-08 19:06:00,ILPT
27.31,27.31,27.31,27.31,100,2021-09-08 19:07:00,ILPT
27.315,27.315,27.31,27.31,200,2021-09-08 19:11:00,ILPT
27.31,27.31,27.31,27.31,200,2021-09-08 19:12:00,ILPT
27.31,27.33,27.31,27.31,1095,2021-09-08 19:13:00,ILPT
27.31,27.31,27.31,27.31,100,2021-09-08 19:14:00,ILPT
27.31,27.31,27.31,27.31,100,2021-09-08 19:15:00,ILPT
27.31,27.32,27.31,27.32,600,2021-09-08 19:16:00,ILPT
27.31,27.31,27.31,27.31,100,2021-09-08 19:17:00,ILPT
27.31,27.31,27.3,27.3,500,2021-09-08 19:18:00,ILPT
27.305,27.31,27.305,27.31,200,2021-09-08 19:19:00,ILPT
27.31,27.31,27.31,27.31,1000,2021-09-08 19:20:00,ILPT
27.31,27.31,27.31,27.31,100,2021-09-08 19:22:00,ILPT
27.31,27.31,27.31,27.31,200,2021-09-08 19:23:00,ILPT
27.31,27.31,27.31,27.31,700,2021-09-08 19:25:00,ILPT
27.3,27.3,27.28,27.28,800,2021-09-08 19:27:00,ILPT
27.29,27.29,27.29,27.29,100,2021-09-08 19:28:00,ILPT
27.28,27.28,27.28,27.28,605,2021-09-08 19:30:00,ILPT
27.28,27.28,27.28,27.28,100,2021-09-08 19:31:00,ILPT
27.28,27.286,27.27,27.286,700,2021-09-08 19:32:00,ILPT
27.29,27.29,27.29,27.29,200,2021-09-08 19:33:00,ILPT
27.28,27.29,27.28,27.29,1045,2021-09-08 19:34:00,ILPT
27.31,27.31,27.31,27.31,100,2021-09-08 19:35:00,ILPT
27.31,27.32,27.31,27.31,3299,2021-09-08 19:36:00,ILPT
27.31,27.31,27.31,27.31,400,2021-09-08 19:37:00,ILPT
27.325,27.325,27.31,27.31,700,2021-09-08 19:38:00,ILPT
27.31,27.34,27.31,27.34,300,2021-09-08 19:39:00,ILPT
27.31,27.31,27.31,27.31,200,2021-09-08 19:40:00,ILPT
27.32,27.32,27.31,27.31,901,2021-09-08 19:41:00,ILPT
27.31,27.33,27.31,27.33,200,2021-09-08 19:42:00,ILPT
27.31,27.33,27.31,27.31,732,2021-09-08 19:43:00,ILPT
27.31,27.31,27.31,27.31,2311,2021-09-08 19:44:00,ILPT
27.31,27.34,27.31,27.31,3200,2021-09-08 19:45:00,ILPT
27.31,27.31,27.31,27.31,500,2021-09-08 19:48:00,ILPT
27.3,27.3,27.27,27.27,700,2021-09-08 19:49:00,ILPT
27.27,27.3,27.27,27.3,1476,2021-09-08 19:50:00,ILPT
27.3,27.3,27.3,27.3,100,2021-09-08 19:51:00,ILPT
27.31,27.31,27.3,27.3,500,2021-09-08 19:52:00,ILPT
27.31,27.31,27.3,27.3,800,2021-09-08 19:53:00,ILPT
27.3,27.31,27.3,27.31,300,2021-09-08 19:54:00,ILPT
27.32,27.35,27.32,27.35,781,2021-09-08 19:55:00,ILPT
27.35,27.35,27.33,27.35,1200,2021-09-08 19:56:00,ILPT
27.35,27.355,27.34,27.355,900,2021-09-08 19:57:00,ILPT
27.36,27.36,27.34,27.35,1919,2021-09-08 19:58:00,ILPT
27.36,27.37,27.33,27.33,3390,2021-09-08 19:59:00,ILPT
27.37,27.37,27.37,27.37,27197,2021-09-08 20:00:00,ILPT
27.27,27.42,27.27,27.42,3059,2021-09-09 13:30:00,ILPT
27.16,27.16,27.07,27.07,500,2021-09-09 13:31:00,ILPT
27.08,27.08,27.08,27.08,100,2021-09-09 13:35:00,ILPT
27.21,27.22,27.21,27.22,200,2021-09-09 13:37:00,ILPT
27.191,27.24,27.19,27.24,500,2021-09-09 13:40:00,ILPT
27.22,27.22,27.22,27.22,100,2021-09-09 13:41:00,ILPT
27.2,27.229,27.2,27.229,400,2021-09-09 13:44:00,ILPT
27.22,27.22,27.22,27.22,100,2021-09-09 13:45:00,ILPT
27.21,27.21,27.15,27.15,500,2021-09-09 13:46:00,ILPT
27.15,27.15,27.15,27.15,300,2021-09-09 13:47:00,ILPT
27.12,27.12,27.12,27.12,300,2021-09-09 13:48:00,ILPT
27.18,27.2,27.18,27.2,200,2021-09-09 13:51:00,ILPT
27.2394,27.2394,27.2394,27.2394,250,2021-09-09 13:54:00,ILPT
27.26,27.27,27.26,27.27,200,2021-09-09 13:57:00,ILPT
27.245,27.245,27.245,27.245,200,2021-09-09 13:58:00,ILPT
27.22,27.22,27.21,27.21,400,2021-09-09 14:01:00,ILPT
27.21,27.24,27.21,27.24,900,2021-09-09 14:02:00,ILPT
27.24,27.24,27.235,27.235,674,2021-09-09 14:03:00,ILPT
27.24,27.24,27.24,27.24,100,2021-09-09 14:04:00,ILPT
27.21,27.21,27.21,27.21,100,2021-09-09 14:05:00,ILPT
27.19,27.19,27.19,27.19,100,2021-09-09 14:07:00,ILPT
27.21,27.21,27.21,27.21,100,2021-09-09 14:08:00,ILPT
27.24,27.24,27.24,27.24,100,2021-09-09 14:12:00,ILPT
27.25,27.25,27.25,27.25,200,2021-09-09 14:13:00,ILPT
27.24,27.24,27.24,27.24,300,2021-09-09 14:15:00,ILPT
27.23,27.23,27.23,27.23,100,2021-09-09 14:16:00,ILPT
27.19,27.19,27.19,27.19,300,2021-09-09 14:21:00,ILPT
27.17,27.17,27.17,27.17,100,2021-09-09 14:25:00,ILPT
27.17,27.19,27.17,27.19,974,2021-09-09 14:28:00,ILPT
27.19,27.19,27.19,27.19,100,2021-09-09 14:30:00,ILPT
27.211,27.211,27.211,27.211,364,2021-09-09 14:32:00,ILPT
27.2398,27.25,27.22,27.22,4430,2021-09-09 14:34:00,ILPT
27.22,27.24,27.22,27.24,300,2021-09-09 14:37:00,ILPT
27.24,27.24,27.24,27.24,200,2021-09-09 14:38:00,ILPT
27.24,27.24,27.24,27.24,593,2021-09-09 14:39:00,ILPT
27.21,27.21,27.19,27.19,300,2021-09-09 14:43:00,ILPT
27.19,27.205,27.19,27.1904,1200,2021-09-09 14:46:00,ILPT
27.16,27.19,27.16,27.17,400,2021-09-09 14:47:00,ILPT
27.18,27.18,27.18,27.18,100,2021-09-09 14:50:00,ILPT
27.19,27.19,27.19,27.19,100,2021-09-09 14:51:00,ILPT
27.18,27.18,27.18,27.18,100,2021-09-09 14:54:00,ILPT
27.15,27.15,27.15,27.15,100,2021-09-09 14:55:00,ILPT
27.17,27.17,27.1503,27.1503,600,2021-09-09 14:58:00,ILPT
27.18,27.18,27.18,27.18,400,2021-09-09 14:59:00,ILPT
27.24,27.24,27.24,27.24,100,2021-09-09 15:02:00,ILPT
27.22,27.24,27.21,27.24,400,2021-09-09 15:05:00,ILPT
27.19,27.21,27.19,27.21,200,2021-09-09 15:09:00,ILPT
27.22,27.22,27.22,27.22,100,2021-09-09 15:14:00,ILPT
27.24,27.24,27.24,27.24,200,2021-09-09 15:15:00,ILPT
27.24,27.24,27.24,27.24,200,2021-09-09 15:17:00,ILPT
27.24,27.24,27.24,27.24,300,2021-09-09 15:18:00,ILPT
27.24,27.24,27.24,27.24,100,2021-09-09 15:19:00,ILPT
27.22,27.22,27.22,27.22,100,2021-09-09 15:21:00,ILPT
27.235,27.2499,27.235,27.2499,300,2021-09-09 15:23:00,ILPT
27.24,27.24,27.24,27.24,1453,2021-09-09 15:24:00,ILPT
27.24,27.24,27.24,27.24,100,2021-09-09 15:25:00,ILPT
27.23,27.23,27.23,27.23,400,2021-09-09 15:26:00,ILPT
27.2,27.23,27.2,27.23,200,2021-09-09 15:29:00,ILPT
27.225,27.225,27.22,27.22,200,2021-09-09 15:35:00,ILPT
27.23,27.23,27.23,27.23,100,2021-09-09 15:37:00,ILPT
27.23,27.23,27.23,27.23,100,2021-09-09 15:38:00,ILPT
27.25,27.25,27.25,27.25,100,2021-09-09 15:42:00,ILPT
27.22,27.22,27.22,27.22,300,2021-09-09 15:44:00,ILPT
27.21,27.21,27.21,27.21,100,2021-09-09 15:45:00,ILPT
27.23,27.23,27.23,27.23,100,2021-09-09 15:47:00,ILPT
27.22,27.22,27.22,27.22,100,2021-09-09 15:51:00,ILPT
27.22,27.22,27.22,27.22,100,2021-09-09 15:53:00,ILPT
27.24,27.24,27.24,27.24,100,2021-09-09 15:56:00,ILPT
27.22,27.22,27.22,27.22,100,2021-09-09 15:57:00,ILPT
27.2105,27.22,27.2105,27.22,850,2021-09-09 15:58:00,ILPT
27.22,27.22,27.22,27.22,300,2021-09-09 16:00:00,ILPT
27.21,27.22,27.2,27.22,600,2021-09-09 16:08:00,ILPT
27.21,27.21,27.1953,27.1953,243,2021-09-09 16:09:00,ILPT
27.2,27.2,27.2,27.2,100,2021-09-09 16:10:00,ILPT
27.205,27.205,27.205,27.205,100,2021-09-09 16:11:00,ILPT
27.2,27.2,27.2,27.2,500,2021-09-09 16:12:00,ILPT
27.19,27.19,27.19,27.19,100,2021-09-09 16:13:00,ILPT
27.18,27.18,27.18,27.18,100,2021-09-09 16:19:00,ILPT
27.19,27.19,27.19,27.19,100,2021-09-09 16:22:00,ILPT
27.219,27.219,27.192,27.192,1300,2021-09-09 16:25:00,ILPT
27.18,27.18,27.18,27.18,100,2021-09-09 16:28:00,ILPT
27.18,27.18,27.18,27.18,100,2021-09-09 16:29:00,ILPT
27.219,27.22,27.219,27.22,300,2021-09-09 16:34:00,ILPT
27.19,27.19,27.18,27.18,300,2021-09-09 16:37:00,ILPT
27.21,27.21,27.2,27.2,200,2021-09-09 16:43:00,ILPT
27.205,27.205,27.2,27.2,300,2021-09-09 16:44:00,ILPT
27.2,27.2,27.2,27.2,100,2021-09-09 16:45:00,ILPT
27.2,27.2,27.19,27.19,200,2021-09-09 16:47:00,ILPT
27.21,27.21,27.21,27.21,100,2021-09-09 16:49:00,ILPT
27.18,27.18,27.18,27.18,300,2021-09-09 16:54:00,ILPT
27.17,27.17,27.14,27.14,700,2021-09-09 16:55:00,ILPT
27.12,27.12,27.12,27.12,200,2021-09-09 16:59:00,ILPT
27.1,27.12,27.1,27.12,200,2021-09-09 17:00:00,ILPT
27.12,27.13,27.12,27.13,200,2021-09-09 17:01:00,ILPT
27.1599,27.1599,27.1599,27.1599,100,2021-09-09 17:06:00,ILPT
27.15,27.15,27.15,27.15,100,2021-09-09 17:07:00,ILPT
27.15,27.17,27.15,27.17,2240,2021-09-09 17:08:00,ILPT
27.17,27.1825,27.156,27.1825,2076,2021-09-09 17:10:00,ILPT
27.18,27.18,27.17,27.17,665,2021-09-09 17:12:00,ILPT
27.185,27.185,27.185,27.185,100,2021-09-09 17:13:00,ILPT
27.19,27.19,27.19,27.19,200,2021-09-09 17:16:00,ILPT
27.17,27.17,27.17,27.17,100,2021-09-09 17:17:00,ILPT
27.16,27.16,27.16,27.16,600,2021-09-09 17:20:00,ILPT
27.11,27.12,27.11,27.12,300,2021-09-09 17:24:00,ILPT
27.15,27.15,27.15,27.15,100,2021-09-09 17:25:00,ILPT
27.1489,27.1489,27.1489,27.1489,120,2021-09-09 17:28:00,ILPT
27.14,27.14,27.1,27.1,200,2021-09-09 17:30:00,ILPT
27.1,27.1,27.1,27.1,100,2021-09-09 17:31:00,ILPT
27.1,27.11,27.1,27.11,300,2021-09-09 17:33:00,ILPT
27.12,27.12,27.12,27.12,100,2021-09-09 17:35:00,ILPT
27.1,27.1,27.1,27.1,300,2021-09-09 17:37:00,ILPT
27.13,27.13,27.13,27.13,300,2021-09-09 17:41:00,ILPT
27.139,27.139,27.139,27.139,100,2021-09-09 17:42:00,ILPT
27.14,27.14,27.14,27.14,100,2021-09-09 17:44:00,ILPT
27.11,27.11,27.11,27.11,100,2021-09-09 17:47:00,ILPT
27.13,27.13,27.13,27.13,100,2021-09-09 17:49:00,ILPT
27.13,27.13,27.13,27.13,100,2021-09-09 17:50:00,ILPT
27.11,27.11,27.11,27.11,100,2021-09-09 17:51:00,ILPT
27.11,27.11,27.11,27.11,100,2021-09-09 17:52:00,ILPT
27.1,27.1,27.1,27.1,100,2021-09-09 17:57:00,ILPT
27.11,27.13,27.11,27.13,200,2021-09-09 18:00:00,ILPT
27.12,27.12,27.12,27.12,100,2021-09-09 18:01:00,ILPT
27.12,27.12,27.12,27.12,200,2021-09-09 18:02:00,ILPT
27.1,27.1,27.07,27.07,500,2021-09-09 18:03:00,ILPT
27.04,27.04,27.03,27.03,200,2021-09-09 18:04:00,ILPT
27.05,27.05,27.05,27.05,500,2021-09-09 18:05:00,ILPT
27.08,27.08,27.08,27.08,100,2021-09-09 18:09:00,ILPT
27.07,27.07,27.07,27.07,100,2021-09-09 18:12:00,ILPT
27.1,27.1,27.1,27.1,100,2021-09-09 18:13:00,ILPT
27.09,27.09,27.09,27.09,100,2021-09-09 18:19:00,ILPT
27.09,27.09,27.09,27.09,100,2021-09-09 18:21:00,ILPT
27.07,27.07,27.06,27.06,200,2021-09-09 18:24:00,ILPT
27.08,27.08,27.08,27.08,100,2021-09-09 18:26:00,ILPT
27.08,27.08,27.08,27.08,100,2021-09-09 18:27:00,ILPT
27.06,27.06,27.06,27.06,100,2021-09-09 18:28:00,ILPT
27.07,27.07,27.07,27.07,500,2021-09-09 18:29:00,ILPT
27.06,27.06,27.06,27.06,100,2021-09-09 18:30:00,ILPT
27.05,27.05,27.05,27.05,400,2021-09-09 18:33:00,ILPT
27.04,27.06,27.04,27.05,400,2021-09-09 18:34:00,ILPT
27.04,27.04,27.04,27.04,100,2021-09-09 18:38:00,ILPT
27.02,27.03,27.02,27.03,1000,2021-09-09 18:41:00,ILPT
27.01,27.01,27.01,27.01,100,2021-09-09 18:42:00,ILPT
27.01,27.02,27.01,27.02,527,2021-09-09 18:44:00,ILPT
27.02,27.02,27.02,27.02,100,2021-09-09 18:45:00,ILPT
27.02,27.02,27.02,27.02,200,2021-09-09 18:46:00,ILPT
27.02,27.03,27.02,27.02,1408,2021-09-09 18:47:00,ILPT
27.02,27.02,27.02,27.02,100,2021-09-09 18:48:00,ILPT
27.02,27.03,27.02,27.02,1292,2021-09-09 18:49:00,ILPT
27.02,27.02,27.02,27.02,892,2021-09-09 18:50:00,ILPT
27.02,27.02,27.01,27.02,992,2021-09-09 18:51:00,ILPT
27.01,27.04,27.01,27.02,600,2021-09-09 18:52:00,ILPT
27.04,27.04,27.01,27.02,3428,2021-09-09 18:53:00,ILPT
27.025,27.025,27.025,27.025,100,2021-09-09 18:54:00,ILPT
27.03,27.03,27.02,27.02,492,2021-09-09 18:56:00,ILPT
27.02,27.02,27.01,27.01,200,2021-09-09 18:57:00,ILPT
27.025,27.025,27.025,27.025,100,2021-09-09 18:58:00,ILPT
27.01,27.01,27.01,27.01,300,2021-09-09 18:59:00,ILPT
27.01,27.01,27.01,27.01,100,2021-09-09 19:00:00,ILPT
27.0,27.0,27.0,27.0,100,2021-09-09 19:04:00,ILPT
27.0059,27.0059,27.0059,27.0059,100,2021-09-09 19:05:00,ILPT
27.03,27.05,27.02,27.02,1332,2021-09-09 19:06:00,ILPT
27.05,27.06,27.05,27.06,894,2021-09-09 19:08:00,ILPT
27.1,27.1,27.1,27.1,100,2021-09-09 19:10:00,ILPT
27.09,27.09,27.09,27.09,100,2021-09-09 19:11:00,ILPT
27.09,27.09,27.09,27.09,400,2021-09-09 19:12:00,ILPT
27.1,27.1,27.1,27.1,100,2021-09-09 19:13:00,ILPT
27.09,27.09,27.07,27.07,600,2021-09-09 19:14:00,ILPT
27.08,27.08,27.06,27.06,200,2021-09-09 19:16:00,ILPT
27.06,27.07,27.06,27.07,366,2021-09-09 19:18:00,ILPT
27.05,27.07,27.05,27.07,200,2021-09-09 19:20:00,ILPT
27.05,27.05,27.05,27.05,300,2021-09-09 19:21:00,ILPT
27.04,27.04,27.03,27.03,700,2021-09-09 19:24:00,ILPT
27.04,27.05,27.04,27.05,300,2021-09-09 19:26:00,ILPT
27.04,27.04,27.04,27.04,100,2021-09-09 19:27:00,ILPT
27.06,27.06,27.06,27.06,200,2021-09-09 19:28:00,ILPT
27.06,27.06,27.04,27.04,300,2021-09-09 19:29:00,ILPT
27.03,27.031,27.0,27.0,850,2021-09-09 19:30:00,ILPT
26.99,26.99,26.95,26.95,500,2021-09-09 19:31:00,ILPT
26.95,26.98,26.95,26.98,1086,2021-09-09 19:32:00,ILPT
26.955,26.955,26.92,26.92,800,2021-09-09 19:34:00,ILPT
26.935,26.94,26.935,26.94,242,2021-09-09 19:35:00,ILPT
26.93,26.95,26.93,26.95,500,2021-09-09 19:36:00,ILPT
26.945,26.96,26.945,26.96,750,2021-09-09 19:37:00,ILPT
26.9693,26.9693,26.9693,26.9693,200,2021-09-09 19:39:00,ILPT
26.95,26.95,26.95,26.95,600,2021-09-09 19:40:00,ILPT
26.94,26.94,26.94,26.94,200,2021-09-09 19:41:00,ILPT
26.945,26.945,26.94,26.94,600,2021-09-09 19:42:00,ILPT
26.93,26.93,26.93,26.93,100,2021-09-09 19:43:00,ILPT
26.92,26.92,26.92,26.92,200,2021-09-09 19:44:00,ILPT
26.925,26.94,26.925,26.94,500,2021-09-09 19:45:00,ILPT
26.95,26.95,26.95,26.95,1690,2021-09-09 19:46:00,ILPT
26.94,26.95,26.94,26.94,402,2021-09-09 19:47:00,ILPT
26.94,26.94,26.92,26.92,705,2021-09-09 19:49:00,ILPT
26.92,26.92,26.88,26.88,1770,2021-09-09 19:50:00,ILPT
26.87,26.89,26.87,26.89,2310,2021-09-09 19:51:00,ILPT
26.9,26.9,26.89,26.89,200,2021-09-09 19:52:00,ILPT
26.88,26.88,26.86,26.86,600,2021-09-09 19:53:00,ILPT
26.88,26.88,26.79,26.8,3570,2021-09-09 19:54:00,ILPT
26.78,26.81,26.78,26.81,1294,2021-09-09 19:55:00,ILPT
26.78,26.79,26.78,26.79,200,2021-09-09 19:56:00,ILPT
26.8,26.8,26.78,26.799,2232,2021-09-09 19:57:00,ILPT
26.79,26.7979,26.78,26.78,2120,2021-09-09 19:58:00,ILPT
26.78,26.78,26.76,26.77,4964,2021-09-09 19:59:00,ILPT
26.76,26.76,26.76,26.76,39956,2021-09-09 20:00:00,ILPT
26.76,26.76,26.76,26.76,158,2021-09-09 20:01:00,ILPT
26.76,26.76,26.76,26.76,257,2021-09-09 20:02:00,ILPT
26.88,26.88,26.83,26.83,1814,2021-09-10 13:30:00,ILPT
26.75,26.75,26.6,26.6,1250,2021-09-10 13:31:00,ILPT
26.62,26.62,26.62,26.62,100,2021-09-10 13:33:00,ILPT
26.645,26.645,26.62,26.62,200,2021-09-10 13:34:00,ILPT
26.62,26.7,26.62,26.6752,2514,2021-09-10 13:35:00,ILPT
26.63,26.66,26.63,26.66,400,2021-09-10 13:38:00,ILPT
26.67,26.67,26.67,26.67,200,2021-09-10 13:44:00,ILPT
26.68,26.68,26.6616,26.6616,471,2021-09-10 13:46:00,ILPT
26.65,26.65,26.58,26.61,800,2021-09-10 13:48:00,ILPT
26.58,26.58,26.55,26.55,500,2021-09-10 13:49:00,ILPT
26.55,26.55,26.5155,26.55,644,2021-09-10 13:50:00,ILPT
26.58,26.58,26.58,26.58,100,2021-09-10 13:51:00,ILPT
26.54,26.554,26.54,26.554,1005,2021-09-10 13:52:00,ILPT
26.52,26.52,26.52,26.52,225,2021-09-10 13:54:00,ILPT
26.5608,26.5608,26.5608,26.5608,360,2021-09-10 13:55:00,ILPT
26.54,26.5566,26.54,26.5566,200,2021-09-10 13:57:00,ILPT
26.5051,26.5051,26.5051,26.5051,634,2021-09-10 13:58:00,ILPT
26.51,26.51,26.44,26.46,11372,2021-09-10 13:59:00,ILPT
26.45,26.45,26.45,26.45,396,2021-09-10 14:00:00,ILPT
26.47,26.48,26.47,26.48,300,2021-09-10 14:03:00,ILPT
26.46,26.46,26.46,26.46,432,2021-09-10 14:04:00,ILPT
26.44,26.442,26.44,26.442,565,2021-09-10 14:05:00,ILPT
26.472,26.472,26.472,26.472,253,2021-09-10 14:07:00,ILPT
26.48,26.48,26.48,26.48,400,2021-09-10 14:08:00,ILPT
26.48,26.48,26.48,26.48,200,2021-09-10 14:09:00,ILPT
26.505,26.53,26.505,26.53,200,2021-09-10 14:11:00,ILPT
26.5,26.5,26.5,26.5,191,2021-09-10 14:13:00,ILPT
26.55,26.56,26.535,26.56,400,2021-09-10 14:16:00,ILPT
26.57,26.57,26.57,26.57,100,2021-09-10 14:17:00,ILPT
26.5135,26.5135,26.5,26.5,305,2021-09-10 14:19:00,ILPT
26.52,26.52,26.495,26.495,600,2021-09-10 14:20:00,ILPT
26.4909,26.4909,26.4909,26.4909,997,2021-09-10 14:22:00,ILPT
26.52,26.53,26.52,26.52,601,2021-09-10 14:23:00,ILPT
26.52,26.5246,26.48,26.5246,1224,2021-09-10 14:24:00,ILPT
26.5599,26.5599,26.5599,26.5599,1500,2021-09-10 14:29:00,ILPT
26.52,26.52,26.51,26.52,300,2021-09-10 14:30:00,ILPT
26.48,26.48,26.48,26.48,100,2021-09-10 14:31:00,ILPT
26.49,26.49,26.49,26.49,1300,2021-09-10 14:32:00,ILPT
26.5,26.5,26.5,26.5,100,2021-09-10 14:33:00,ILPT
26.52,26.52,26.52,26.52,100,2021-09-10 14:34:00,ILPT
26.56,26.56,26.56,26.56,185,2021-09-10 14:35:00,ILPT
26.59,26.59,26.59,26.59,100,2021-09-10 14:38:00,ILPT
26.56,26.56,26.56,26.56,400,2021-09-10 14:39:00,ILPT
26.585,26.585,26.54,26.54,604,2021-09-10 14:40:00,ILPT
26.5212,26.5212,26.5212,26.5212,370,2021-09-10 14:43:00,ILPT
26.49,26.49,26.49,26.49,400,2021-09-10 14:45:00,ILPT
26.5,26.5,26.495,26.495,400,2021-09-10 14:46:00,ILPT
26.4909,26.4909,26.4909,26.4909,300,2021-09-10 14:48:00,ILPT
26.48,26.48,26.48,26.48,100,2021-09-10 14:49:00,ILPT
26.49,26.49,26.49,26.49,1000,2021-09-10 14:51:00,ILPT
26.476,26.495,26.4705,26.495,2200,2021-09-10 14:52:00,ILPT
26.509,26.53,26.509,26.53,400,2021-09-10 14:53:00,ILPT
26.53,26.53,26.49,26.49,500,2021-09-10 14:54:00,ILPT
26.46,26.49,26.45,26.49,784,2021-09-10 14:55:00,ILPT
26.49,26.49,26.49,26.49,100,2021-09-10 14:59:00,ILPT
26.51,26.51,26.51,26.51,200,2021-09-10 15:00:00,ILPT
26.51,26.51,26.51,26.51,100,2021-09-10 15:01:00,ILPT
26.5,26.51,26.49,26.51,475,2021-09-10 15:02:00,ILPT
26.51,26.51,26.51,26.51,100,2021-09-10 15:03:00,ILPT
26.5,26.52,26.49,26.5,400,2021-09-10 15:06:00,ILPT
26.51,26.51,26.505,26.505,342,2021-09-10 15:11:00,ILPT
26.51,26.51,26.51,26.51,100,2021-09-10 15:13:00,ILPT
26.51,26.51,26.51,26.51,235,2021-09-10 15:17:00,ILPT
26.5,26.52,26.5,26.51,500,2021-09-10 15:20:00,ILPT
26.51,26.51,26.5,26.51,400,2021-09-10 15:22:00,ILPT
26.515,26.515,26.515,26.515,100,2021-09-10 15:24:00,ILPT
26.53,26.53,26.51,26.51,200,2021-09-10 15:25:00,ILPT
26.5,26.5,26.5,26.5,126,2021-09-10 15:26:00,ILPT
26.47,26.47,26.47,26.47,934,2021-09-10 15:27:00,ILPT
26.48,26.48,26.48,26.48,100,2021-09-10 15:30:00,ILPT
26.485,26.5,26.485,26.5,300,2021-09-10 15:31:00,ILPT
26.5,26.5,26.5,26.5,200,2021-09-10 15:33:00,ILPT
26.495,26.51,26.49,26.49,1907,2021-09-10 15:34:00,ILPT
26.5,26.5,26.48,26.48,300,2021-09-10 15:36:00,ILPT
26.51,26.51,26.51,26.51,100,2021-09-10 15:42:00,ILPT
26.51,26.51,26.51,26.51,100,2021-09-10 15:44:00,ILPT
26.51,26.51,26.51,26.51,700,2021-09-10 15:46:00,ILPT
26.51,26.51,26.51,26.51,100,2021-09-10 15:47:00,ILPT
26.5,26.5,26.495,26.495,400,2021-09-10 15:48:00,ILPT
26.47,26.47,26.47,26.47,100,2021-09-10 15:50:00,ILPT
26.49,26.49,26.49,26.49,100,2021-09-10 15:51:00,ILPT
26.47,26.47,26.47,26.47,100,2021-09-10 15:52:00,ILPT
26.46,26.46,26.46,26.46,100,2021-09-10 15:53:00,ILPT
26.5,26.5,26.5,26.5,100,2021-09-10 15:57:00,ILPT
26.51,26.51,26.51,26.51,108,2021-09-10 15:58:00,ILPT
26.52,26.52,26.52,26.52,100,2021-09-10 15:59:00,ILPT
26.5,26.5,26.5,26.5,100,2021-09-10 16:02:00,ILPT
26.5264,26.5264,26.5264,26.5264,100,2021-09-10 16:03:00,ILPT
26.5303,26.551,26.5301,26.539,5000,2021-09-10 16:07:00,ILPT
26.54,26.54,26.54,26.54,100,2021-09-10 16:08:00,ILPT
26.56,26.56,26.56,26.56,100,2021-09-10 16:09:00,ILPT
26.55,26.58,26.55,26.58,200,2021-09-10 16:15:00,ILPT
26.59,26.59,26.59,26.59,100,2021-09-10 16:16:00,ILPT
26.595,26.595,26.5801,26.5801,1121,2021-09-10 16:19:00,ILPT
26.6,26.6,26.6,26.6,200,2021-09-10 16:20:00,ILPT
26.58,26.58,26.57,26.58,500,2021-09-10 16:26:00,ILPT
26.56,26.56,26.56,26.56,201,2021-09-10 16:28:00,ILPT
26.55,26.55,26.55,26.55,100,2021-09-10 16:30:00,ILPT
26.55,26.55,26.55,26.55,200,2021-09-10 16:31:00,ILPT
26.545,26.55,26.545,26.55,200,2021-09-10 16:35:00,ILPT
26.5433,26.5433,26.5433,26.5433,1000,2021-09-10 16:36:00,ILPT
26.55,26.55,26.54,26.54,400,2021-09-10 16:37:00,ILPT
26.54,26.54,26.54,26.54,100,2021-09-10 16:38:00,ILPT
26.51,26.51,26.51,26.51,100,2021-09-10 16:46:00,ILPT
26.5,26.51,26.5,26.51,786,2021-09-10 16:47:00,ILPT
26.5,26.5,26.5,26.5,100,2021-09-10 16:48:00,ILPT
26.4901,26.494,26.49,26.494,300,2021-09-10 16:49:00,ILPT
26.485,26.485,26.48,26.48,242,2021-09-10 16:50:00,ILPT
26.46,26.4675,26.46,26.46,300,2021-09-10 16:58:00,ILPT
26.4617,26.4617,26.4617,26.4617,499,2021-09-10 16:59:00,ILPT
26.49,26.49,26.49,26.49,100,2021-09-10 17:06:00,ILPT
26.46,26.46,26.46,26.46,100,2021-09-10 17:08:00,ILPT
26.46,26.46,26.46,26.46,200,2021-09-10 17:10:00,ILPT
26.46,26.46,26.46,26.46,100,2021-09-10 17:14:00,ILPT
26.45,26.45,26.45,26.45,100,2021-09-10 17:16:00,ILPT
26.46,26.47,26.46,26.47,200,2021-09-10 17:17:00,ILPT
26.45,26.45,26.45,26.45,1000,2021-09-10 17:19:00,ILPT
26.46,26.46,26.45,26.45,200,2021-09-10 17:23:00,ILPT
26.4477,26.4477,26.4477,26.4477,2500,2021-09-10 17:25:00,ILPT
26.47,26.48,26.47,26.48,365,2021-09-10 17:26:00,ILPT
26.5,26.51,26.5,26.51,1085,2021-09-10 17:28:00,ILPT
26.52,26.52,26.52,26.52,100,2021-09-10 17:29:00,ILPT
26.51,26.51,26.51,26.51,100,2021-09-10 17:31:00,ILPT
26.51,26.51,26.51,26.51,300,2021-09-10 17:32:00,ILPT
26.5002,26.51,26.5,26.51,916,2021-09-10 17:37:00,ILPT
26.51,26.51,26.51,26.51,100,2021-09-10 17:39:00,ILPT
26.51,26.51,26.51,26.51,100,2021-09-10 17:40:00,ILPT
26.5,26.5,26.5,26.5,100,2021-09-10 17:43:00,ILPT
26.49,26.49,26.49,26.49,100,2021-09-10 17:45:00,ILPT
26.5,26.5,26.48,26.48,1300,2021-09-10 17:46:00,ILPT
26.5,26.5,26.495,26.495,200,2021-09-10 17:48:00,ILPT
26.49,26.49,26.49,26.49,100,2021-09-10 17:49:00,ILPT
26.47,26.47,26.47,26.47,100,2021-09-10 17:52:00,ILPT
26.47,26.48,26.47,26.48,300,2021-09-10 17:59:00,ILPT
26.475,26.5,26.475,26.5,1183,2021-09-10 18:00:00,ILPT
26.51,26.51,26.51,26.51,100,2021-09-10 18:04:00,ILPT
26.5,26.5,26.5,26.5,100,2021-09-10 18:06:00,ILPT
26.49,26.49,26.48,26.49,682,2021-09-10 18:10:00,ILPT
26.489,26.489,26.47,26.4745,500,2021-09-10 18:14:00,ILPT
26.48,26.48,26.46,26.46,212,2021-09-10 18:16:00,ILPT
26.49,26.49,26.49,26.49,100,2021-09-10 18:20:00,ILPT
26.489,26.49,26.489,26.49,200,2021-09-10 18:21:00,ILPT
26.49,26.49,26.49,26.49,200,2021-09-10 18:22:00,ILPT
26.485,26.485,26.485,26.485,100,2021-09-10 18:24:00,ILPT
26.49,26.49,26.49,26.49,100,2021-09-10 18:25:00,ILPT
26.49,26.49,26.49,26.49,150,2021-09-10 18:28:00,ILPT
26.5,26.51,26.5,26.5,500,2021-09-10 18:29:00,ILPT
26.51,26.51,26.51,26.51,300,2021-09-10 18:32:00,ILPT
26.5075,26.5075,26.5075,26.5075,100,2021-09-10 18:38:00,ILPT
26.5,26.5,26.5,26.5,110,2021-09-10 18:40:00,ILPT
26.51,26.515,26.51,26.515,500,2021-09-10 18:41:00,ILPT
26.52,26.52,26.51,26.51,1000,2021-09-10 18:42:00,ILPT
26.51,26.52,26.5,26.5,2615,2021-09-10 18:44:00,ILPT
26.505,26.505,26.505,26.505,184,2021-09-10 18:45:00,ILPT
26.49,26.4983,26.49,26.4983,418,2021-09-10 18:48:00,ILPT
26.495,26.495,26.49,26.49,516,2021-09-10 18:50:00,ILPT
26.51,26.51,26.51,26.51,200,2021-09-10 18:51:00,ILPT
26.5,26.5,26.5,26.5,400,2021-09-10 18:52:00,ILPT
26.49,26.49,26.49,26.49,500,2021-09-10 18:53:00,ILPT
26.49,26.49,26.48,26.48,304,2021-09-10 18:57:00,ILPT
26.48,26.48,26.42,26.4799,2681,2021-09-10 18:58:00,ILPT
26.47,26.48,26.45,26.45,600,2021-09-10 18:59:00,ILPT
26.45,26.46,26.45,26.46,400,2021-09-10 19:00:00,ILPT
26.46,26.46,26.46,26.46,200,2021-09-10 19:01:00,ILPT
26.44,26.44,26.44,26.44,155,2021-09-10 19:02:00,ILPT
26.46,26.46,26.46,26.46,100,2021-09-10 19:05:00,ILPT
26.47,26.47,26.47,26.47,100,2021-09-10 19:06:00,ILPT
26.47,26.47,26.46,26.47,563,2021-09-10 19:07:00,ILPT
26.455,26.455,26.455,26.455,100,2021-09-10 19:10:00,ILPT
26.44,26.44,26.44,26.44,600,2021-09-10 19:13:00,ILPT
26.44,26.4575,26.44,26.4575,200,2021-09-10 19:14:00,ILPT
26.4575,26.4575,26.4575,26.4575,100,2021-09-10 19:16:00,ILPT
26.44,26.44,26.44,26.44,100,2021-09-10 19:17:00,ILPT
26.44,26.44,26.43,26.4354,647,2021-09-10 19:18:00,ILPT
26.42,26.42,26.41,26.41,523,2021-09-10 19:19:00,ILPT
26.41,26.41,26.41,26.41,200,2021-09-10 19:20:00,ILPT
26.4,26.4,26.4,26.4,1058,2021-09-10 19:22:00,ILPT
26.39,26.39,26.39,26.39,750,2021-09-10 19:23:00,ILPT
26.38,26.38,26.36,26.38,881,2021-09-10 19:25:00,ILPT
26.38,26.39,26.38,26.39,300,2021-09-10 19:26:00,ILPT
26.385,26.385,26.385,26.385,800,2021-09-10 19:27:00,ILPT
26.39,26.405,26.39,26.405,1343,2021-09-10 19:28:00,ILPT
26.4,26.4,26.4,26.4,100,2021-09-10 19:29:00,ILPT
26.39,26.39,26.37,26.37,800,2021-09-10 19:30:00,ILPT
26.38,26.38,26.38,26.38,100,2021-09-10 19:31:00,ILPT
26.3603,26.37,26.36,26.36,600,2021-09-10 19:32:00,ILPT
26.365,26.365,26.365,26.365,200,2021-09-10 19:33:00,ILPT
26.35,26.35,26.35,26.35,300,2021-09-10 19:34:00,ILPT
26.34,26.34,26.32,26.32,800,2021-09-10 19:35:00,ILPT
26.32,26.32,26.32,26.32,100,2021-09-10 19:36:00,ILPT
26.3,26.3,26.3,26.3,1190,2021-09-10 19:37:00,ILPT
26.295,26.305,26.295,26.3,400,2021-09-10 19:38:00,ILPT
26.305,26.31,26.3,26.3,866,2021-09-10 19:39:00,ILPT
26.29,26.29,26.26,26.29,1400,2021-09-10 19:40:00,ILPT
26.2801,26.35,26.2801,26.35,3243,2021-09-10 19:41:00,ILPT
26.35,26.35,26.31,26.31,600,2021-09-10 19:42:00,ILPT
26.315,26.315,26.315,26.315,100,2021-09-10 19:43:00,ILPT
26.33,26.33,26.3,26.3,900,2021-09-10 19:45:00,ILPT
26.29,26.29,26.28,26.28,300,2021-09-10 19:46:00,ILPT
26.28,26.28,26.275,26.275,400,2021-09-10 19:47:00,ILPT
26.275,26.275,26.275,26.275,280,2021-09-10 19:48:00,ILPT
26.28,26.28,26.27,26.27,480,2021-09-10 19:49:00,ILPT
26.25,26.25,26.18,26.195,2353,2021-09-10 19:50:00,ILPT
26.19,26.2,26.18,26.18,6666,2021-09-10 19:51:00,ILPT
26.18,26.18,26.15,26.15,4453,2021-09-10 19:52:00,ILPT
26.18,26.18,26.16,26.16,677,2021-09-10 19:53:00,ILPT
26.18,26.2,26.17,26.2,300,2021-09-10 19:54:00,ILPT
26.19,26.19,26.175,26.19,900,2021-09-10 19:55:00,ILPT
26.18,26.19,26.14,26.14,1700,2021-09-10 19:56:00,ILPT
26.12,26.1499,26.12,26.1499,500,2021-09-10 19:57:00,ILPT
26.14,26.16,26.13,26.15,1761,2021-09-10 19:58:00,ILPT
26.17,26.18,26.15,26.17,3992,2021-09-10 19:59:00,ILPT
26.18,26.18,26.18,26.18,34678,2021-09-10 20:00:00,ILPT
26.18,26.18,26.18,26.18,2936,2021-09-10 20:01:00,ILPT
26.18,26.18,26.18,26.18,6916,2021-09-10 21:00:00,ILPT
26.24,26.25,26.24,26.25,700,2021-09-13 11:31:00,ILPT
26.24,26.24,26.24,26.24,100,2021-09-13 11:32:00,ILPT
26.22,26.22,26.22,26.22,4706,2021-09-13 13:30:00,ILPT
26.19,26.19,26.19,26.19,100,2021-09-13 13:31:00,ILPT
26.23,26.23,26.23,26.23,150,2021-09-13 13:33:00,ILPT
26.2298,26.2298,26.18,26.18,1897,2021-09-13 13:34:00,ILPT
26.18,26.22,26.18,26.22,200,2021-09-13 13:35:00,ILPT
26.22,26.22,26.22,26.22,100,2021-09-13 13:36:00,ILPT
26.1801,26.25,26.1801,26.25,701,2021-09-13 13:38:00,ILPT
26.289,26.289,26.25,26.27,1000,2021-09-13 13:39:00,ILPT
26.3,26.3,26.3,26.3,300,2021-09-13 13:40:00,ILPT
26.278,26.37,26.278,26.37,1184,2021-09-13 13:41:00,ILPT
26.33,26.33,26.33,26.33,100,2021-09-13 13:43:00,ILPT
26.38,26.38,26.38,26.38,300,2021-09-13 13:44:00,ILPT
26.39,26.39,26.39,26.39,189,2021-09-13 13:45:00,ILPT
26.37,26.39,26.36,26.39,900,2021-09-13 13:48:00,ILPT
26.36,26.36,26.36,26.36,100,2021-09-13 13:49:00,ILPT
26.4,26.41,26.39,26.41,1499,2021-09-13 13:51:00,ILPT
26.4,26.4,26.35,26.35,533,2021-09-13 13:52:00,ILPT
26.31,26.31,26.31,26.31,100,2021-09-13 13:54:00,ILPT
26.32,26.32,26.26,26.26,400,2021-09-13 13:55:00,ILPT
26.31,26.31,26.31,26.31,100,2021-09-13 13:57:00,ILPT
26.315,26.315,26.315,26.315,100,2021-09-13 13:58:00,ILPT
26.34,26.36,26.32,26.32,1000,2021-09-13 13:59:00,ILPT
26.32,26.32,26.32,26.32,100,2021-09-13 14:00:00,ILPT
26.2277,26.2277,26.2277,26.2277,100,2021-09-13 14:05:00,ILPT
26.285,26.285,26.23,26.23,1600,2021-09-13 14:06:00,ILPT
26.25,26.25,26.23,26.23,250,2021-09-13 14:07:00,ILPT
26.2401,26.2401,26.2401,26.2401,600,2021-09-13 14:08:00,ILPT
26.24,26.24,26.24,26.24,100,2021-09-13 14:10:00,ILPT
26.27,26.28,26.255,26.26,700,2021-09-13 14:11:00,ILPT
26.29,26.32,26.29,26.32,400,2021-09-13 14:13:00,ILPT
26.33,26.33,26.33,26.33,100,2021-09-13 14:14:00,ILPT
26.32,26.32,26.32,26.32,100,2021-09-13 14:15:00,ILPT
26.33,26.33,26.315,26.315,300,2021-09-13 14:17:00,ILPT
26.32,26.32,26.32,26.32,100,2021-09-13 14:18:00,ILPT
26.3,26.3,26.28,26.28,300,2021-09-13 14:19:00,ILPT
26.3,26.3,26.3,26.3,100,2021-09-13 14:20:00,ILPT
26.32,26.32,26.32,26.32,100,2021-09-13 14:21:00,ILPT
26.3,26.32,26.3,26.32,800,2021-09-13 14:22:00,ILPT
26.3247,26.35,26.3001,26.32,1900,2021-09-13 14:23:00,ILPT
26.35,26.35,26.33,26.335,450,2021-09-13 14:24:00,ILPT
26.35,26.35,26.35,26.35,150,2021-09-13 14:25:00,ILPT
26.32,26.32,26.32,26.32,100,2021-09-13 14:27:00,ILPT
26.32,26.325,26.32,26.325,200,2021-09-13 14:28:00,ILPT
26.34,26.38,26.34,26.38,600,2021-09-13 14:29:00,ILPT
26.35,26.35,26.33,26.33,300,2021-09-13 14:30:00,ILPT
26.355,26.355,26.355,26.355,100,2021-09-13 14:31:00,ILPT
26.33,26.33,26.32,26.33,400,2021-09-13 14:33:00,ILPT
26.32,26.32,26.32,26.32,402,2021-09-13 14:34:00,ILPT
26.315,26.32,26.3,26.3,400,2021-09-13 14:35:00,ILPT
26.35,26.35,26.325,26.325,200,2021-09-13 14:36:00,ILPT
26.34,26.35,26.34,26.35,300,2021-09-13 14:38:00,ILPT
26.33,26.33,26.33,26.33,100,2021-09-13 14:40:00,ILPT
26.33,26.33,26.32,26.32,500,2021-09-13 14:41:00,ILPT
26.32,26.32,26.32,26.32,100,2021-09-13 14:44:00,ILPT
26.32,26.34,26.32,26.32,950,2021-09-13 14:45:00,ILPT
26.32,26.32,26.32,26.32,100,2021-09-13 14:46:00,ILPT
26.32,26.32,26.32,26.32,100,2021-09-13 14:48:00,ILPT
26.3,26.3,26.3,26.3,2050,2021-09-13 14:49:00,ILPT
26.3,26.3,26.3,26.3,100,2021-09-13 14:50:00,ILPT
26.32,26.32,26.32,26.32,200,2021-09-13 14:51:00,ILPT
26.32,26.325,26.32,26.32,684,2021-09-13 14:52:00,ILPT
26.32,26.32,26.32,26.32,727,2021-09-13 14:53:00,ILPT
26.32,26.35,26.32,26.35,4715,2021-09-13 14:54:00,ILPT
26.33,26.36,26.32,26.32,1711,2021-09-13 14:55:00,ILPT
26.31,26.36,26.31,26.31,4844,2021-09-13 14:56:00,ILPT
26.31,26.325,26.31,26.325,1086,2021-09-13 14:57:00,ILPT
26.32,26.32,26.32,26.32,205,2021-09-13 14:58:00,ILPT
26.315,26.32,26.315,26.32,200,2021-09-13 14:59:00,ILPT
26.311,26.33,26.311,26.33,400,2021-09-13 15:00:00,ILPT
26.33,26.33,26.33,26.33,100,2021-09-13 15:02:00,ILPT
26.33,26.33,26.33,26.33,100,2021-09-13 15:03:00,ILPT
26.32,26.33,26.32,26.33,200,2021-09-13 15:04:00,ILPT
26.32,26.33,26.32,26.33,500,2021-09-13 15:05:00,ILPT
26.31,26.365,26.31,26.365,1590,2021-09-13 15:06:00,ILPT
26.37,26.4,26.37,26.4,700,2021-09-13 15:07:00,ILPT
26.4,26.4,26.38,26.38,418,2021-09-13 15:08:00,ILPT
26.34,26.34,26.34,26.34,100,2021-09-13 15:10:00,ILPT
26.35,26.35,26.33,26.33,200,2021-09-13 15:11:00,ILPT
26.33,26.345,26.32,26.32,600,2021-09-13 15:13:00,ILPT
26.3,26.3,26.3,26.3,300,2021-09-13 15:14:00,ILPT
26.29,26.29,26.29,26.29,100,2021-09-13 15:15:00,ILPT
26.3,26.3,26.3,26.3,200,2021-09-13 15:16:00,ILPT
26.28,26.28,26.28,26.28,320,2021-09-13 15:19:00,ILPT
26.275,26.275,26.26,26.26,200,2021-09-13 15:20:00,ILPT
26.25,26.26,26.25,26.26,200,2021-09-13 15:21:00,ILPT
26.27,26.27,26.26,26.27,1000,2021-09-13 15:22:00,ILPT
26.27,26.28,26.27,26.28,242,2021-09-13 15:23:00,ILPT
26.28,26.285,26.28,26.285,400,2021-09-13 15:25:00,ILPT
26.28,26.28,26.28,26.28,100,2021-09-13 15:26:00,ILPT
26.31,26.31,26.31,26.31,200,2021-09-13 15:27:00,ILPT
26.31,26.31,26.31,26.31,928,2021-09-13 15:30:00,ILPT
26.315,26.33,26.29,26.33,300,2021-09-13 15:31:00,ILPT
26.36,26.36,26.35,26.36,300,2021-09-13 15:33:00,ILPT
26.34,26.34,26.34,26.34,100,2021-09-13 15:35:00,ILPT
26.3,26.3,26.29,26.29,300,2021-09-13 15:37:00,ILPT
26.32,26.32,26.305,26.305,500,2021-09-13 15:38:00,ILPT
26.315,26.315,26.315,26.315,100,2021-09-13 15:39:00,ILPT
26.3129,26.3129,26.28,26.28,413,2021-09-13 15:43:00,ILPT
26.28,26.28,26.28,26.28,100,2021-09-13 15:44:00,ILPT
26.29,26.29,26.29,26.29,200,2021-09-13 15:45:00,ILPT
26.27,26.27,26.27,26.27,200,2021-09-13 15:46:00,ILPT
26.3,26.3,26.3,26.3,100,2021-09-13 15:48:00,ILPT
26.29,26.29,26.29,26.29,200,2021-09-13 15:50:00,ILPT
26.28,26.29,26.28,26.29,200,2021-09-13 15:52:00,ILPT
26.31,26.31,26.3,26.3,200,2021-09-13 15:54:00,ILPT
26.305,26.32,26.305,26.32,300,2021-09-13 15:55:00,ILPT
26.299,26.299,26.29,26.29,200,2021-09-13 15:57:00,ILPT
26.31,26.31,26.31,26.31,100,2021-09-13 15:58:00,ILPT
26.31,26.31,26.31,26.31,100,2021-09-13 15:59:00,ILPT
26.3099,26.3099,26.3099,26.3099,100,2021-09-13 16:00:00,ILPT
26.27,26.27,26.25,26.25,1157,2021-09-13 16:02:00,ILPT
26.265,26.29,26.265,26.28,700,2021-09-13 16:06:00,ILPT
26.28,26.28,26.28,26.28,1900,2021-09-13 16:07:00,ILPT
26.25,26.3,26.25,26.3,3000,2021-09-13 16:10:00,ILPT
26.28,26.28,26.28,26.28,100,2021-09-13 16:12:00,ILPT
26.29,26.29,26.29,26.29,100,2021-09-13 16:14:00,ILPT
26.29,26.29,26.29,26.29,100,2021-09-13 16:15:00,ILPT
26.295,26.295,26.29,26.29,626,2021-09-13 16:16:00,ILPT
26.28,26.28,26.27,26.27,1900,2021-09-13 16:17:00,ILPT
26.26,26.26,26.26,26.26,100,2021-09-13 16:20:00,ILPT
26.26,26.26,26.25,26.25,346,2021-09-13 16:21:00,ILPT
26.25,26.25,26.25,26.25,400,2021-09-13 16:22:00,ILPT
26.25,26.25,26.25,26.25,100,2021-09-13 16:23:00,ILPT
26.26,26.27,26.26,26.27,700,2021-09-13 16:25:00,ILPT
26.25,26.25,26.24,26.24,400,2021-09-13 16:27:00,ILPT
26.23,26.25,26.23,26.25,300,2021-09-13 16:28:00,ILPT
26.24,26.25,26.24,26.25,351,2021-09-13 16:29:00,ILPT
26.255,26.255,26.255,26.255,1903,2021-09-13 16:31:00,ILPT
26.23,26.23,26.23,26.23,100,2021-09-13 16:32:00,ILPT
26.24,26.24,26.24,26.24,100,2021-09-13 16:37:00,ILPT
26.24,26.24,26.24,26.24,200,2021-09-13 16:38:00,ILPT
26.23,26.23,26.22,26.23,1353,2021-09-13 16:41:00,ILPT
26.22,26.22,26.22,26.22,100,2021-09-13 16:42:00,ILPT
26.23,26.23,26.23,26.23,100,2021-09-13 16:43:00,ILPT
26.23,26.23,26.23,26.23,300,2021-09-13 16:46:00,ILPT
26.21,26.21,26.21,26.21,400,2021-09-13 16:48:00,ILPT
26.23,26.23,26.23,26.23,200,2021-09-13 16:49:00,ILPT
26.22,26.22,26.22,26.22,100,2021-09-13 16:50:00,ILPT
26.21,26.21,26.21,26.21,100,2021-09-13 16:53:00,ILPT
26.2,26.2,26.2,26.2,395,2021-09-13 16:55:00,ILPT
26.19,26.19,26.19,26.19,279,2021-09-13 16:57:00,ILPT
26.18,26.18,26.18,26.18,100,2021-09-13 16:58:00,ILPT
26.175,26.175,26.175,26.175,100,2021-09-13 17:01:00,ILPT
26.17,26.17,26.17,26.17,163,2021-09-13 17:02:00,ILPT
26.15,26.15,26.15,26.15,200,2021-09-13 17:03:00,ILPT
26.15,26.15,26.14,26.14,595,2021-09-13 17:04:00,ILPT
26.14,26.15,26.14,26.15,349,2021-09-13 17:05:00,ILPT
26.15,26.16,26.15,26.16,700,2021-09-13 17:06:00,ILPT
26.165,26.165,26.165,26.165,100,2021-09-13 17:07:00,ILPT
26.15,26.15,26.15,26.15,2100,2021-09-13 17:08:00,ILPT
26.14,26.14,26.14,26.14,300,2021-09-13 17:10:00,ILPT
26.13,26.135,26.13,26.135,300,2021-09-13 17:11:00,ILPT
26.14,26.15,26.14,26.15,400,2021-09-13 17:12:00,ILPT
26.14,26.14,26.14,26.14,100,2021-09-13 17:13:00,ILPT
26.15,26.15,26.15,26.15,300,2021-09-13 17:18:00,ILPT
26.15,26.15,26.15,26.15,100,2021-09-13 17:20:00,ILPT
26.16,26.16,26.16,26.16,100,2021-09-13 17:21:00,ILPT
26.17,26.17,26.17,26.17,100,2021-09-13 17:22:00,ILPT
26.16,26.16,26.16,26.16,100,2021-09-13 17:23:00,ILPT
26.16,26.16,26.16,26.16,400,2021-09-13 17:25:00,ILPT
26.1599,26.16,26.1599,26.16,300,2021-09-13 17:26:00,ILPT
26.15,26.15,26.15,26.15,400,2021-09-13 17:27:00,ILPT
26.14,26.14,26.14,26.14,100,2021-09-13 17:28:00,ILPT
26.14,26.14,26.13,26.135,500,2021-09-13 17:29:00,ILPT
26.15,26.15,26.14,26.14,400,2021-09-13 17:31:00,ILPT
26.17,26.17,26.16,26.16,400,2021-09-13 17:37:00,ILPT
26.1626,26.1626,26.1626,26.1626,390,2021-09-13 17:39:00,ILPT
26.17,26.17,26.17,26.17,200,2021-09-13 17:40:00,ILPT
26.17,26.17,26.17,26.17,100,2021-09-13 17:43:00,ILPT
26.18,26.18,26.18,26.18,200,2021-09-13 17:46:00,ILPT
26.19,26.19,26.19,26.19,200,2021-09-13 17:47:00,ILPT
26.21,26.21,26.21,26.21,200,2021-09-13 17:48:00,ILPT
26.1901,26.1901,26.1901,26.1901,103,2021-09-13 17:49:00,ILPT
26.2,26.2,26.19,26.19,500,2021-09-13 17:50:00,ILPT
26.2,26.2,26.2,26.2,200,2021-09-13 17:51:00,ILPT
26.2,26.2095,26.19,26.1973,1263,2021-09-13 17:54:00,ILPT
26.2,26.21,26.2,26.21,300,2021-09-13 18:00:00,ILPT
26.21,26.21,26.19,26.19,600,2021-09-13 18:01:00,ILPT
26.2,26.2,26.18,26.18,519,2021-09-13 18:05:00,ILPT
26.17,26.17,26.17,26.17,300,2021-09-13 18:07:00,ILPT
26.16,26.16,26.16,26.16,100,2021-09-13 18:09:00,ILPT
26.16,26.16,26.15,26.15,1090,2021-09-13 18:10:00,ILPT
26.15,26.15,26.15,26.15,100,2021-09-13 18:11:00,ILPT
26.14,26.14,26.14,26.14,100,2021-09-13 18:14:00,ILPT
26.15,26.16,26.15,26.15,700,2021-09-13 18:18:00,ILPT
26.14,26.14,26.14,26.14,100,2021-09-13 18:20:00,ILPT
26.155,26.155,26.155,26.155,100,2021-09-13 18:21:00,ILPT
26.1671,26.1671,26.1671,26.1671,430,2021-09-13 18:22:00,ILPT
26.155,26.155,26.14,26.14,555,2021-09-13 18:23:00,ILPT
26.13,26.13,26.13,26.13,400,2021-09-13 18:26:00,ILPT
26.13,26.13,26.13,26.13,720,2021-09-13 18:27:00,ILPT
26.12,26.12,26.12,26.12,200,2021-09-13 18:30:00,ILPT
26.12,26.13,26.12,26.13,300,2021-09-13 18:33:00,ILPT
26.12,26.12,26.12,26.12,900,2021-09-13 18:36:00,ILPT
26.1298,26.1298,26.1298,26.1298,500,2021-09-13 18:37:00,ILPT
26.12,26.12,26.12,26.12,300,2021-09-13 18:41:00,ILPT
26.13,26.13,26.13,26.13,200,2021-09-13 18:42:00,ILPT
26.14,26.16,26.13,26.16,500,2021-09-13 18:43:00,ILPT
26.15,26.15,26.15,26.15,400,2021-09-13 18:45:00,ILPT
26.1591,26.16,26.1591,26.16,200,2021-09-13 18:47:00,ILPT
26.175,26.19,26.175,26.19,300,2021-09-13 18:49:00,ILPT
26.21,26.21,26.19,26.19,504,2021-09-13 18:50:00,ILPT
26.19,26.19,26.19,26.19,100,2021-09-13 18:51:00,ILPT
26.19,26.19,26.19,26.19,200,2021-09-13 18:52:00,ILPT
26.18,26.18,26.18,26.18,100,2021-09-13 18:53:00,ILPT
26.189,26.189,26.189,26.189,400,2021-09-13 18:54:00,ILPT
26.17,26.17,26.17,26.17,400,2021-09-13 18:55:00,ILPT
26.16,26.16,26.16,26.16,876,2021-09-13 18:58:00,ILPT
26.14,26.14,26.14,26.14,100,2021-09-13 19:00:00,ILPT
26.13,26.13,26.13,26.13,100,2021-09-13 19:01:00,ILPT
26.12,26.12,26.11,26.11,600,2021-09-13 19:02:00,ILPT
26.12,26.12,26.12,26.12,100,2021-09-13 19:05:00,ILPT
26.12,26.13,26.12,26.13,200,2021-09-13 19:06:00,ILPT
26.14,26.14,26.14,26.14,100,2021-09-13 19:08:00,ILPT
26.13,26.13,26.13,26.13,400,2021-09-13 19:09:00,ILPT
26.13,26.135,26.13,26.135,200,2021-09-13 19:10:00,ILPT
26.13,26.13,26.13,26.13,200,2021-09-13 19:11:00,ILPT
26.16,26.17,26.16,26.16,300,2021-09-13 19:15:00,ILPT
26.18,26.18,26.18,26.18,200,2021-09-13 19:17:00,ILPT
26.17,26.17,26.17,26.17,200,2021-09-13 19:19:00,ILPT
26.17,26.18,26.17,26.17,1000,2021-09-13 19:21:00,ILPT
26.16,26.16,26.15,26.15,635,2021-09-13 19:22:00,ILPT
26.17,26.17,26.17,26.17,100,2021-09-13 19:23:00,ILPT
26.1722,26.1722,26.1722,26.1722,125,2021-09-13 19:26:00,ILPT
26.18,26.18,26.18,26.18,100,2021-09-13 19:27:00,ILPT
26.18,26.19,26.18,26.19,300,2021-09-13 19:28:00,ILPT
26.2,26.2,26.2,26.2,100,2021-09-13 19:29:00,ILPT
26.2,26.2,26.2,26.2,178,2021-09-13 19:30:00,ILPT
26.2,26.22,26.2,26.21,3179,2021-09-13 19:31:00,ILPT
26.22,26.23,26.22,26.23,300,2021-09-13 19:32:00,ILPT
26.25,26.25,26.25,26.25,200,2021-09-13 19:33:00,ILPT
26.25,26.28,26.25,26.28,300,2021-09-13 19:34:00,ILPT
26.29,26.29,26.29,26.29,100,2021-09-13 19:35:00,ILPT
26.27,26.27,26.27,26.27,325,2021-09-13 19:36:00,ILPT
26.27,26.27,26.27,26.27,200,2021-09-13 19:37:00,ILPT
26.27,26.27,26.26,26.2673,1625,2021-09-13 19:38:00,ILPT
26.28,26.29,26.28,26.28,600,2021-09-13 19:39:00,ILPT
26.28,26.28,26.27,26.27,500,2021-09-13 19:40:00,ILPT
26.26,26.26,26.26,26.26,200,2021-09-13 19:42:00,ILPT
26.25,26.25,26.25,26.25,300,2021-09-13 19:43:00,ILPT
26.25,26.25,26.25,26.25,200,2021-09-13 19:44:00,ILPT
26.24,26.24,26.24,26.24,100,2021-09-13 19:45:00,ILPT
26.25,26.26,26.24,26.24,512,2021-09-13 19:46:00,ILPT
26.24,26.24,26.23,26.23,629,2021-09-13 19:47:00,ILPT
26.23,26.23,26.22,26.22,700,2021-09-13 19:48:00,ILPT
26.24,26.24,26.21,26.22,1303,2021-09-13 19:49:00,ILPT
26.22,26.24,26.22,26.22,1218,2021-09-13 19:50:00,ILPT
26.23,26.23,26.23,26.23,200,2021-09-13 19:51:00,ILPT
26.22,26.22,26.205,26.205,1660,2021-09-13 19:52:00,ILPT
26.205,26.205,26.18,26.2,1731,2021-09-13 19:53:00,ILPT
26.21,26.225,26.2,26.225,4395,2021-09-13 19:54:00,ILPT
26.23,26.23,26.19,26.2,3076,2021-09-13 19:55:00,ILPT
26.2,26.21,26.19,26.195,900,2021-09-13 19:56:00,ILPT
26.19,26.19,26.19,26.19,260,2021-09-13 19:57:00,ILPT
26.19,26.21,26.19,26.21,2246,2021-09-13 19:58:00,ILPT
26.205,26.22,26.2,26.22,6545,2021-09-13 19:59:00,ILPT
26.22,26.22,26.22,26.22,43464,2021-09-13 20:00:00,ILPT
26.2,26.2,26.2,26.2,250,2021-09-13 21:55:00,ILPT
26.42,26.42,26.42,26.42,100,2021-09-14 08:01:00,ILPT
26.42,26.42,26.42,26.42,5737,2021-09-14 13:30:00,ILPT
26.42,26.44,26.37,26.37,800,2021-09-14 13:31:00,ILPT
26.4,26.4,26.4,26.4,200,2021-09-14 13:32:00,ILPT
26.36,26.36,26.36,26.36,950,2021-09-14 13:33:00,ILPT
26.47,26.47,26.47,26.47,100,2021-09-14 13:34:00,ILPT
26.445,26.445,26.38,26.41,909,2021-09-14 13:36:00,ILPT
26.42,26.42,26.41,26.41,200,2021-09-14 13:39:00,ILPT
26.38,26.38,26.38,26.38,100,2021-09-14 13:40:00,ILPT
26.36,26.36,26.36,26.36,400,2021-09-14 13:44:00,ILPT
26.3078,26.31,26.3078,26.31,291,2021-09-14 13:46:00,ILPT
26.325,26.325,26.325,26.325,100,2021-09-14 13:48:00,ILPT
26.33,26.3599,26.33,26.3599,400,2021-09-14 13:49:00,ILPT
26.33,26.33,26.33,26.33,200,2021-09-14 13:50:00,ILPT
26.36,26.36,26.36,26.36,100,2021-09-14 13:51:00,ILPT
26.32,26.32,26.32,26.32,100,2021-09-14 13:52:00,ILPT
26.33,26.33,26.33,26.33,100,2021-09-14 13:53:00,ILPT
26.335,26.335,26.325,26.325,289,2021-09-14 13:54:00,ILPT
26.31,26.31,26.3,26.31,505,2021-09-14 13:56:00,ILPT
26.29,26.29,26.29,26.29,100,2021-09-14 13:57:00,ILPT
26.27,26.27,26.25,26.25,200,2021-09-14 13:59:00,ILPT
26.25,26.25,26.2,26.25,500,2021-09-14 14:00:00,ILPT
26.24,26.24,26.24,26.24,100,2021-09-14 14:02:00,ILPT
26.25,26.25,26.25,26.25,200,2021-09-14 14:03:00,ILPT
26.25,26.25,26.25,26.25,100,2021-09-14 14:04:00,ILPT
26.3,26.31,26.3,26.31,200,2021-09-14 14:07:00,ILPT
26.24,26.24,26.24,26.24,100,2021-09-14 14:10:00,ILPT
26.24,26.25,26.24,26.24,391,2021-09-14 14:11:00,ILPT
26.215,26.25,26.215,26.25,300,2021-09-14 14:12:00,ILPT
26.25,26.25,26.25,26.25,300,2021-09-14 14:14:00,ILPT
26.28,26.28,26.28,26.28,300,2021-09-14 14:17:00,ILPT
26.25,26.25,26.25,26.25,300,2021-09-14 14:20:00,ILPT
26.22,26.25,26.21,26.224,1200,2021-09-14 14:21:00,ILPT
26.205,26.205,26.205,26.205,200,2021-09-14 14:22:00,ILPT
26.205,26.205,26.205,26.205,100,2021-09-14 14:23:00,ILPT
26.23,26.235,26.225,26.225,500,2021-09-14 14:24:00,ILPT
26.2,26.225,26.2,26.21,600,2021-09-14 14:25:00,ILPT
26.2,26.2,26.19,26.195,400,2021-09-14 14:26:00,ILPT
26.235,26.235,26.235,26.235,200,2021-09-14 14:28:00,ILPT
26.27,26.27,26.26,26.26,200,2021-09-14 14:33:00,ILPT
26.27,26.27,26.27,26.27,100,2021-09-14 14:36:00,ILPT
26.26,26.26,26.26,26.26,100,2021-09-14 14:37:00,ILPT
26.23,26.25,26.225,26.23,1100,2021-09-14 14:39:00,ILPT
26.22,26.24,26.22,26.24,400,2021-09-14 14:41:00,ILPT
26.265,26.265,26.265,26.265,200,2021-09-14 14:43:00,ILPT
26.25,26.25,26.235,26.235,400,2021-09-14 14:44:00,ILPT
26.245,26.245,26.245,26.245,100,2021-09-14 14:46:00,ILPT
26.25,26.25,26.25,26.25,100,2021-09-14 14:47:00,ILPT
26.245,26.25,26.2425,26.25,400,2021-09-14 14:49:00,ILPT
26.24,26.24,26.24,26.24,200,2021-09-14 14:51:00,ILPT
26.255,26.255,26.255,26.255,100,2021-09-14 14:54:00,ILPT
26.25,26.25,26.25,26.25,100,2021-09-14 14:55:00,ILPT
26.25,26.25,26.25,26.25,100,2021-09-14 14:57:00,ILPT
26.25,26.25,26.25,26.25,100,2021-09-14 14:58:00,ILPT
26.25,26.25,26.25,26.25,200,2021-09-14 14:59:00,ILPT
26.25,26.25,26.23,26.23,671,2021-09-14 15:01:00,ILPT
26.23,26.23,26.23,26.23,300,2021-09-14 15:03:00,ILPT
26.25,26.25,26.25,26.25,800,2021-09-14 15:04:00,ILPT
26.25,26.27,26.25,26.27,900,2021-09-14 15:05:00,ILPT
26.25,26.25,26.25,26.25,100,2021-09-14 15:07:00,ILPT
26.25,26.2531,26.25,26.2531,300,2021-09-14 15:08:00,ILPT
26.255,26.255,26.255,26.255,100,2021-09-14 15:09:00,ILPT
26.25,26.25,26.25,26.25,200,2021-09-14 15:13:00,ILPT
26.25,26.25,26.25,26.25,200,2021-09-14 15:14:00,ILPT
26.2301,26.25,26.2301,26.25,1000,2021-09-14 15:16:00,ILPT
26.245,26.26,26.245,26.26,300,2021-09-14 15:17:00,ILPT
26.26,26.26,26.26,26.26,200,2021-09-14 15:18:00,ILPT
26.26,26.26,26.26,26.26,100,2021-09-14 15:23:00,ILPT
26.26,26.26,26.26,26.26,200,2021-09-14 15:28:00,ILPT
26.26,26.26,26.26,26.26,100,2021-09-14 15:30:00,ILPT
26.26,26.26,26.26,26.26,700,2021-09-14 15:31:00,ILPT
26.25,26.25,26.25,26.25,100,2021-09-14 15:35:00,ILPT
26.25,26.25,26.25,26.25,100,2021-09-14 15:36:00,ILPT
26.25,26.25,26.25,26.25,100,2021-09-14 15:40:00,ILPT
26.25,26.25,26.25,26.25,100,2021-09-14 15:41:00,ILPT
26.2465,26.2465,26.2465,26.2465,115,2021-09-14 15:42:00,ILPT
26.25,26.25,26.25,26.25,100,2021-09-14 15:44:00,ILPT
26.24,26.24,26.24,26.24,200,2021-09-14 15:48:00,ILPT
26.2436,26.28,26.2436,26.26,1800,2021-09-14 15:50:00,ILPT
26.25,26.25,26.25,26.25,100,2021-09-14 15:51:00,ILPT
26.255,26.255,26.255,26.255,202,2021-09-14 15:53:00,ILPT
26.25,26.25,26.25,26.25,1405,2021-09-14 15:54:00,ILPT
26.255,26.255,26.255,26.255,100,2021-09-14 15:55:00,ILPT
26.24,26.24,26.24,26.24,100,2021-09-14 15:56:00,ILPT
26.255,26.255,26.255,26.255,100,2021-09-14 15:57:00,ILPT
26.27,26.28,26.26,26.26,500,2021-09-14 16:00:00,ILPT
26.27,26.27,26.27,26.27,100,2021-09-14 16:08:00,ILPT
26.3,26.3,26.3,26.3,100,2021-09-14 16:09:00,ILPT
26.3,26.3,26.3,26.3,100,2021-09-14 16:10:00,ILPT
26.29,26.29,26.29,26.29,1000,2021-09-14 16:12:00,ILPT
26.29,26.29,26.29,26.29,200,2021-09-14 16:13:00,ILPT
26.29,26.29,26.29,26.29,200,2021-09-14 16:14:00,ILPT
26.29,26.29,26.29,26.29,100,2021-09-14 16:16:00,ILPT
26.3,26.31,26.3,26.31,709,2021-09-14 16:18:00,ILPT
26.29,26.29,26.27,26.27,700,2021-09-14 16:23:00,ILPT
26.29,26.29,26.29,26.29,400,2021-09-14 16:28:00,ILPT
26.28,26.28,26.27,26.27,900,2021-09-14 16:31:00,ILPT
26.28,26.28,26.28,26.28,100,2021-09-14 16:34:00,ILPT
26.26,26.26,26.26,26.26,100,2021-09-14 16:39:00,ILPT
26.26,26.26,26.26,26.26,100,2021-09-14 16:40:00,ILPT
26.25,26.25,26.25,26.25,100,2021-09-14 16:46:00,ILPT
26.25,26.25,26.25,26.25,300,2021-09-14 16:49:00,ILPT
26.27,26.27,26.25,26.25,439,2021-09-14 16:52:00,ILPT
26.25,26.25,26.25,26.25,100,2021-09-14 16:55:00,ILPT
26.261,26.261,26.261,26.261,100,2021-09-14 16:56:00,ILPT
26.26,26.26,26.26,26.26,100,2021-09-14 17:00:00,ILPT
26.25,26.25,26.25,26.25,291,2021-09-14 17:02:00,ILPT
26.27,26.27,26.26,26.26,800,2021-09-14 17:05:00,ILPT
26.25,26.25,26.245,26.25,600,2021-09-14 17:06:00,ILPT
26.245,26.25,26.245,26.25,400,2021-09-14 17:07:00,ILPT
26.25,26.25,26.25,26.25,300,2021-09-14 17:08:00,ILPT
26.25,26.25,26.25,26.25,100,2021-09-14 17:09:00,ILPT
26.25,26.25,26.25,26.25,100,2021-09-14 17:15:00,ILPT
26.28,26.28,26.28,26.28,300,2021-09-14 17:18:00,ILPT
26.3,26.3,26.3,26.3,111,2021-09-14 17:20:00,ILPT
26.3,26.3,26.3,26.3,100,2021-09-14 17:24:00,ILPT
26.3,26.3,26.28,26.28,300,2021-09-14 17:25:00,ILPT
26.29,26.29,26.29,26.29,200,2021-09-14 17:30:00,ILPT
26.29,26.29,26.29,26.29,200,2021-09-14 17:31:00,ILPT
26.29,26.29,26.29,26.29,100,2021-09-14 17:32:00,ILPT
26.28,26.28,26.275,26.275,1300,2021-09-14 17:37:00,ILPT
26.29,26.29,26.29,26.29,100,2021-09-14 17:42:00,ILPT
26.31,26.31,26.31,26.31,400,2021-09-14 17:47:00,ILPT
26.31,26.31,26.31,26.31,600,2021-09-14 17:49:00,ILPT
26.305,26.305,26.305,26.305,100,2021-09-14 17:51:00,ILPT
26.32,26.32,26.32,26.32,200,2021-09-14 17:53:00,ILPT
26.328,26.328,26.31,26.31,532,2021-09-14 17:54:00,ILPT
26.31,26.31,26.3,26.3,500,2021-09-14 17:57:00,ILPT
26.3,26.3,26.3,26.3,100,2021-09-14 18:01:00,ILPT
26.3,26.3,26.3,26.3,200,2021-09-14 18:02:00,ILPT
26.29,26.29,26.29,26.29,100,2021-09-14 18:03:00,ILPT
26.29,26.29,26.29,26.29,400,2021-09-14 18:04:00,ILPT
26.29,26.29,26.29,26.29,100,2021-09-14 18:06:00,ILPT
26.3092,26.3092,26.3092,26.3092,500,2021-09-14 18:07:00,ILPT
26.29,26.29,26.285,26.285,500,2021-09-14 18:08:00,ILPT
26.28,26.28,26.28,26.28,200,2021-09-14 18:09:00,ILPT
26.26,26.26,26.26,26.26,100,2021-09-14 18:10:00,ILPT
26.25,26.25,26.25,26.25,100,2021-09-14 18:11:00,ILPT
26.25,26.25,26.24,26.25,1280,2021-09-14 18:12:00,ILPT
26.24,26.24,26.24,26.24,100,2021-09-14 18:13:00,ILPT
26.24,26.24,26.24,26.24,200,2021-09-14 18:14:00,ILPT
26.242,26.242,26.23,26.23,600,2021-09-14 18:15:00,ILPT
26.24,26.24,26.24,26.24,400,2021-09-14 18:16:00,ILPT
26.24,26.24,26.235,26.235,200,2021-09-14 18:17:00,ILPT
26.24,26.24,26.24,26.24,100,2021-09-14 18:20:00,ILPT
26.245,26.245,26.245,26.245,100,2021-09-14 18:22:00,ILPT
26.245,26.245,26.245,26.245,100,2021-09-14 18:23:00,ILPT
26.23,26.23,26.23,26.23,100,2021-09-14 18:25:00,ILPT
26.22,26.22,26.22,26.22,200,2021-09-14 18:28:00,ILPT
26.2,26.2,26.2,26.2,100,2021-09-14 18:29:00,ILPT
26.19,26.19,26.19,26.19,200,2021-09-14 18:30:00,ILPT
26.18,26.18,26.15,26.15,902,2021-09-14 18:31:00,ILPT
26.15,26.15,26.15,26.15,100,2021-09-14 18:32:00,ILPT
26.16,26.16,26.14,26.14,850,2021-09-14 18:34:00,ILPT
26.13,26.13,26.12,26.12,200,2021-09-14 18:37:00,ILPT
26.135,26.135,26.135,26.135,100,2021-09-14 18:38:00,ILPT
26.125,26.125,26.125,26.125,1025,2021-09-14 18:39:00,ILPT
26.14,26.14,26.13,26.13,200,2021-09-14 18:40:00,ILPT
26.15,26.15,26.15,26.15,400,2021-09-14 18:42:00,ILPT
26.15,26.165,26.15,26.15,400,2021-09-14 18:45:00,ILPT
26.14,26.14,26.14,26.14,200,2021-09-14 18:46:00,ILPT
26.13,26.13,26.13,26.13,100,2021-09-14 18:47:00,ILPT
26.13,26.135,26.11,26.11,600,2021-09-14 18:49:00,ILPT
26.11,26.11,26.11,26.11,200,2021-09-14 18:51:00,ILPT
26.1,26.1,26.095,26.095,1491,2021-09-14 18:52:00,ILPT
26.11,26.11,26.095,26.11,400,2021-09-14 18:53:00,ILPT
26.12,26.13,26.12,26.13,200,2021-09-14 18:54:00,ILPT
26.11,26.12,26.1,26.1,391,2021-09-14 18:55:00,ILPT
26.11,26.1299,26.11,26.11,700,2021-09-14 18:57:00,ILPT
26.13,26.13,26.13,26.13,100,2021-09-14 18:58:00,ILPT
26.13,26.13,26.13,26.13,100,2021-09-14 19:00:00,ILPT
26.14,26.14,26.14,26.14,100,2021-09-14 19:01:00,ILPT
26.11,26.11,26.11,26.11,100,2021-09-14 19:03:00,ILPT
26.09,26.09,26.09,26.09,100,2021-09-14 19:06:00,ILPT
26.09,26.105,26.09,26.09,300,2021-09-14 19:07:00,ILPT
26.09,26.09,26.09,26.09,100,2021-09-14 19:09:00,ILPT
26.09,26.09,26.09,26.09,200,2021-09-14 19:10:00,ILPT
26.09,26.09,26.07,26.07,700,2021-09-14 19:11:00,ILPT
26.08,26.08,26.075,26.075,200,2021-09-14 19:12:00,ILPT
26.08,26.09,26.08,26.08,400,2021-09-14 19:14:00,ILPT
26.095,26.095,26.095,26.095,200,2021-09-14 19:15:00,ILPT
26.085,26.085,26.085,26.085,100,2021-09-14 19:18:00,ILPT
26.07,26.07,26.07,26.07,100,2021-09-14 19:19:00,ILPT
26.06,26.06,26.06,26.06,200,2021-09-14 19:20:00,ILPT
26.08,26.08,26.08,26.08,200,2021-09-14 19:21:00,ILPT
26.12,26.12,26.12,26.12,100,2021-09-14 19:22:00,ILPT
26.08,26.08,26.08,26.08,116,2021-09-14 19:24:00,ILPT
26.07,26.07,26.065,26.065,300,2021-09-14 19:25:00,ILPT
26.07,26.08,26.07,26.08,600,2021-09-14 19:28:00,ILPT
26.08,26.08,26.07,26.07,1300,2021-09-14 19:30:00,ILPT
26.075,26.075,26.075,26.075,100,2021-09-14 19:31:00,ILPT
26.08,26.08,26.06,26.07,1839,2021-09-14 19:32:00,ILPT
26.08,26.12,26.08,26.12,14480,2021-09-14 19:33:00,ILPT
26.105,26.125,26.105,26.12,1000,2021-09-14 19:34:00,ILPT
26.12,26.12,26.12,26.12,100,2021-09-14 19:35:00,ILPT
26.12,26.12,26.11,26.12,400,2021-09-14 19:38:00,ILPT
26.14,26.15,26.13,26.15,300,2021-09-14 19:39:00,ILPT
26.145,26.145,26.145,26.145,100,2021-09-14 19:40:00,ILPT
26.145,26.16,26.13,26.16,300,2021-09-14 19:41:00,ILPT
26.17,26.2,26.17,26.2,1000,2021-09-14 19:43:00,ILPT
26.18,26.1895,26.17,26.1895,1400,2021-09-14 19:44:00,ILPT
26.17,26.175,26.17,26.17,500,2021-09-14 19:45:00,ILPT
26.16,26.16,26.11,26.11,325,2021-09-14 19:46:00,ILPT
26.14,26.14,26.12,26.12,400,2021-09-14 19:47:00,ILPT
26.11,26.11,26.11,26.11,200,2021-09-14 19:49:00,ILPT
26.13,26.14,26.115,26.12,1200,2021-09-14 19:50:00,ILPT
26.11,26.12,26.11,26.12,200,2021-09-14 19:51:00,ILPT
26.12,26.14,26.12,26.14,300,2021-09-14 19:52:00,ILPT
26.12,26.12,26.12,26.12,200,2021-09-14 19:53:00,ILPT
26.12,26.13,26.12,26.13,400,2021-09-14 19:54:00,ILPT
26.12,26.13,26.11,26.11,1356,2021-09-14 19:55:00,ILPT
26.12,26.12,26.09,26.11,2133,2021-09-14 19:56:00,ILPT
26.11,26.11,26.04,26.07,11932,2021-09-14 19:57:00,ILPT
26.06,26.105,26.05,26.09,6514,2021-09-14 19:58:00,ILPT
26.08,26.12,26.08,26.12,4237,2021-09-14 19:59:00,ILPT
26.12,26.12,26.12,26.12,47545,2021-09-14 20:00:00,ILPT
26.12,26.12,26.12,26.12,209,2021-09-14 20:02:00,ILPT
26.07,26.14,26.07,26.14,4594,2021-09-15 13:30:00,ILPT
26.085,26.085,26.07,26.07,4100,2021-09-15 13:35:00,ILPT
26.1,26.1,26.06,26.06,1200,2021-09-15 13:36:00,ILPT
26.05,26.05,26.05,26.05,100,2021-09-15 13:38:00,ILPT
26.06,26.06,26.01,26.01,500,2021-09-15 13:39:00,ILPT
26.001,26.0134,25.97,25.985,9277,2021-09-15 13:40:00,ILPT
25.98,25.98,25.98,25.98,100,2021-09-15 13:41:00,ILPT
26.04,26.06,26.04,26.05,1300,2021-09-15 13:43:00,ILPT
26.09,26.115,26.09,26.11,600,2021-09-15 13:46:00,ILPT
26.11,26.13,26.11,26.11,1100,2021-09-15 13:49:00,ILPT
26.11,26.11,26.095,26.095,1189,2021-09-15 13:52:00,ILPT
26.08,26.08,26.06,26.06,300,2021-09-15 14:00:00,ILPT
26.0401,26.06,26.0401,26.05,582,2021-09-15 14:02:00,ILPT
26.06,26.06,26.02,26.03,16422,2021-09-15 14:05:00,ILPT
26.01,26.01,26.01,26.01,100,2021-09-15 14:06:00,ILPT
26.03,26.03,26.01,26.01,1830,2021-09-15 14:08:00,ILPT
26.0198,26.02,25.9,25.95,20350,2021-09-15 14:10:00,ILPT
26.01,26.01,25.9618,25.9618,2573,2021-09-15 14:12:00,ILPT
25.98,25.98,25.98,25.98,200,2021-09-15 14:13:00,ILPT
26.0099,26.0099,25.96,25.9767,1666,2021-09-15 14:14:00,ILPT
25.97,25.975,25.97,25.97,1293,2021-09-15 14:15:00,ILPT
25.94,25.94,25.94,25.94,133,2021-09-15 14:16:00,ILPT
26.0,26.0,26.0,26.0,200,2021-09-15 14:18:00,ILPT
25.98,25.98,25.98,25.98,200,2021-09-15 14:19:00,ILPT
25.98,25.98,25.98,25.98,600,2021-09-15 14:20:00,ILPT
25.97,25.97,25.97,25.97,100,2021-09-15 14:21:00,ILPT
25.95,25.95,25.94,25.94,400,2021-09-15 14:22:00,ILPT
25.95,25.97,25.95,25.97,1681,2021-09-15 14:25:00,ILPT
25.9696,25.9696,25.9696,25.9696,100,2021-09-15 14:27:00,ILPT
25.92,25.92,25.91,25.91,200,2021-09-15 14:29:00,ILPT
25.93,25.94,25.92,25.92,500,2021-09-15 14:30:00,ILPT
25.96,25.96,25.95,25.95,200,2021-09-15 14:34:00,ILPT
25.95,25.97,25.95,25.97,824,2021-09-15 14:35:00,ILPT
25.965,25.965,25.965,25.965,100,2021-09-15 14:36:00,ILPT
25.965,25.965,25.965,25.965,18000,2021-09-15 14:37:00,ILPT
25.97,25.985,25.97,25.985,800,2021-09-15 14:38:00,ILPT
25.98,25.98,25.98,25.98,100,2021-09-15 14:39:00,ILPT
25.9796,25.9796,25.9796,25.9796,574,2021-09-15 14:40:00,ILPT
25.94,25.94,25.91,25.91,300,2021-09-15 14:42:00,ILPT
25.93,25.93,25.91,25.92,300,2021-09-15 14:46:00,ILPT
25.93,25.93,25.93,25.93,100,2021-09-15 14:48:00,ILPT
25.922,25.93,25.92,25.92,400,2021-09-15 14:50:00,ILPT
25.96,25.96,25.96,25.96,200,2021-09-15 14:54:00,ILPT
25.93,25.93,25.92,25.92,934,2021-09-15 14:55:00,ILPT
25.93,25.93,25.9,25.9,400,2021-09-15 14:57:00,ILPT
25.97,25.97,25.97,25.97,203,2021-09-15 14:59:00,ILPT
25.96,25.96,25.96,25.96,100,2021-09-15 15:01:00,ILPT
25.96,25.96,25.93,25.93,300,2021-09-15 15:02:00,ILPT
25.96,25.99,25.96,25.99,300,2021-09-15 15:03:00,ILPT
25.97,25.97,25.97,25.97,100,2021-09-15 15:04:00,ILPT
25.98,25.98,25.96,25.97,1300,2021-09-15 15:08:00,ILPT
25.96,25.96,25.96,25.96,100,2021-09-15 15:12:00,ILPT
25.95,25.95,25.95,25.95,500,2021-09-15 15:14:00,ILPT
25.955,25.97,25.955,25.96,12500,2021-09-15 15:15:00,ILPT
25.96,25.97,25.95,25.97,600,2021-09-15 15:16:00,ILPT
25.97,25.97,25.97,25.97,100,2021-09-15 15:21:00,ILPT
25.99,25.99,25.97,25.97,300,2021-09-15 15:22:00,ILPT
26.01,26.01,26.0,26.0,500,2021-09-15 15:26:00,ILPT
26.0,26.01,26.0,26.0,400,2021-09-15 15:27:00,ILPT
25.99,26.01,25.9801,26.0,850,2021-09-15 15:29:00,ILPT
25.98,25.98,25.98,25.98,100,2021-09-15 15:30:00,ILPT
25.96,25.96,25.96,25.96,200,2021-09-15 15:34:00,ILPT
25.97,25.97,25.97,25.97,400,2021-09-15 15:37:00,ILPT
25.97,25.97,25.97,25.97,100,2021-09-15 15:41:00,ILPT
25.98,25.98,25.98,25.98,100,2021-09-15 15:43:00,ILPT
25.99,25.99,25.99,25.99,100,2021-09-15 15:44:00,ILPT
25.985,25.985,25.985,25.985,100,2021-09-15 15:45:00,ILPT
25.985,25.985,25.9703,25.9703,200,2021-09-15 15:47:00,ILPT
25.99,25.99,25.99,25.99,400,2021-09-15 15:48:00,ILPT
26.0,26.0,26.0,26.0,300,2021-09-15 15:49:00,ILPT
26.0,26.0,26.0,26.0,300,2021-09-15 15:52:00,ILPT
26.0,26.0,26.0,26.0,29100,2021-09-15 15:53:00,ILPT
26.02,26.04,26.02,26.04,1200,2021-09-15 15:54:00,ILPT
26.04,26.04,26.04,26.04,200,2021-09-15 15:59:00,ILPT
26.04,26.04,26.04,26.04,100,2021-09-15 16:00:00,ILPT
26.025,26.025,26.025,26.025,100,2021-09-15 16:01:00,ILPT
26.015,26.03,26.015,26.03,400,2021-09-15 16:04:00,ILPT
26.0324,26.0324,26.0324,26.0324,200,2021-09-15 16:10:00,ILPT
26.0,26.0,26.0,26.0,100,2021-09-15 16:13:00,ILPT
26.03,26.04,26.03,26.04,1046,2021-09-15 16:15:00,ILPT
26.06,26.06,26.06,26.06,200,2021-09-15 16:18:00,ILPT
26.06,26.06,26.06,26.06,100,2021-09-15 16:20:00,ILPT
26.06,26.06,26.06,26.06,100,2021-09-15 16:25:00,ILPT
26.06,26.06,26.06,26.06,100,2021-09-15 16:28:00,ILPT
26.05,26.05,26.05,26.05,200,2021-09-15 16:31:00,ILPT
26.065,26.065,26.05,26.05,1400,2021-09-15 16:32:00,ILPT
26.05,26.05,26.05,26.05,1030,2021-09-15 16:36:00,ILPT
26.05,26.05,26.05,26.05,100,2021-09-15 16:37:00,ILPT
26.06,26.06,26.06,26.06,300,2021-09-15 16:39:00,ILPT
26.08,26.08,26.075,26.08,800,2021-09-15 16:41:00,ILPT
26.09,26.09,26.09,26.09,107,2021-09-15 16:44:00,ILPT
26.08,26.08,26.08,26.08,200,2021-09-15 16:45:00,ILPT
26.09,26.09,26.09,26.09,100,2021-09-15 16:46:00,ILPT
26.08,26.08,26.08,26.08,200,2021-09-15 16:47:00,ILPT
26.08,26.08,26.08,26.08,100,2021-09-15 16:48:00,ILPT
26.0899,26.09,26.0899,26.09,600,2021-09-15 16:51:00,ILPT
26.08,26.08,26.06,26.06,200,2021-09-15 16:53:00,ILPT
26.06,26.06,26.055,26.055,1411,2021-09-15 16:57:00,ILPT
26.055,26.06,26.055,26.06,1185,2021-09-15 16:58:00,ILPT
26.05,26.05,26.05,26.05,100,2021-09-15 16:59:00,ILPT
26.04,26.04,26.04,26.04,100,2021-09-15 17:00:00,ILPT
26.055,26.055,26.055,26.055,184,2021-09-15 17:01:00,ILPT
26.05,26.05,26.05,26.05,100,2021-09-15 17:02:00,ILPT
26.07,26.07,26.065,26.065,882,2021-09-15 17:04:00,ILPT
26.07,26.07,26.06,26.065,12800,2021-09-15 17:06:00,ILPT
26.07,26.08,26.062,26.08,800,2021-09-15 17:07:00,ILPT
26.06,26.07,26.06,26.07,800,2021-09-15 17:09:00,ILPT
26.08,26.12,26.08,26.12,1700,2021-09-15 17:10:00,ILPT
26.12,26.12,26.12,26.12,100,2021-09-15 17:14:00,ILPT
26.1205,26.145,26.1205,26.145,519,2021-09-15 17:15:00,ILPT
26.16,26.16,26.16,26.16,100,2021-09-15 17:19:00,ILPT
26.18,26.18,26.18,26.18,100,2021-09-15 17:24:00,ILPT
26.19,26.2,26.19,26.2,500,2021-09-15 17:29:00,ILPT
26.21,26.21,26.2,26.2,200,2021-09-15 17:30:00,ILPT
26.23,26.23,26.224,26.224,1300,2021-09-15 17:34:00,ILPT
26.22,26.22,26.21,26.21,200,2021-09-15 17:35:00,ILPT
26.21,26.22,26.21,26.21,800,2021-09-15 17:36:00,ILPT
26.2,26.21,26.195,26.195,600,2021-09-15 17:39:00,ILPT
26.21,26.21,26.2,26.2,600,2021-09-15 17:40:00,ILPT
26.2,26.21,26.2,26.21,200,2021-09-15 17:41:00,ILPT
26.21,26.21,26.21,26.21,100,2021-09-15 17:42:00,ILPT
26.21,26.21,26.2,26.2,1200,2021-09-15 17:45:00,ILPT
26.22,26.22,26.22,26.22,500,2021-09-15 17:46:00,ILPT
26.21,26.21,26.21,26.21,200,2021-09-15 17:49:00,ILPT
26.21,26.21,26.2,26.2,562,2021-09-15 17:50:00,ILPT
26.2199,26.2199,26.2199,26.2199,228,2021-09-15 17:55:00,ILPT
26.19,26.19,26.19,26.19,200,2021-09-15 17:56:00,ILPT
26.18,26.18,26.16,26.16,500,2021-09-15 17:58:00,ILPT
26.15,26.15,26.14,26.14,461,2021-09-15 18:01:00,ILPT
26.145,26.145,26.145,26.145,100,2021-09-15 18:06:00,ILPT
26.13,26.13,26.13,26.13,140,2021-09-15 18:07:00,ILPT
26.12,26.12,26.12,26.12,400,2021-09-15 18:11:00,ILPT
26.15,26.15,26.15,26.15,250,2021-09-15 18:13:00,ILPT
26.12,26.12,26.12,26.12,200,2021-09-15 18:14:00,ILPT
26.1274,26.1274,26.125,26.125,500,2021-09-15 18:21:00,ILPT
26.12,26.12,26.12,26.12,300,2021-09-15 18:23:00,ILPT
26.125,26.125,26.125,26.125,100,2021-09-15 18:26:00,ILPT
26.11,26.11,26.11,26.11,1300,2021-09-15 18:29:00,ILPT
26.125,26.135,26.12,26.12,400,2021-09-15 18:30:00,ILPT
26.12,26.12,26.12,26.12,192,2021-09-15 18:31:00,ILPT
26.15,26.15,26.1488,26.1488,1464,2021-09-15 18:33:00,ILPT
26.14,26.14,26.135,26.135,500,2021-09-15 18:35:00,ILPT
26.145,26.145,26.145,26.145,100,2021-09-15 18:36:00,ILPT
26.14,26.14,26.13,26.14,700,2021-09-15 18:38:00,ILPT
26.12,26.12,26.12,26.12,100,2021-09-15 18:39:00,ILPT
26.14,26.14,26.14,26.14,100,2021-09-15 18:40:00,ILPT
26.13,26.13,26.13,26.13,200,2021-09-15 18:42:00,ILPT
26.12,26.12,26.11,26.11,375,2021-09-15 18:44:00,ILPT
26.12,26.12,26.11,26.11,600,2021-09-15 18:45:00,ILPT
26.11,26.11,26.11,26.11,100,2021-09-15 18:50:00,ILPT
26.1,26.1,26.09,26.09,200,2021-09-15 18:53:00,ILPT
26.1,26.1197,26.1,26.1197,1100,2021-09-15 18:55:00,ILPT
26.09,26.12,26.09,26.1,1300,2021-09-15 18:56:00,ILPT
26.12,26.12,26.12,26.12,400,2021-09-15 18:57:00,ILPT
26.12,26.12,26.12,26.12,100,2021-09-15 19:03:00,ILPT
26.13,26.135,26.13,26.13,484,2021-09-15 19:05:00,ILPT
26.12,26.12,26.1,26.115,600,2021-09-15 19:07:00,ILPT
26.13,26.13,26.13,26.13,100,2021-09-15 19:09:00,ILPT
26.132,26.132,26.132,26.132,190,2021-09-15 19:10:00,ILPT
26.13,26.13,26.13,26.13,200,2021-09-15 19:11:00,ILPT
26.13,26.13,26.13,26.13,100,2021-09-15 19:12:00,ILPT
26.15,26.15,26.14,26.14,1100,2021-09-15 19:15:00,ILPT
26.15,26.16,26.15,26.16,400,2021-09-15 19:19:00,ILPT
26.155,26.155,26.155,26.155,100,2021-09-15 19:20:00,ILPT
26.15,26.15,26.14,26.14,400,2021-09-15 19:23:00,ILPT
26.14,26.14,26.14,26.14,100,2021-09-15 19:24:00,ILPT
26.15,26.15,26.145,26.145,200,2021-09-15 19:25:00,ILPT
26.15,26.16,26.15,26.16,200,2021-09-15 19:27:00,ILPT
26.15,26.15,26.15,26.15,200,2021-09-15 19:30:00,ILPT
26.16,26.16,26.15,26.15,212,2021-09-15 19:31:00,ILPT
26.14,26.14,26.14,26.14,197,2021-09-15 19:33:00,ILPT
26.15,26.15,26.15,26.15,200,2021-09-15 19:34:00,ILPT
26.14,26.14,26.14,26.14,100,2021-09-15 19:35:00,ILPT
26.14,26.14,26.12,26.12,1000,2021-09-15 19:36:00,ILPT
26.115,26.115,26.08,26.08,833,2021-09-15 19:37:00,ILPT
26.08,26.09,26.075,26.09,900,2021-09-15 19:39:00,ILPT
26.09,26.09,26.07,26.07,400,2021-09-15 19:40:00,ILPT
26.06,26.075,26.06,26.075,599,2021-09-15 19:41:00,ILPT
26.07,26.075,26.06,26.075,300,2021-09-15 19:42:00,ILPT
26.07,26.07,26.07,26.07,200,2021-09-15 19:43:00,ILPT
26.09,26.09,26.08,26.08,400,2021-09-15 19:44:00,ILPT
26.08,26.1,26.08,26.09,1100,2021-09-15 19:45:00,ILPT
26.105,26.105,26.09,26.09,300,2021-09-15 19:46:00,ILPT
26.08,26.08,26.08,26.08,200,2021-09-15 19:47:00,ILPT
26.07,26.075,26.06,26.075,480,2021-09-15 19:48:00,ILPT
26.07,26.07,26.07,26.07,200,2021-09-15 19:49:00,ILPT
26.05,26.05,26.04,26.04,604,2021-09-15 19:50:00,ILPT
26.035,26.035,26.01,26.01,1300,2021-09-15 19:51:00,ILPT
26.01,26.015,26.0,26.015,1200,2021-09-15 19:52:00,ILPT
26.01,26.01,26.0,26.005,678,2021-09-15 19:53:00,ILPT
26.0,26.0,25.99,25.99,400,2021-09-15 19:54:00,ILPT
25.98,25.98,25.95,25.97,1625,2021-09-15 19:55:00,ILPT
25.97,25.97,25.94,25.955,2781,2021-09-15 19:56:00,ILPT
25.955,25.96,25.94,25.95,3206,2021-09-15 19:57:00,ILPT
25.95,25.97,25.94,25.95,2834,2021-09-15 19:58:00,ILPT
25.98,26.0,25.93,26.0,6055,2021-09-15 19:59:00,ILPT
25.98,25.98,25.98,25.98,52099,2021-09-15 20:00:00,ILPT
25.98,25.98,25.98,25.98,3283,2021-09-15 20:02:00,ILPT
25.97,26.08,25.87,25.87,2879,2021-09-16 13:30:00,ILPT
25.89,25.89,25.87,25.87,200,2021-09-16 13:31:00,ILPT
25.89,25.97,25.89,25.97,500,2021-09-16 13:32:00,ILPT
26.0,26.0,25.99,25.99,200,2021-09-16 13:33:00,ILPT
26.01,26.025,25.94,26.025,500,2021-09-16 13:35:00,ILPT
26.03,26.04,26.03,26.04,200,2021-09-16 13:36:00,ILPT
26.03,26.055,26.03,26.055,1800,2021-09-16 13:41:00,ILPT
26.025,26.05,26.025,26.045,400,2021-09-16 13:42:00,ILPT
26.0579,26.0579,26.05,26.05,225,2021-09-16 13:44:00,ILPT
26.0,26.01,26.0,26.01,800,2021-09-16 13:48:00,ILPT
25.96,25.96,25.96,25.96,300,2021-09-16 13:50:00,ILPT
25.97,25.97,25.95,25.95,700,2021-09-16 13:51:00,ILPT
25.95,25.96,25.9359,25.9359,601,2021-09-16 13:52:00,ILPT
25.95,25.95,25.95,25.95,200,2021-09-16 13:53:00,ILPT
25.93,25.93,25.93,25.93,100,2021-09-16 13:54:00,ILPT
25.91,25.93,25.91,25.93,450,2021-09-16 13:55:00,ILPT
25.95,25.95,25.95,25.95,100,2021-09-16 13:56:00,ILPT
25.97,25.97,25.97,25.97,100,2021-09-16 13:58:00,ILPT
25.93,25.93,25.92,25.93,600,2021-09-16 13:59:00,ILPT
25.89,25.89,25.89,25.89,100,2021-09-16 14:00:00,ILPT
25.89,25.9,25.89,25.9,200,2021-09-16 14:01:00,ILPT
25.9,25.9,25.9,25.9,100,2021-09-16 14:02:00,ILPT
25.9,25.9,25.9,25.9,100,2021-09-16 14:03:00,ILPT
25.9,25.9,25.9,25.9,100,2021-09-16 14:05:00,ILPT
25.88,25.88,25.86,25.86,200,2021-09-16 14:06:00,ILPT
25.8865,25.8865,25.8865,25.8865,500,2021-09-16 14:07:00,ILPT
25.88,25.89,25.88,25.89,776,2021-09-16 14:08:00,ILPT
25.91,25.91,25.89,25.89,200,2021-09-16 14:13:00,ILPT
25.91,25.91,25.91,25.91,100,2021-09-16 14:14:00,ILPT
25.871,25.89,25.871,25.89,200,2021-09-16 14:15:00,ILPT
25.87,25.87,25.87,25.87,100,2021-09-16 14:16:00,ILPT
25.9,25.9,25.87,25.87,978,2021-09-16 14:17:00,ILPT
25.9,25.9,25.9,25.9,500,2021-09-16 14:18:00,ILPT
25.885,25.885,25.885,25.885,410,2021-09-16 14:19:00,ILPT
25.85,25.85,25.84,25.85,1701,2021-09-16 14:21:00,ILPT
25.835,25.835,25.835,25.835,100,2021-09-16 14:22:00,ILPT
25.83,25.83,25.78,25.78,1600,2021-09-16 14:23:00,ILPT
25.8,25.81,25.78,25.79,1000,2021-09-16 14:24:00,ILPT
25.77,25.78,25.77,25.78,200,2021-09-16 14:25:00,ILPT
25.775,25.775,25.76,25.76,200,2021-09-16 14:26:00,ILPT
25.79,25.82,25.79,25.82,300,2021-09-16 14:27:00,ILPT
25.82,25.82,25.82,25.82,100,2021-09-16 14:28:00,ILPT
25.8,25.8,25.8,25.8,100,2021-09-16 14:30:00,ILPT
25.81,25.82,25.81,25.82,300,2021-09-16 14:32:00,ILPT
25.84,25.84,25.835,25.835,300,2021-09-16 14:33:00,ILPT
25.87,25.87,25.85,25.85,300,2021-09-16 14:35:00,ILPT
25.86,25.86,25.82,25.84,1333,2021-09-16 14:36:00,ILPT
25.84,25.84,25.84,25.84,400,2021-09-16 14:37:00,ILPT
25.85,25.875,25.85,25.875,300,2021-09-16 14:38:00,ILPT
25.87,25.87,25.87,25.87,100,2021-09-16 14:39:00,ILPT
25.87,25.87,25.84,25.84,1111,2021-09-16 14:40:00,ILPT
25.83,25.84,25.81,25.8268,900,2021-09-16 14:41:00,ILPT
25.81,25.82,25.81,25.82,200,2021-09-16 14:42:00,ILPT
25.84,25.84,25.84,25.84,100,2021-09-16 14:43:00,ILPT
25.81,25.81,25.81,25.81,100,2021-09-16 14:45:00,ILPT
25.81,25.81,25.81,25.81,100,2021-09-16 14:46:00,ILPT
25.81,25.81,25.8,25.8,200,2021-09-16 14:49:00,ILPT
25.79,25.79,25.79,25.79,100,2021-09-16 14:50:00,ILPT
25.77,25.77,25.77,25.77,220,2021-09-16 14:51:00,ILPT
25.78,25.78,25.775,25.775,300,2021-09-16 14:52:00,ILPT
25.75,25.75,25.726,25.75,751,2021-09-16 14:54:00,ILPT
25.75,25.75,25.75,25.75,400,2021-09-16 14:55:00,ILPT
25.77,25.77,25.77,25.77,100,2021-09-16 14:56:00,ILPT
25.77,25.78,25.77,25.78,400,2021-09-16 14:58:00,ILPT
25.8,25.8,25.8,25.8,100,2021-09-16 15:02:00,ILPT
25.78,25.8,25.78,25.8,200,2021-09-16 15:03:00,ILPT
25.8,25.8,25.8,25.8,400,2021-09-16 15:06:00,ILPT
25.8,25.8,25.8,25.8,100,2021-09-16 15:07:00,ILPT
25.82,25.82,25.805,25.805,300,2021-09-16 15:09:00,ILPT
25.83,25.83,25.83,25.83,200,2021-09-16 15:11:00,ILPT
25.83,25.83,25.83,25.83,100,2021-09-16 15:12:00,ILPT
25.81,25.83,25.81,25.83,200,2021-09-16 15:13:00,ILPT
25.8148,25.8148,25.8148,25.8148,300,2021-09-16 15:14:00,ILPT
25.815,25.815,25.815,25.815,100,2021-09-16 15:17:00,ILPT
25.83,25.83,25.83,25.83,100,2021-09-16 15:18:00,ILPT
25.83,25.83,25.83,25.83,100,2021-09-16 15:19:00,ILPT
25.84,25.84,25.84,25.84,200,2021-09-16 15:20:00,ILPT
25.85,25.85,25.85,25.85,200,2021-09-16 15:22:00,ILPT
25.86,25.87,25.86,25.87,244,2021-09-16 15:23:00,ILPT
25.875,25.875,25.875,25.875,100,2021-09-16 15:24:00,ILPT
25.89,25.9,25.89,25.9,200,2021-09-16 15:25:00,ILPT
25.9058,25.9058,25.9058,25.9058,200,2021-09-16 15:28:00,ILPT
25.9,25.9,25.87,25.89,800,2021-09-16 15:29:00,ILPT
25.885,25.885,25.885,25.885,100,2021-09-16 15:31:00,ILPT
25.885,25.89,25.87,25.875,800,2021-09-16 15:36:00,ILPT
25.875,25.875,25.875,25.875,100,2021-09-16 15:38:00,ILPT
25.89,25.9,25.89,25.9,800,2021-09-16 15:39:00,ILPT
25.9098,25.9098,25.9098,25.9098,511,2021-09-16 15:41:00,ILPT
25.89,25.89,25.89,25.89,100,2021-09-16 15:44:00,ILPT
25.87,25.89,25.87,25.87,1200,2021-09-16 15:46:00,ILPT
25.875,25.875,25.875,25.875,100,2021-09-16 15:53:00,ILPT
25.86,25.87,25.86,25.87,400,2021-09-16 15:55:00,ILPT
25.85,25.86,25.82,25.845,900,2021-09-16 15:57:00,ILPT
25.845,25.845,25.845,25.845,100,2021-09-16 16:00:00,ILPT
25.845,25.845,25.845,25.845,100,2021-09-16 16:01:00,ILPT
25.845,25.845,25.845,25.845,100,2021-09-16 16:04:00,ILPT
25.86,25.87,25.85,25.85,500,2021-09-16 16:06:00,ILPT
25.88,25.88,25.88,25.88,100,2021-09-16 16:07:00,ILPT
25.88,25.88,25.88,25.88,100,2021-09-16 16:09:00,ILPT
25.875,25.875,25.875,25.875,200,2021-09-16 16:13:00,ILPT
25.9,25.93,25.89,25.92,600,2021-09-16 16:18:00,ILPT
25.91,25.91,25.91,25.91,100,2021-09-16 16:21:00,ILPT
25.9,25.9,25.9,25.9,200,2021-09-16 16:23:00,ILPT
25.905,25.905,25.905,25.905,200,2021-09-16 16:26:00,ILPT
25.9,25.92,25.89,25.92,1000,2021-09-16 16:29:00,ILPT
25.93,25.93,25.93,25.93,200,2021-09-16 16:30:00,ILPT
25.9,25.9,25.9,25.9,100,2021-09-16 16:35:00,ILPT
25.93,25.93,25.93,25.93,300,2021-09-16 16:37:00,ILPT
25.91,25.93,25.91,25.93,300,2021-09-16 16:45:00,ILPT
25.925,25.9315,25.925,25.9315,300,2021-09-16 16:47:00,ILPT
25.93,25.93,25.92,25.92,500,2021-09-16 16:50:00,ILPT
25.92,25.92,25.91,25.91,700,2021-09-16 16:51:00,ILPT
25.9,25.9,25.9,25.9,1099,2021-09-16 16:53:00,ILPT
25.91,25.925,25.91,25.925,931,2021-09-16 16:54:00,ILPT
25.925,25.925,25.925,25.925,100,2021-09-16 16:55:00,ILPT
25.925,25.925,25.925,25.925,100,2021-09-16 16:57:00,ILPT
25.925,25.925,25.92,25.92,300,2021-09-16 17:02:00,ILPT
25.91,25.91,25.91,25.91,300,2021-09-16 17:03:00,ILPT
25.94,25.94,25.94,25.94,200,2021-09-16 17:05:00,ILPT
25.9258,25.9258,25.9258,25.9258,563,2021-09-16 17:07:00,ILPT
25.91,25.91,25.91,25.91,100,2021-09-16 17:09:00,ILPT
25.925,25.925,25.925,25.925,100,2021-09-16 17:12:00,ILPT
25.91,25.91,25.91,25.91,100,2021-09-16 17:14:00,ILPT
25.919,25.919,25.919,25.919,100,2021-09-16 17:15:00,ILPT
25.91,25.91,25.9,25.9,700,2021-09-16 17:17:00,ILPT
25.92,25.92,25.92,25.92,100,2021-09-16 17:20:00,ILPT
25.91,25.91,25.91,25.91,104,2021-09-16 17:23:00,ILPT
25.9,25.91,25.9,25.9,1300,2021-09-16 17:24:00,ILPT
25.9,25.9,25.9,25.9,200,2021-09-16 17:25:00,ILPT
25.89,25.91,25.89,25.91,200,2021-09-16 17:26:00,ILPT
25.9,25.9,25.9,25.9,100,2021-09-16 17:27:00,ILPT
25.91,25.915,25.905,25.905,700,2021-09-16 17:28:00,ILPT
25.905,25.905,25.905,25.905,100,2021-09-16 17:33:00,ILPT
25.92,25.92,25.92,25.92,300,2021-09-16 17:34:00,ILPT
25.92,25.92,25.91,25.92,700,2021-09-16 17:36:00,ILPT
25.92,25.92,25.92,25.92,200,2021-09-16 17:38:00,ILPT
25.92,25.92,25.92,25.92,100,2021-09-16 17:41:00,ILPT
25.92,25.92,25.89,25.89,800,2021-09-16 17:45:00,ILPT
25.9,25.91,25.9,25.91,760,2021-09-16 17:47:00,ILPT
25.89,25.89,25.89,25.89,100,2021-09-16 17:49:00,ILPT
25.93,25.93,25.93,25.93,300,2021-09-16 17:50:00,ILPT
25.97,25.985,25.97,25.985,700,2021-09-16 17:53:00,ILPT
25.98,25.98,25.98,25.98,617,2021-09-16 17:54:00,ILPT
26.0,26.0,25.99,25.99,400,2021-09-16 17:56:00,ILPT
26.0,26.01,26.0,26.01,300,2021-09-16 17:58:00,ILPT
26.03,26.05,26.03,26.049,800,2021-09-16 18:00:00,ILPT
26.035,26.035,26.03,26.03,618,2021-09-16 18:01:00,ILPT
26.03,26.03,26.03,26.03,100,2021-09-16 18:02:00,ILPT
26.035,26.035,26.035,26.035,100,2021-09-16 18:04:00,ILPT
26.04,26.04,26.04,26.04,200,2021-09-16 18:05:00,ILPT
26.06,26.06,26.06,26.06,100,2021-09-16 18:06:00,ILPT
26.07,26.07,26.07,26.07,100,2021-09-16 18:07:00,ILPT
26.09,26.1,26.08,26.08,955,2021-09-16 18:08:00,ILPT
26.075,26.075,26.075,26.075,100,2021-09-16 18:09:00,ILPT
26.1,26.115,26.1,26.115,200,2021-09-16 18:10:00,ILPT
26.11,26.11,26.11,26.11,100,2021-09-16 18:11:00,ILPT
26.1228,26.1228,26.1228,26.1228,100,2021-09-16 18:13:00,ILPT
26.11,26.11,26.11,26.11,100,2021-09-16 18:20:00,ILPT
26.1,26.11,26.1,26.11,200,2021-09-16 18:22:00,ILPT
26.11,26.13,26.11,26.13,200,2021-09-16 18:26:00,ILPT
26.09,26.09,26.07,26.07,1023,2021-09-16 18:27:00,ILPT
26.07,26.07,26.07,26.07,335,2021-09-16 18:29:00,ILPT
26.07,26.07,26.07,26.07,300,2021-09-16 18:30:00,ILPT
26.06,26.06,26.06,26.06,120,2021-09-16 18:32:00,ILPT
26.06,26.06,26.06,26.06,100,2021-09-16 18:34:00,ILPT
26.06,26.06,26.06,26.06,104,2021-09-16 18:37:00,ILPT
26.06,26.06,26.04,26.04,625,2021-09-16 18:40:00,ILPT
26.04,26.04,26.04,26.04,100,2021-09-16 18:41:00,ILPT
26.04,26.04,26.04,26.04,122,2021-09-16 18:42:00,ILPT
26.055,26.055,26.04,26.04,323,2021-09-16 18:43:00,ILPT
26.04,26.04,26.04,26.04,1154,2021-09-16 18:44:00,ILPT
26.0581,26.0581,26.0581,26.0581,100,2021-09-16 18:48:00,ILPT
26.04,26.04,26.04,26.04,100,2021-09-16 18:51:00,ILPT
26.055,26.055,26.04,26.05,302,2021-09-16 18:52:00,ILPT
26.05,26.05,26.05,26.05,600,2021-09-16 18:53:00,ILPT
26.05,26.07,26.05,26.07,700,2021-09-16 18:55:00,ILPT
26.07,26.07,26.07,26.07,100,2021-09-16 18:59:00,ILPT
26.08,26.08,26.08,26.08,100,2021-09-16 19:00:00,ILPT
26.07,26.08,26.07,26.08,300,2021-09-16 19:02:00,ILPT
26.09,26.09,26.085,26.085,200,2021-09-16 19:04:00,ILPT
26.09,26.09,26.09,26.09,200,2021-09-16 19:07:00,ILPT
26.08,26.08,26.08,26.08,500,2021-09-16 19:08:00,ILPT
26.075,26.075,26.075,26.075,100,2021-09-16 19:09:00,ILPT
26.08,26.08,26.08,26.08,560,2021-09-16 19:10:00,ILPT
26.07,26.07,26.06,26.06,1408,2021-09-16 19:12:00,ILPT
26.07,26.08,26.04,26.04,2310,2021-09-16 19:17:00,ILPT
25.98,25.99,25.98,25.99,200,2021-09-16 19:18:00,ILPT
25.99,25.99,25.99,25.99,100,2021-09-16 19:19:00,ILPT
26.03,26.03,26.03,26.03,430,2021-09-16 19:20:00,ILPT
26.015,26.015,26.015,26.015,100,2021-09-16 19:23:00,ILPT
26.015,26.015,26.015,26.015,100,2021-09-16 19:24:00,ILPT
26.0299,26.0299,26.0299,26.0299,400,2021-09-16 19:32:00,ILPT
26.015,26.04,26.015,26.03,900,2021-09-16 19:33:00,ILPT
26.04,26.04,26.01,26.01,1300,2021-09-16 19:34:00,ILPT
26.03,26.03,25.99,25.99,1418,2021-09-16 19:35:00,ILPT
25.9603,25.99,25.96,25.99,2300,2021-09-16 19:38:00,ILPT
25.975,25.99,25.975,25.99,200,2021-09-16 19:39:00,ILPT
25.99,25.99,25.98,25.99,300,2021-09-16 19:40:00,ILPT
25.99,26.0,25.99,26.0,800,2021-09-16 19:41:00,ILPT
25.99,25.99,25.99,25.99,100,2021-09-16 19:42:00,ILPT
25.985,26.0,25.98,25.98,800,2021-09-16 19:43:00,ILPT
25.985,25.985,25.95,25.95,1296,2021-09-16 19:44:00,ILPT
25.945,25.95,25.945,25.95,700,2021-09-16 19:45:00,ILPT
25.96,25.99,25.955,25.96,1627,2021-09-16 19:46:00,ILPT
25.95,25.95,25.949,25.949,600,2021-09-16 19:48:00,ILPT
25.97,25.97,25.93,25.93,700,2021-09-16 19:49:00,ILPT
25.94,25.95,25.92,25.95,700,2021-09-16 19:50:00,ILPT
25.95,25.95,25.935,25.935,400,2021-09-16 19:51:00,ILPT
25.935,25.95,25.935,25.95,200,2021-09-16 19:52:00,ILPT
25.95,25.95,25.92,25.92,300,2021-09-16 19:53:00,ILPT
25.91,25.91,25.91,25.91,200,2021-09-16 19:54:00,ILPT
25.905,25.91,25.9,25.9,1200,2021-09-16 19:55:00,ILPT
25.88,25.9,25.88,25.9,550,2021-09-16 19:56:00,ILPT
25.89,25.9,25.89,25.89,300,2021-09-16 19:57:00,ILPT
25.9,25.91,25.89,25.89,1590,2021-09-16 19:58:00,ILPT
25.89,25.93,25.89,25.93,5576,2021-09-16 19:59:00,ILPT
25.9,25.9,25.9,25.9,34946,2021-09-16 20:00:00,ILPT
25.9,25.9,25.9,25.9,1288,2021-09-16 20:01:00,ILPT
26.31,26.32,26.31,26.32,1100,2021-09-17 13:27:00,ILPT
25.98,26.0,25.98,26.0,2100,2021-09-17 13:29:00,ILPT
25.99,26.03,25.99,26.03,65231,2021-09-17 13:30:00,ILPT
25.96,26.01,25.92,25.99,2097,2021-09-17 13:35:00,ILPT
25.95,26.105,25.95,26.105,600,2021-09-17 13:37:00,ILPT
26.08,26.11,26.02,26.02,1510,2021-09-17 13:38:00,ILPT
26.0847,26.13,26.07,26.07,600,2021-09-17 13:39:00,ILPT
26.06,26.06,26.06,26.06,100,2021-09-17 13:41:00,ILPT
26.03,26.03,26.0,26.0,600,2021-09-17 13:42:00,ILPT
26.0195,26.0195,26.0195,26.0195,100,2021-09-17 13:44:00,ILPT
26.0139,26.03,26.01,26.03,536,2021-09-17 13:46:00,ILPT
26.02,26.02,25.99,26.01,300,2021-09-17 13:48:00,ILPT
25.99,25.99,25.99,25.99,100,2021-09-17 13:49:00,ILPT
25.995,25.995,25.995,25.995,100,2021-09-17 13:50:00,ILPT
25.99,26.02,25.99,26.02,422,2021-09-17 13:51:00,ILPT
25.9842,25.9842,25.98,25.98,225,2021-09-17 13:53:00,ILPT
25.95,25.95,25.94,25.95,649,2021-09-17 13:54:00,ILPT
25.93,25.93,25.93,25.93,100,2021-09-17 13:55:00,ILPT
25.95,25.96,25.93,25.93,300,2021-09-17 13:56:00,ILPT
25.9,25.9,25.9,25.9,200,2021-09-17 13:58:00,ILPT
25.8892,25.91,25.8892,25.91,353,2021-09-17 13:59:00,ILPT
25.81,25.82,25.79,25.79,500,2021-09-17 14:00:00,ILPT
25.91,25.91,25.88,25.88,500,2021-09-17 14:01:00,ILPT
25.875,25.875,25.865,25.865,725,2021-09-17 14:02:00,ILPT
25.875,25.875,25.875,25.875,375,2021-09-17 14:03:00,ILPT
25.9137,25.9137,25.86,25.86,388,2021-09-17 14:05:00,ILPT
25.87,25.87,25.87,25.87,200,2021-09-17 14:08:00,ILPT
25.9199,25.9199,25.9199,25.9199,100,2021-09-17 14:09:00,ILPT
25.89,25.89,25.89,25.89,200,2021-09-17 14:12:00,ILPT
25.88,25.88,25.87,25.87,200,2021-09-17 14:13:00,ILPT
25.86,25.86,25.86,25.86,117,2021-09-17 14:14:00,ILPT
25.85,25.85,25.85,25.85,100,2021-09-17 14:15:00,ILPT
25.87,25.87,25.87,25.87,100,2021-09-17 14:16:00,ILPT
25.86,25.86,25.85,25.85,200,2021-09-17 14:17:00,ILPT
25.91,25.91,25.89,25.89,304,2021-09-17 14:19:00,ILPT
25.93,25.93,25.93,25.93,100,2021-09-17 14:20:00,ILPT
25.9,25.9,25.9,25.9,500,2021-09-17 14:23:00,ILPT
25.89,25.89,25.89,25.89,104,2021-09-17 14:26:00,ILPT
25.89,25.89,25.89,25.89,200,2021-09-17 14:27:00,ILPT
25.87,25.88,25.86,25.88,544,2021-09-17 14:29:00,ILPT
25.87,25.87,25.87,25.87,100,2021-09-17 14:30:00,ILPT
25.88,25.88,25.87,25.87,308,2021-09-17 14:32:00,ILPT
25.87,25.87,25.87,25.87,100,2021-09-17 14:33:00,ILPT
25.84,25.84,25.84,25.84,100,2021-09-17 14:37:00,ILPT
25.86,25.86,25.86,25.86,100,2021-09-17 14:40:00,ILPT
25.83,25.83,25.83,25.83,100,2021-09-17 14:42:00,ILPT
25.83,25.84,25.83,25.84,200,2021-09-17 14:43:00,ILPT
25.85,25.85,25.84,25.84,300,2021-09-17 14:46:00,ILPT
25.84,25.84,25.84,25.84,100,2021-09-17 14:47:00,ILPT
25.86,25.88,25.86,25.87,402,2021-09-17 14:48:00,ILPT
25.865,25.865,25.865,25.865,100,2021-09-17 14:49:00,ILPT
25.885,25.885,25.885,25.885,100,2021-09-17 14:52:00,ILPT
25.885,25.885,25.885,25.885,100,2021-09-17 14:54:00,ILPT
25.8778,25.885,25.8778,25.885,203,2021-09-17 14:55:00,ILPT
25.87,25.88,25.87,25.87,300,2021-09-17 14:56:00,ILPT
25.87,25.87,25.87,25.87,100,2021-09-17 14:57:00,ILPT
25.9,25.9,25.9,25.9,400,2021-09-17 15:01:00,ILPT
25.93,25.93,25.93,25.93,200,2021-09-17 15:03:00,ILPT
25.93,25.96,25.93,25.96,300,2021-09-17 15:04:00,ILPT
25.94,25.94,25.94,25.94,200,2021-09-17 15:06:00,ILPT
25.95,25.96,25.95,25.96,200,2021-09-17 15:07:00,ILPT
25.97,26.01,25.97,26.01,200,2021-09-17 15:09:00,ILPT
25.99,25.99,25.99,25.99,100,2021-09-17 15:10:00,ILPT
25.97,25.97,25.97,25.97,404,2021-09-17 15:11:00,ILPT
26.0,26.0,26.0,26.0,200,2021-09-17 15:13:00,ILPT
26.03,26.03,26.03,26.03,100,2021-09-17 15:14:00,ILPT
26.03,26.04,26.03,26.04,877,2021-09-17 15:15:00,ILPT
26.04,26.04,26.04,26.04,100,2021-09-17 15:17:00,ILPT
26.04,26.04,26.04,26.04,100,2021-09-17 15:18:00,ILPT
26.06,26.06,26.04,26.04,1378,2021-09-17 15:20:00,ILPT
26.04,26.04,26.03,26.04,400,2021-09-17 15:21:00,ILPT
26.04,26.04,26.04,26.04,100,2021-09-17 15:22:00,ILPT
26.05,26.05,26.05,26.05,100,2021-09-17 15:24:00,ILPT
26.05,26.05,26.01,26.01,600,2021-09-17 15:25:00,ILPT
26.04,26.04,26.04,26.04,200,2021-09-17 15:27:00,ILPT
26.02,26.02,26.01,26.02,790,2021-09-17 15:29:00,ILPT
26.0,26.01,25.98,26.0,900,2021-09-17 15:33:00,ILPT
26.04,26.04,26.04,26.04,200,2021-09-17 15:34:00,ILPT
26.04,26.06,26.04,26.06,200,2021-09-17 15:35:00,ILPT
26.05,26.05,26.05,26.05,600,2021-09-17 15:36:00,ILPT
26.08,26.08,26.08,26.08,100,2021-09-17 15:38:00,ILPT
26.09,26.09,26.09,26.09,1500,2021-09-17 15:40:00,ILPT
26.11,26.11,26.1,26.105,400,2021-09-17 15:41:00,ILPT
26.11,26.12,26.1,26.12,700,2021-09-17 15:42:00,ILPT
26.12,26.12,26.12,26.12,100,2021-09-17 15:43:00,ILPT
26.09,26.115,26.09,26.115,683,2021-09-17 15:44:00,ILPT
26.125,26.125,26.11,26.11,200,2021-09-17 15:47:00,ILPT
26.13,26.13,26.13,26.13,200,2021-09-17 15:48:00,ILPT
26.12,26.13,26.12,26.13,1500,2021-09-17 15:50:00,ILPT
26.1327,26.14,26.12,26.12,1800,2021-09-17 15:51:00,ILPT
26.11,26.11,26.11,26.11,100,2021-09-17 15:52:00,ILPT
26.1,26.1,26.1,26.1,100,2021-09-17 15:53:00,ILPT
26.1,26.1,26.1,26.1,400,2021-09-17 15:55:00,ILPT
26.1,26.11,26.1,26.11,3400,2021-09-17 15:57:00,ILPT
26.12,26.125,26.11,26.125,400,2021-09-17 15:58:00,ILPT
26.125,26.135,26.11,26.135,5700,2021-09-17 15:59:00,ILPT
26.12,26.12,26.12,26.12,600,2021-09-17 16:00:00,ILPT
26.085,26.085,26.085,26.085,2600,2021-09-17 16:01:00,ILPT
26.07,26.07,26.07,26.07,100,2021-09-17 16:04:00,ILPT
26.08,26.08,26.08,26.08,500,2021-09-17 16:06:00,ILPT
26.09,26.09,26.07,26.07,300,2021-09-17 16:08:00,ILPT
26.09,26.12,26.09,26.12,313,2021-09-17 16:09:00,ILPT
26.12,26.12,26.0963,26.105,3300,2021-09-17 16:10:00,ILPT
26.105,26.12,26.1,26.12,500,2021-09-17 16:11:00,ILPT
26.1,26.1,26.1,26.1,202,2021-09-17 16:12:00,ILPT
26.1,26.11,26.09,26.1,1000,2021-09-17 16:13:00,ILPT
26.08,26.1,26.08,26.1,1400,2021-09-17 16:14:00,ILPT
26.09,26.09,26.09,26.09,100,2021-09-17 16:15:00,ILPT
26.09,26.09,26.09,26.09,100,2021-09-17 16:16:00,ILPT
26.11,26.11,26.11,26.11,100,2021-09-17 16:19:00,ILPT
26.125,26.125,26.125,26.125,275,2021-09-17 16:21:00,ILPT
26.14,26.14,26.11,26.11,300,2021-09-17 16:22:00,ILPT
26.14,26.14,26.14,26.14,100,2021-09-17 16:23:00,ILPT
26.14,26.15,26.14,26.14,500,2021-09-17 16:24:00,ILPT
26.1596,26.1596,26.14,26.14,602,2021-09-17 16:25:00,ILPT
26.12,26.12,26.115,26.115,527,2021-09-17 16:26:00,ILPT
26.11,26.11,26.11,26.11,200,2021-09-17 16:27:00,ILPT
26.1,26.1,26.09,26.09,628,2021-09-17 16:28:00,ILPT
26.08,26.08,26.08,26.08,300,2021-09-17 16:29:00,ILPT
26.08,26.08,26.07,26.07,300,2021-09-17 16:30:00,ILPT
26.06,26.06,26.06,26.06,100,2021-09-17 16:31:00,ILPT
26.06,26.07,26.06,26.07,400,2021-09-17 16:32:00,ILPT
26.05,26.06,26.05,26.05,318,2021-09-17 16:35:00,ILPT
26.06,26.06,26.06,26.06,132,2021-09-17 16:36:00,ILPT
26.06,26.06,26.06,26.06,100,2021-09-17 16:37:00,ILPT
26.06,26.06,26.04,26.06,800,2021-09-17 16:39:00,ILPT
26.04,26.06,26.04,26.06,200,2021-09-17 16:40:00,ILPT
26.08,26.08,26.08,26.08,100,2021-09-17 16:41:00,ILPT
26.075,26.075,26.075,26.075,1300,2021-09-17 16:42:00,ILPT
26.06,26.07,26.06,26.07,200,2021-09-17 16:44:00,ILPT
26.1,26.1,26.08,26.08,200,2021-09-17 16:45:00,ILPT
26.1,26.1,26.1,26.1,300,2021-09-17 16:46:00,ILPT
26.11,26.11,26.1,26.1,475,2021-09-17 16:47:00,ILPT
26.0998,26.0998,26.09,26.09,500,2021-09-17 16:48:00,ILPT
26.12,26.12,26.11,26.11,200,2021-09-17 16:50:00,ILPT
26.1,26.1,26.1,26.1,100,2021-09-17 16:51:00,ILPT
26.1,26.1,26.1,26.1,100,2021-09-17 16:53:00,ILPT
26.09,26.1,26.09,26.1,325,2021-09-17 16:54:00,ILPT
26.09,26.09,26.09,26.09,100,2021-09-17 16:56:00,ILPT
26.09,26.09,26.08,26.08,300,2021-09-17 16:57:00,ILPT
26.09,26.09,26.09,26.09,100,2021-09-17 16:58:00,ILPT
26.08,26.08,26.08,26.08,100,2021-09-17 16:59:00,ILPT
26.09,26.09,26.09,26.09,200,2021-09-17 17:00:00,ILPT
26.09,26.1073,26.09,26.1073,1250,2021-09-17 17:03:00,ILPT
26.08,26.08,26.08,26.08,100,2021-09-17 17:04:00,ILPT
26.08,26.1,26.08,26.1,200,2021-09-17 17:05:00,ILPT
26.08,26.08,26.08,26.08,100,2021-09-17 17:06:00,ILPT
26.105,26.105,26.09,26.09,200,2021-09-17 17:07:00,ILPT
26.13,26.13,26.13,26.13,100,2021-09-17 17:08:00,ILPT
26.11,26.11,26.11,26.11,200,2021-09-17 17:12:00,ILPT
26.12,26.125,26.12,26.12,300,2021-09-17 17:13:00,ILPT
26.11,26.11,26.1,26.1,538,2021-09-17 17:14:00,ILPT
26.08,26.1,26.08,26.1,220,2021-09-17 17:17:00,ILPT
26.08,26.08,26.08,26.08,163,2021-09-17 17:18:00,ILPT
26.09,26.09,26.09,26.09,100,2021-09-17 17:19:00,ILPT
26.079,26.079,26.07,26.07,368,2021-09-17 17:20:00,ILPT
26.07,26.08,26.07,26.08,500,2021-09-17 17:23:00,ILPT
26.07,26.07,26.07,26.07,100,2021-09-17 17:25:00,ILPT
26.07,26.07,26.07,26.07,100,2021-09-17 17:26:00,ILPT
26.07,26.07,26.07,26.07,100,2021-09-17 17:28:00,ILPT
26.06,26.06,26.06,26.06,100,2021-09-17 17:29:00,ILPT
26.06,26.06,26.06,26.06,200,2021-09-17 17:31:00,ILPT
26.065,26.065,26.065,26.065,100,2021-09-17 17:32:00,ILPT
26.065,26.065,26.06,26.06,200,2021-09-17 17:33:00,ILPT
26.065,26.065,26.065,26.065,100,2021-09-17 17:35:00,ILPT
26.06,26.06,26.06,26.06,100,2021-09-17 17:36:00,ILPT
26.05,26.06,26.05,26.06,300,2021-09-17 17:37:00,ILPT
26.07,26.07,26.07,26.07,100,2021-09-17 17:40:00,ILPT
26.06,26.06,26.06,26.06,200,2021-09-17 17:41:00,ILPT
26.05,26.07,26.05,26.07,200,2021-09-17 17:42:00,ILPT
26.06,26.06,26.06,26.06,100,2021-09-17 17:44:00,ILPT
26.05,26.05,26.04,26.04,202,2021-09-17 17:46:00,ILPT
26.04,26.04,26.04,26.04,263,2021-09-17 17:48:00,ILPT
26.04,26.04,26.03,26.03,500,2021-09-17 17:49:00,ILPT
26.02,26.02,26.02,26.02,100,2021-09-17 17:50:00,ILPT
26.0,26.0,26.0,26.0,100,2021-09-17 17:51:00,ILPT
26.01,26.0109,26.0,26.01,612,2021-09-17 17:52:00,ILPT
26.01,26.01,26.01,26.01,100,2021-09-17 17:54:00,ILPT
26.0,26.0162,26.0,26.0,315,2021-09-17 17:55:00,ILPT
26.0,26.0,26.0,26.0,200,2021-09-17 17:56:00,ILPT
25.98,25.98,25.98,25.98,100,2021-09-17 17:57:00,ILPT
25.98,25.98,25.98,25.98,100,2021-09-17 17:59:00,ILPT
25.9783,25.98,25.9783,25.98,350,2021-09-17 18:00:00,ILPT
25.98,25.98,25.98,25.98,100,2021-09-17 18:01:00,ILPT
25.98,25.98,25.98,25.98,100,2021-09-17 18:02:00,ILPT
25.98,25.985,25.98,25.985,200,2021-09-17 18:03:00,ILPT
25.98,25.98,25.98,25.98,100,2021-09-17 18:05:00,ILPT
25.98,25.98,25.98,25.98,200,2021-09-17 18:06:00,ILPT
25.96,25.97,25.96,25.97,1000,2021-09-17 18:07:00,ILPT
25.98,25.98,25.98,25.98,300,2021-09-17 18:08:00,ILPT
26.0,26.0,26.0,26.0,100,2021-09-17 18:09:00,ILPT
26.02,26.02,25.99,26.015,600,2021-09-17 18:10:00,ILPT
26.02,26.0347,26.015,26.03,5393,2021-09-17 18:12:00,ILPT
26.06,26.06,26.06,26.06,100,2021-09-17 18:14:00,ILPT
26.06,26.07,26.06,26.07,500,2021-09-17 18:15:00,ILPT
26.055,26.055,26.055,26.055,100,2021-09-17 18:16:00,ILPT
26.055,26.055,26.055,26.055,100,2021-09-17 18:17:00,ILPT
26.055,26.055,26.04,26.04,300,2021-09-17 18:19:00,ILPT
26.05,26.05,26.04,26.04,300,2021-09-17 18:21:00,ILPT
26.06,26.06,26.06,26.06,300,2021-09-17 18:22:00,ILPT
26.06,26.06,26.06,26.06,100,2021-09-17 18:23:00,ILPT
26.06,26.06,26.06,26.06,200,2021-09-17 18:25:00,ILPT
26.06,26.06,26.05,26.05,400,2021-09-17 18:26:00,ILPT
26.03,26.04,26.03,26.03,676,2021-09-17 18:27:00,ILPT
26.02,26.02,26.02,26.02,100,2021-09-17 18:29:00,ILPT
26.03,26.03,26.03,26.03,100,2021-09-17 18:30:00,ILPT
26.03,26.03,26.03,26.03,171,2021-09-17 18:31:00,ILPT
26.02,26.02,26.01,26.01,200,2021-09-17 18:34:00,ILPT
26.0,26.0,25.9999,26.0,913,2021-09-17 18:36:00,ILPT
25.98,25.995,25.98,25.995,200,2021-09-17 18:38:00,ILPT
25.99,25.99,25.99,25.99,100,2021-09-17 18:39:00,ILPT
26.0074,26.0074,26.0074,26.0074,300,2021-09-17 18:40:00,ILPT
26.0,26.01,26.0,26.0,493,2021-09-17 18:41:00,ILPT
26.0198,26.0198,26.0198,26.0198,239,2021-09-17 18:42:00,ILPT
26.0,26.03,26.0,26.03,500,2021-09-17 18:43:00,ILPT
26.04,26.04,26.02,26.02,200,2021-09-17 18:44:00,ILPT
26.03,26.03,26.03,26.03,100,2021-09-17 18:45:00,ILPT
26.01,26.01,26.01,26.01,100,2021-09-17 18:47:00,ILPT
26.015,26.015,26.015,26.015,200,2021-09-17 18:49:00,ILPT
26.01,26.01,26.01,26.01,100,2021-09-17 18:50:00,ILPT
26.01,26.015,26.01,26.015,2168,2021-09-17 18:51:00,ILPT
26.015,26.015,26.015,26.015,400,2021-09-17 18:52:00,ILPT
26.02,26.02,26.02,26.02,100,2021-09-17 18:54:00,ILPT
26.01,26.02,26.01,26.02,300,2021-09-17 18:55:00,ILPT
26.02,26.02,26.02,26.02,200,2021-09-17 18:56:00,ILPT
26.01,26.015,26.0,26.0,400,2021-09-17 18:58:00,ILPT
25.99,25.99,25.99,25.99,200,2021-09-17 18:59:00,ILPT
25.99,25.99,25.99,25.99,200,2021-09-17 19:01:00,ILPT
25.99,25.99,25.99,25.99,200,2021-09-17 19:02:00,ILPT
25.99,26.0,25.99,25.99,300,2021-09-17 19:04:00,ILPT
26.0,26.0,26.0,26.0,300,2021-09-17 19:06:00,ILPT
25.98,25.98,25.98,25.98,100,2021-09-17 19:09:00,ILPT
25.98,25.98,25.98,25.98,200,2021-09-17 19:10:00,ILPT
25.97,25.98,25.97,25.98,700,2021-09-17 19:12:00,ILPT
25.97,25.97,25.96,25.96,200,2021-09-17 19:13:00,ILPT
25.97,25.99,25.97,25.99,4800,2021-09-17 19:14:00,ILPT
25.975,25.975,25.975,25.975,100,2021-09-17 19:15:00,ILPT
25.96,25.96,25.96,25.96,200,2021-09-17 19:16:00,ILPT
25.97,25.97,25.96,25.96,300,2021-09-17 19:17:00,ILPT
25.96,25.96,25.96,25.96,500,2021-09-17 19:18:00,ILPT
25.94,25.94,25.94,25.94,100,2021-09-17 19:19:00,ILPT
25.95,25.95,25.95,25.95,113,2021-09-17 19:20:00,ILPT
25.96,25.96,25.96,25.96,600,2021-09-17 19:21:00,ILPT
25.96,25.96,25.96,25.96,100,2021-09-17 19:22:00,ILPT
25.965,25.965,25.965,25.965,100,2021-09-17 19:23:00,ILPT
25.96,25.96,25.96,25.96,100,2021-09-17 19:24:00,ILPT
25.96,25.96,25.96,25.96,200,2021-09-17 19:26:00,ILPT
25.94,25.94,25.94,25.94,100,2021-09-17 19:27:00,ILPT
25.93,25.945,25.93,25.945,210,2021-09-17 19:29:00,ILPT
25.92,25.92,25.92,25.92,100,2021-09-17 19:30:00,ILPT
25.93,25.93,25.93,25.93,600,2021-09-17 19:31:00,ILPT
25.9,25.9,25.9,25.9,192,2021-09-17 19:32:00,ILPT
25.86,25.86,25.86,25.86,200,2021-09-17 19:34:00,ILPT
25.86,25.87,25.86,25.86,800,2021-09-17 19:35:00,ILPT
25.87,25.87,25.87,25.87,300,2021-09-17 19:36:00,ILPT
25.87,25.87,25.87,25.87,700,2021-09-17 19:37:00,ILPT
25.86,25.86,25.86,25.86,100,2021-09-17 19:38:00,ILPT
25.875,25.875,25.86,25.86,900,2021-09-17 19:39:00,ILPT
25.85,25.85,25.85,25.85,200,2021-09-17 19:40:00,ILPT
25.865,25.875,25.865,25.875,300,2021-09-17 19:41:00,ILPT
25.875,25.875,25.86,25.86,900,2021-09-17 19:42:00,ILPT
25.87,25.87,25.87,25.87,375,2021-09-17 19:43:00,ILPT
25.8868,25.8868,25.87,25.87,1150,2021-09-17 19:44:00,ILPT
25.88,25.88,25.88,25.88,100,2021-09-17 19:45:00,ILPT
25.84,25.84,25.84,25.84,100,2021-09-17 19:46:00,ILPT
25.82,25.82,25.82,25.82,200,2021-09-17 19:47:00,ILPT
25.8,25.8,25.79,25.79,353,2021-09-17 19:48:00,ILPT
25.78,25.84,25.78,25.84,600,2021-09-17 19:49:00,ILPT
25.83,25.83,25.62,25.71,11753,2021-09-17 19:50:00,ILPT
25.725,25.75,25.69,25.75,5198,2021-09-17 19:51:00,ILPT
25.74,25.76,25.7,25.71,3950,2021-09-17 19:52:00,ILPT
25.7015,25.715,25.58,25.655,12234,2021-09-17 19:53:00,ILPT
25.62,25.72,25.62,25.72,2739,2021-09-17 19:54:00,ILPT
25.705,25.76,25.705,25.76,800,2021-09-17 19:55:00,ILPT
25.75,25.78,25.73,25.75,3729,2021-09-17 19:56:00,ILPT
25.75,25.77,25.75,25.76,1151,2021-09-17 19:57:00,ILPT
25.76,25.81,25.76,25.7686,4657,2021-09-17 19:58:00,ILPT
25.78,25.81,25.76,25.81,12319,2021-09-17 19:59:00,ILPT
25.77,25.77,25.77,25.77,755010,2021-09-17 20:00:00,ILPT
25.77,25.77,25.77,25.77,34318,2021-09-17 20:01:00,ILPT
25.77,25.77,25.77,25.77,1739,2021-09-17 20:02:00,ILPT
25.77,25.77,25.77,25.77,2815,2021-09-17 20:05:00,ILPT
25.6,25.6,25.6,25.6,1600,2021-09-20 11:42:00,ILPT
25.57,25.71,25.57,25.57,5690,2021-09-20 13:30:00,ILPT
25.67,25.67,25.46,25.57,6310,2021-09-20 13:31:00,ILPT
25.59,25.6,25.59,25.6,725,2021-09-20 13:33:00,ILPT
25.6,25.62,25.6,25.62,400,2021-09-20 13:34:00,ILPT
25.7,25.73,25.7,25.73,200,2021-09-20 13:35:00,ILPT
25.63,25.63,25.5716,25.5716,1029,2021-09-20 13:36:00,ILPT
25.56,25.57,25.56,25.57,1021,2021-09-20 13:41:00,ILPT
25.53,25.53,25.52,25.52,200,2021-09-20 13:42:00,ILPT
25.635,25.635,25.54,25.54,300,2021-09-20 13:46:00,ILPT
25.515,25.515,25.515,25.515,200,2021-09-20 13:51:00,ILPT
25.5,25.5,25.49,25.49,200,2021-09-20 13:52:00,ILPT
25.57,25.57,25.57,25.57,100,2021-09-20 13:55:00,ILPT
25.5,25.5,25.5,25.5,500,2021-09-20 13:57:00,ILPT
25.515,25.515,25.515,25.515,100,2021-09-20 13:58:00,ILPT
25.48,25.48,25.47,25.47,300,2021-09-20 14:00:00,ILPT
25.48,25.48,25.48,25.48,100,2021-09-20 14:01:00,ILPT
25.47,25.47,25.47,25.47,200,2021-09-20 14:03:00,ILPT
25.5,25.59,25.5,25.59,1100,2021-09-20 14:06:00,ILPT
25.53,25.53,25.53,25.53,551,2021-09-20 14:08:00,ILPT
25.53,25.585,25.52,25.585,700,2021-09-20 14:12:00,ILPT
25.54,25.54,25.5182,25.5182,200,2021-09-20 14:15:00,ILPT
25.5366,25.55,25.5366,25.55,300,2021-09-20 14:16:00,ILPT
25.5,25.5,25.5,25.5,100,2021-09-20 14:18:00,ILPT
25.52,25.52,25.52,25.52,600,2021-09-20 14:21:00,ILPT
25.52,25.58,25.52,25.58,500,2021-09-20 14:24:00,ILPT
25.55,25.55,25.54,25.54,500,2021-09-20 14:26:00,ILPT
25.54,25.56,25.54,25.56,600,2021-09-20 14:27:00,ILPT
25.5694,25.57,25.5694,25.57,350,2021-09-20 14:31:00,ILPT
25.58,25.58,25.58,25.58,100,2021-09-20 14:32:00,ILPT
25.57,25.57,25.57,25.57,100,2021-09-20 14:34:00,ILPT
25.59,25.6,25.59,25.6,300,2021-09-20 14:35:00,ILPT
25.66,25.69,25.65,25.69,400,2021-09-20 14:36:00,ILPT
25.68,25.68,25.68,25.68,100,2021-09-20 14:37:00,ILPT
25.68,25.68,25.59,25.62,1228,2021-09-20 14:39:00,ILPT
25.615,25.615,25.615,25.615,100,2021-09-20 14:41:00,ILPT
25.6,25.7,25.6,25.67,9451,2021-09-20 14:42:00,ILPT
25.71,25.73,25.71,25.73,400,2021-09-20 14:43:00,ILPT
25.76,25.76,25.76,25.76,100,2021-09-20 14:46:00,ILPT
25.81,25.81,25.75,25.75,790,2021-09-20 14:49:00,ILPT
25.74,25.74,25.73,25.73,425,2021-09-20 14:50:00,ILPT
25.69,25.69,25.69,25.69,1000,2021-09-20 14:52:00,ILPT
25.71,25.71,25.7,25.71,300,2021-09-20 14:53:00,ILPT
25.67,25.67,25.67,25.67,800,2021-09-20 14:54:00,ILPT
25.67,25.67,25.64,25.65,1000,2021-09-20 14:56:00,ILPT
25.66,25.66,25.66,25.66,100,2021-09-20 14:57:00,ILPT
25.685,25.688,25.67,25.67,645,2021-09-20 15:00:00,ILPT
25.66,25.73,25.66,25.73,716,2021-09-20 15:02:00,ILPT
25.71,25.75,25.71,25.75,200,2021-09-20 15:04:00,ILPT
25.77,25.77,25.755,25.755,400,2021-09-20 15:05:00,ILPT
25.79,25.79,25.73,25.77,1194,2021-09-20 15:06:00,ILPT
25.8,25.8,25.8,25.8,200,2021-09-20 15:07:00,ILPT
25.8,25.84,25.8,25.84,400,2021-09-20 15:08:00,ILPT
25.771,25.771,25.771,25.771,100,2021-09-20 15:10:00,ILPT
25.75,25.7899,25.75,25.7899,931,2021-09-20 15:11:00,ILPT
25.736,25.78,25.736,25.78,500,2021-09-20 15:12:00,ILPT
25.77,25.77,25.77,25.77,200,2021-09-20 15:15:00,ILPT
25.741,25.741,25.74,25.74,200,2021-09-20 15:16:00,ILPT
25.72,25.72,25.685,25.72,1776,2021-09-20 15:23:00,ILPT
25.685,25.685,25.685,25.685,100,2021-09-20 15:25:00,ILPT
25.685,25.7,25.68,25.7,1718,2021-09-20 15:26:00,ILPT
25.69,25.69,25.65,25.65,200,2021-09-20 15:27:00,ILPT
25.71,25.71,25.69,25.69,400,2021-09-20 15:29:00,ILPT
25.6819,25.69,25.645,25.645,301,2021-09-20 15:30:00,ILPT
25.61,25.61,25.605,25.605,200,2021-09-20 15:31:00,ILPT
25.57,25.57,25.57,25.57,100,2021-09-20 15:34:00,ILPT
25.53,25.53,25.53,25.53,100,2021-09-20 15:41:00,ILPT
25.48,25.52,25.47,25.52,300,2021-09-20 15:44:00,ILPT
25.48,25.52,25.48,25.49,2031,2021-09-20 15:46:00,ILPT
25.49,25.505,25.49,25.49,600,2021-09-20 15:48:00,ILPT
25.49,25.49,25.48,25.48,804,2021-09-20 15:49:00,ILPT
25.47,25.47,25.47,25.47,720,2021-09-20 15:50:00,ILPT
25.43,25.46,25.43,25.46,417,2021-09-20 15:51:00,ILPT
25.4809,25.49,25.4809,25.49,200,2021-09-20 15:52:00,ILPT
25.49,25.49,25.49,25.49,523,2021-09-20 15:53:00,ILPT
25.49,25.501,25.49,25.5,705,2021-09-20 15:54:00,ILPT
25.48,25.48,25.48,25.48,800,2021-09-20 15:56:00,ILPT
25.52,25.52,25.52,25.52,100,2021-09-20 15:58:00,ILPT
25.51,25.56,25.51,25.51,400,2021-09-20 16:05:00,ILPT
25.51,25.52,25.48,25.52,3100,2021-09-20 16:06:00,ILPT
25.52,25.52,25.5,25.5,400,2021-09-20 16:07:00,ILPT
25.54,25.55,25.54,25.55,200,2021-09-20 16:08:00,ILPT
25.55,25.55,25.55,25.55,100,2021-09-20 16:09:00,ILPT
25.515,25.515,25.515,25.515,100,2021-09-20 16:10:00,ILPT
25.54,25.54,25.53,25.54,400,2021-09-20 16:11:00,ILPT
25.55,25.55,25.5376,25.545,950,2021-09-20 16:12:00,ILPT
25.545,25.545,25.545,25.545,100,2021-09-20 16:16:00,ILPT
25.545,25.545,25.52,25.52,703,2021-09-20 16:18:00,ILPT
25.53,25.57,25.53,25.57,976,2021-09-20 16:19:00,ILPT
25.55,25.55,25.55,25.55,100,2021-09-20 16:24:00,ILPT
25.58,25.58,25.58,25.58,200,2021-09-20 16:27:00,ILPT
25.521,25.521,25.521,25.521,100,2021-09-20 16:30:00,ILPT
25.545,25.545,25.521,25.521,300,2021-09-20 16:34:00,ILPT
25.52,25.53,25.52,25.53,500,2021-09-20 16:42:00,ILPT
25.53,25.53,25.53,25.53,100,2021-09-20 16:43:00,ILPT
25.5,25.53,25.5,25.53,318,2021-09-20 16:44:00,ILPT
25.49,25.53,25.49,25.53,200,2021-09-20 16:45:00,ILPT
25.505,25.505,25.505,25.505,100,2021-09-20 16:49:00,ILPT
25.495,25.495,25.475,25.475,703,2021-09-20 16:52:00,ILPT
25.49,25.49,25.49,25.49,100,2021-09-20 16:53:00,ILPT
25.5,25.52,25.5,25.52,254,2021-09-20 16:54:00,ILPT
25.48,25.48,25.48,25.48,300,2021-09-20 16:55:00,ILPT
25.48,25.51,25.47,25.48,800,2021-09-20 16:58:00,ILPT
25.48,25.49,25.48,25.49,200,2021-09-20 16:59:00,ILPT
25.48,25.48,25.48,25.48,324,2021-09-20 17:02:00,ILPT
25.49,25.49,25.49,25.49,100,2021-09-20 17:04:00,ILPT
25.48,25.48,25.45,25.47,2000,2021-09-20 17:05:00,ILPT
25.4769,25.49,25.4769,25.49,800,2021-09-20 17:06:00,ILPT
25.46,25.46,25.46,25.46,200,2021-09-20 17:07:00,ILPT
25.48,25.48,25.4541,25.4541,400,2021-09-20 17:08:00,ILPT
25.48,25.48,25.48,25.48,100,2021-09-20 17:09:00,ILPT
25.455,25.48,25.455,25.48,1300,2021-09-20 17:14:00,ILPT
25.49,25.49,25.49,25.49,200,2021-09-20 17:15:00,ILPT
25.4706,25.4706,25.4706,25.4706,209,2021-09-20 17:17:00,ILPT
25.465,25.465,25.46,25.46,220,2021-09-20 17:18:00,ILPT
25.465,25.465,25.465,25.465,100,2021-09-20 17:19:00,ILPT
25.44,25.44,25.44,25.44,205,2021-09-20 17:21:00,ILPT
25.47,25.47,25.465,25.465,1200,2021-09-20 17:22:00,ILPT
25.48,25.51,25.48,25.51,1020,2021-09-20 17:23:00,ILPT
25.54,25.54,25.54,25.54,300,2021-09-20 17:24:00,ILPT
25.52,25.52,25.52,25.52,100,2021-09-20 17:25:00,ILPT
25.54,25.54,25.54,25.54,100,2021-09-20 17:31:00,ILPT
25.52,25.54,25.52,25.52,1600,2021-09-20 17:32:00,ILPT
25.55,25.55,25.55,25.55,400,2021-09-20 17:33:00,ILPT
25.545,25.59,25.545,25.59,545,2021-09-20 17:35:00,ILPT
25.61,25.63,25.61,25.63,702,2021-09-20 17:38:00,ILPT
25.64,25.67,25.64,25.67,400,2021-09-20 17:39:00,ILPT
25.69,25.69,25.69,25.69,1000,2021-09-20 17:42:00,ILPT
25.69,25.71,25.68,25.695,2090,2021-09-20 17:43:00,ILPT
25.69,25.7,25.68,25.7,2300,2021-09-20 17:44:00,ILPT
25.7,25.7,25.7,25.7,200,2021-09-20 17:45:00,ILPT
25.7,25.7,25.7,25.7,100,2021-09-20 17:46:00,ILPT
25.72,25.76,25.7,25.7,4080,2021-09-20 17:48:00,ILPT
25.7,25.72,25.69,25.72,1258,2021-09-20 17:50:00,ILPT
25.68,25.68,25.68,25.68,100,2021-09-20 17:51:00,ILPT
25.69,25.69,25.69,25.69,900,2021-09-20 17:52:00,ILPT
25.72,25.72,25.72,25.72,100,2021-09-20 17:55:00,ILPT
25.71,25.73,25.7,25.7,800,2021-09-20 17:56:00,ILPT
25.7,25.7,25.68,25.68,700,2021-09-20 17:57:00,ILPT
25.68,25.68,25.68,25.68,100,2021-09-20 17:58:00,ILPT
25.69,25.7,25.69,25.7,300,2021-09-20 17:59:00,ILPT
25.7,25.7,25.7,25.7,100,2021-09-20 18:00:00,ILPT
25.67,25.7,25.67,25.67,810,2021-09-20 18:01:00,ILPT
25.66,25.66,25.66,25.66,100,2021-09-20 18:05:00,ILPT
25.66,25.7,25.64,25.69,2077,2021-09-20 18:07:00,ILPT
25.67,25.67,25.67,25.67,155,2021-09-20 18:09:00,ILPT
25.67,25.67,25.67,25.67,100,2021-09-20 18:11:00,ILPT
25.6511,25.68,25.6511,25.68,353,2021-09-20 18:13:00,ILPT
25.62,25.62,25.62,25.62,100,2021-09-20 18:14:00,ILPT
25.6799,25.6799,25.63,25.63,2000,2021-09-20 18:15:00,ILPT
25.65,25.66,25.65,25.65,300,2021-09-20 18:17:00,ILPT
25.65,25.69,25.65,25.69,4133,2021-09-20 18:18:00,ILPT
25.68,25.68,25.68,25.68,200,2021-09-20 18:19:00,ILPT
25.7099,25.7099,25.68,25.68,600,2021-09-20 18:21:00,ILPT
25.61,25.61,25.57,25.57,234,2021-09-20 18:24:00,ILPT
25.58,25.58,25.55,25.55,500,2021-09-20 18:28:00,ILPT
25.5999,25.5999,25.56,25.56,400,2021-09-20 18:30:00,ILPT
25.575,25.575,25.575,25.575,100,2021-09-20 18:31:00,ILPT
25.55,25.55,25.51,25.54,600,2021-09-20 18:32:00,ILPT
25.5,25.5,25.5,25.5,300,2021-09-20 18:33:00,ILPT
25.52,25.5225,25.515,25.5225,700,2021-09-20 18:35:00,ILPT
25.54,25.54,25.5175,25.5175,824,2021-09-20 18:36:00,ILPT
25.54,25.54,25.54,25.54,639,2021-09-20 18:37:00,ILPT
25.54,25.54,25.54,25.54,100,2021-09-20 18:38:00,ILPT
25.52,25.52,25.52,25.52,133,2021-09-20 18:39:00,ILPT
25.57,25.57,25.5401,25.565,10795,2021-09-20 18:40:00,ILPT
25.54,25.56,25.53,25.56,1912,2021-09-20 18:41:00,ILPT
25.54,25.55,25.54,25.55,499,2021-09-20 18:42:00,ILPT
25.56,25.565,25.56,25.565,200,2021-09-20 18:43:00,ILPT
25.57,25.57,25.55,25.56,400,2021-09-20 18:44:00,ILPT
25.53,25.54,25.53,25.54,350,2021-09-20 18:45:00,ILPT
25.565,25.565,25.54,25.56,1000,2021-09-20 18:48:00,ILPT
25.53,25.54,25.511,25.54,300,2021-09-20 18:50:00,ILPT
25.54,25.54,25.54,25.54,100,2021-09-20 18:54:00,ILPT
25.5507,25.5507,25.5507,25.5507,110,2021-09-20 18:55:00,ILPT
25.52,25.52,25.51,25.51,329,2021-09-20 18:56:00,ILPT
25.56,25.56,25.56,25.56,100,2021-09-20 18:57:00,ILPT
25.53,25.53,25.53,25.53,100,2021-09-20 18:58:00,ILPT
25.54,25.54,25.54,25.54,100,2021-09-20 19:00:00,ILPT
25.545,25.545,25.545,25.545,200,2021-09-20 19:01:00,ILPT
25.51,25.51,25.51,25.51,400,2021-09-20 19:03:00,ILPT
25.49,25.49,25.49,25.49,100,2021-09-20 19:05:00,ILPT
25.515,25.515,25.47,25.5,2389,2021-09-20 19:06:00,ILPT
25.49,25.49,25.49,25.49,100,2021-09-20 19:08:00,ILPT
25.495,25.495,25.495,25.495,100,2021-09-20 19:10:00,ILPT
25.495,25.495,25.495,25.495,500,2021-09-20 19:11:00,ILPT
25.495,25.495,25.495,25.495,100,2021-09-20 19:12:00,ILPT
25.5,25.5,25.5,25.5,100,2021-09-20 19:13:00,ILPT
25.48,25.5,25.48,25.5,745,2021-09-20 19:14:00,ILPT
25.52,25.535,25.52,25.535,300,2021-09-20 19:15:00,ILPT
25.52,25.535,25.52,25.52,1000,2021-09-20 19:16:00,ILPT
25.5,25.5,25.5,25.5,300,2021-09-20 19:18:00,ILPT
25.51,25.51,25.51,25.51,100,2021-09-20 19:19:00,ILPT
25.56,25.56,25.55,25.56,817,2021-09-20 19:21:00,ILPT
25.53,25.53,25.53,25.53,507,2021-09-20 19:23:00,ILPT
25.54,25.54,25.53,25.54,501,2021-09-20 19:24:00,ILPT
25.55,25.55,25.55,25.55,300,2021-09-20 19:25:00,ILPT
25.555,25.555,25.555,25.555,128,2021-09-20 19:27:00,ILPT
25.56,25.56,25.56,25.56,200,2021-09-20 19:28:00,ILPT
25.57,25.61,25.57,25.61,1000,2021-09-20 19:29:00,ILPT
25.61,25.61,25.59,25.59,900,2021-09-20 19:30:00,ILPT
25.61,25.62,25.61,25.62,700,2021-09-20 19:31:00,ILPT
25.63,25.66,25.63,25.66,1000,2021-09-20 19:32:00,ILPT
25.66,25.66,25.66,25.66,1000,2021-09-20 19:33:00,ILPT
25.65,25.66,25.64,25.66,2100,2021-09-20 19:34:00,ILPT
25.67,25.67,25.66,25.66,1200,2021-09-20 19:35:00,ILPT
25.69,25.69,25.68,25.69,2100,2021-09-20 19:36:00,ILPT
25.7,25.75,25.7,25.75,1800,2021-09-20 19:37:00,ILPT
25.73,25.74,25.69,25.69,1901,2021-09-20 19:38:00,ILPT
25.69,25.72,25.69,25.72,1300,2021-09-20 19:39:00,ILPT
25.72,25.81,25.72,25.76,3688,2021-09-20 19:40:00,ILPT
25.78,25.78,25.78,25.78,300,2021-09-20 19:41:00,ILPT
25.775,25.775,25.775,25.775,100,2021-09-20 19:42:00,ILPT
25.775,25.79,25.75,25.75,900,2021-09-20 19:43:00,ILPT
25.78,25.78,25.78,25.78,300,2021-09-20 19:45:00,ILPT
25.8032,25.805,25.8,25.8,997,2021-09-20 19:46:00,ILPT
25.8099,25.835,25.8099,25.82,1146,2021-09-20 19:47:00,ILPT
25.82,25.84,25.82,25.84,314,2021-09-20 19:48:00,ILPT
25.82,25.84,25.82,25.84,1235,2021-09-20 19:49:00,ILPT
25.81,25.81,25.8,25.8,2265,2021-09-20 19:50:00,ILPT
25.8147,25.83,25.8,25.83,7991,2021-09-20 19:51:00,ILPT
25.8,25.82,25.79,25.81,1200,2021-09-20 19:52:00,ILPT
25.8,25.81,25.79,25.8,1224,2021-09-20 19:53:00,ILPT
25.8,25.81,25.8,25.81,1988,2021-09-20 19:54:00,ILPT
25.81,25.83,25.81,25.83,1200,2021-09-20 19:55:00,ILPT
25.82,25.86,25.82,25.855,1689,2021-09-20 19:56:00,ILPT
25.84,25.87,25.81,25.855,3881,2021-09-20 19:57:00,ILPT
25.86,25.88,25.86,25.87,1236,2021-09-20 19:58:00,ILPT
25.87,25.87,25.85,25.85,4318,2021-09-20 19:59:00,ILPT
25.84,25.84,25.84,25.84,41576,2021-09-20 20:00:00,ILPT
25.9,25.92,25.88,25.88,2719,2021-09-21 13:30:00,ILPT
25.9,25.9,25.9,25.9,200,2021-09-21 13:31:00,ILPT
25.95,26.0,25.95,26.0,800,2021-09-21 13:33:00,ILPT
25.99,25.99,25.99,25.99,200,2021-09-21 13:35:00,ILPT
25.97,25.97,25.97,25.97,200,2021-09-21 13:36:00,ILPT
25.99,26.01,25.99,26.01,1871,2021-09-21 13:40:00,ILPT
25.97,25.99,25.97,25.99,700,2021-09-21 13:41:00,ILPT
26.05,26.05,26.04,26.04,200,2021-09-21 13:46:00,ILPT
26.04,26.04,26.04,26.04,3000,2021-09-21 13:47:00,ILPT
26.03,26.03,26.03,26.03,100,2021-09-21 13:49:00,ILPT
26.025,26.025,26.025,26.025,100,2021-09-21 13:50:00,ILPT
26.04,26.05,26.04,26.05,200,2021-09-21 13:52:00,ILPT
25.96,25.96,25.96,25.96,100,2021-09-21 13:54:00,ILPT
25.95,25.95,25.95,25.95,500,2021-09-21 13:57:00,ILPT
25.97,25.97,25.97,25.97,154,2021-09-21 13:59:00,ILPT
25.94,25.94,25.94,25.94,100,2021-09-21 14:01:00,ILPT
25.94,25.94,25.94,25.94,100,2021-09-21 14:07:00,ILPT
25.89,25.89,25.89,25.89,362,2021-09-21 14:09:00,ILPT
25.9,25.92,25.9,25.92,600,2021-09-21 14:10:00,ILPT
25.88,25.88,25.88,25.88,300,2021-09-21 14:13:00,ILPT
25.92,25.92,25.92,25.92,2000,2021-09-21 14:16:00,ILPT
25.9,25.9,25.89,25.89,200,2021-09-21 14:20:00,ILPT
25.861,25.861,25.861,25.861,100,2021-09-21 14:23:00,ILPT
25.899,25.899,25.899,25.899,681,2021-09-21 14:25:00,ILPT
25.9,25.92,25.9,25.92,300,2021-09-21 14:29:00,ILPT
25.87,25.87,25.87,25.87,100,2021-09-21 14:30:00,ILPT
25.84,25.84,25.83,25.83,590,2021-09-21 14:37:00,ILPT
25.83,25.83,25.83,25.83,150,2021-09-21 14:39:00,ILPT
25.8299,25.8299,25.8299,25.8299,100,2021-09-21 14:41:00,ILPT
25.83,25.83,25.83,25.83,300,2021-09-21 14:42:00,ILPT
25.84,25.84,25.84,25.84,100,2021-09-21 14:45:00,ILPT
25.816,25.816,25.8,25.805,473,2021-09-21 14:49:00,ILPT
25.8,25.85,25.8,25.83,2369,2021-09-21 14:51:00,ILPT
25.82,25.82,25.82,25.82,200,2021-09-21 14:52:00,ILPT
25.85,25.855,25.84,25.84,300,2021-09-21 14:57:00,ILPT
25.84,25.84,25.84,25.84,100,2021-09-21 14:58:00,ILPT
25.84,25.84,25.84,25.84,100,2021-09-21 14:59:00,ILPT
25.82,25.82,25.82,25.82,200,2021-09-21 15:00:00,ILPT
25.83,25.83,25.83,25.83,100,2021-09-21 15:03:00,ILPT
25.85,25.85,25.85,25.85,100,2021-09-21 15:05:00,ILPT
25.86,25.86,25.86,25.86,100,2021-09-21 15:11:00,ILPT
25.89,25.89,25.89,25.89,100,2021-09-21 15:13:00,ILPT
25.86,25.86,25.83,25.83,1009,2021-09-21 15:17:00,ILPT
25.84,25.84,25.84,25.84,100,2021-09-21 15:18:00,ILPT
25.83,25.83,25.83,25.83,100,2021-09-21 15:27:00,ILPT
25.831,25.831,25.831,25.831,100,2021-09-21 15:30:00,ILPT
25.87,25.9,25.87,25.9,200,2021-09-21 15:32:00,ILPT
25.905,25.905,25.905,25.905,100,2021-09-21 15:37:00,ILPT
25.9088,25.9088,25.9088,25.9088,200,2021-09-21 15:38:00,ILPT
25.905,25.905,25.89,25.89,300,2021-09-21 15:44:00,ILPT
25.9,25.91,25.9,25.91,700,2021-09-21 15:45:00,ILPT
25.89,25.89,25.83,25.87,13605,2021-09-21 15:49:00,ILPT
25.88,25.89,25.88,25.88,400,2021-09-21 15:53:00,ILPT
25.87,25.87,25.87,25.87,199,2021-09-21 15:57:00,ILPT
25.885,25.89,25.885,25.89,515,2021-09-21 15:58:00,ILPT
25.91,25.91,25.91,25.91,200,2021-09-21 15:59:00,ILPT
25.9,25.92,25.9,25.92,1303,2021-09-21 16:05:00,ILPT
25.92,25.92,25.92,25.92,1000,2021-09-21 16:08:00,ILPT
25.96,25.97,25.96,25.97,600,2021-09-21 16:14:00,ILPT
25.97,25.97,25.97,25.97,100,2021-09-21 16:16:00,ILPT
25.98,25.98,25.98,25.98,100,2021-09-21 16:19:00,ILPT
25.96,25.96,25.95,25.95,400,2021-09-21 16:25:00,ILPT
25.95,25.95,25.94,25.94,500,2021-09-21 16:27:00,ILPT
25.9453,25.9453,25.9453,25.9453,182,2021-09-21 16:28:00,ILPT
25.95,25.95,25.95,25.95,100,2021-09-21 16:30:00,ILPT
25.92,25.92,25.92,25.92,100,2021-09-21 16:31:00,ILPT
25.9362,25.97,25.9362,25.97,4592,2021-09-21 16:32:00,ILPT
25.964,25.964,25.96,25.96,1600,2021-09-21 16:33:00,ILPT
25.97,25.99,25.965,25.99,6100,2021-09-21 16:35:00,ILPT
25.9965,25.9965,25.9965,25.9965,5000,2021-09-21 16:36:00,ILPT
26.0,26.02,26.0,26.02,300,2021-09-21 16:37:00,ILPT
26.01,26.01,26.01,26.01,100,2021-09-21 16:38:00,ILPT
26.005,26.01,26.005,26.01,200,2021-09-21 16:43:00,ILPT
26.005,26.005,26.005,26.005,271,2021-09-21 16:47:00,ILPT
26.02,26.02,25.99,25.99,599,2021-09-21 16:50:00,ILPT
25.97,25.97,25.96,25.96,200,2021-09-21 16:52:00,ILPT
25.965,25.965,25.965,25.965,209,2021-09-21 16:53:00,ILPT
25.964,25.964,25.964,25.964,155,2021-09-21 16:54:00,ILPT
25.941,25.941,25.941,25.941,200,2021-09-21 17:00:00,ILPT
25.94,25.94,25.94,25.94,100,2021-09-21 17:03:00,ILPT
25.97,25.97,25.97,25.97,300,2021-09-21 17:06:00,ILPT
25.96,25.96,25.96,25.96,100,2021-09-21 17:07:00,ILPT
25.96,25.96,25.94,25.94,200,2021-09-21 17:13:00,ILPT
25.93,25.93,25.93,25.93,200,2021-09-21 17:14:00,ILPT
25.91,25.91,25.91,25.91,397,2021-09-21 17:21:00,ILPT
25.9,25.9,25.9,25.9,100,2021-09-21 17:23:00,ILPT
25.89,25.89,25.84,25.85,1284,2021-09-21 17:24:00,ILPT
25.845,25.845,25.8,25.83,312,2021-09-21 17:25:00,ILPT
25.86,25.86,25.86,25.86,100,2021-09-21 17:27:00,ILPT
25.845,25.845,25.845,25.845,100,2021-09-21 17:30:00,ILPT
25.85,25.85,25.85,25.85,100,2021-09-21 17:31:00,ILPT
25.835,25.835,25.835,25.835,100,2021-09-21 17:33:00,ILPT
25.84,25.84,25.84,25.84,100,2021-09-21 17:37:00,ILPT
25.84,25.84,25.84,25.84,100,2021-09-21 17:40:00,ILPT
25.835,25.835,25.835,25.835,100,2021-09-21 17:42:00,ILPT
25.835,25.835,25.835,25.835,300,2021-09-21 17:43:00,ILPT
25.85,25.85,25.82,25.835,404,2021-09-21 17:44:00,ILPT
25.835,25.85,25.835,25.85,1000,2021-09-21 17:45:00,ILPT
25.83,25.845,25.83,25.845,200,2021-09-21 17:47:00,ILPT
25.845,25.845,25.845,25.845,100,2021-09-21 17:50:00,ILPT
25.845,25.845,25.82,25.82,700,2021-09-21 17:52:00,ILPT
25.84,25.84,25.82,25.82,900,2021-09-21 17:53:00,ILPT
25.83,25.84,25.83,25.84,675,2021-09-21 17:54:00,ILPT
25.83,25.87,25.82,25.87,1100,2021-09-21 17:55:00,ILPT
25.89,25.89,25.8853,25.8853,291,2021-09-21 17:57:00,ILPT
25.88,25.88,25.85,25.85,1745,2021-09-21 17:58:00,ILPT
25.89,25.89,25.89,25.89,100,2021-09-21 18:05:00,ILPT
25.861,25.87,25.861,25.87,400,2021-09-21 18:14:00,ILPT
25.86,25.86,25.86,25.86,300,2021-09-21 18:16:00,ILPT
25.85,25.85,25.85,25.85,100,2021-09-21 18:17:00,ILPT
25.85,25.86,25.845,25.86,1112,2021-09-21 18:21:00,ILPT
25.85,25.85,25.85,25.85,100,2021-09-21 18:25:00,ILPT
25.846,25.85,25.846,25.85,205,2021-09-21 18:29:00,ILPT
25.85,25.85,25.84,25.84,500,2021-09-21 18:36:00,ILPT
25.85,25.855,25.85,25.855,300,2021-09-21 18:38:00,ILPT
25.86,25.87,25.86,25.87,400,2021-09-21 18:40:00,ILPT
25.88,25.88,25.88,25.88,100,2021-09-21 18:42:00,ILPT
25.87,25.87,25.87,25.87,100,2021-09-21 18:44:00,ILPT
25.87,25.87,25.87,25.87,100,2021-09-21 18:45:00,ILPT
25.9,25.9,25.9,25.9,300,2021-09-21 18:46:00,ILPT
25.89,25.89,25.89,25.89,100,2021-09-21 18:47:00,ILPT
25.91,25.94,25.91,25.94,300,2021-09-21 18:50:00,ILPT
25.95,25.95,25.95,25.95,300,2021-09-21 18:53:00,ILPT
25.94,25.94,25.94,25.94,400,2021-09-21 18:56:00,ILPT
25.97,25.99,25.97,25.99,500,2021-09-21 19:05:00,ILPT
25.99,25.99,25.99,25.99,100,2021-09-21 19:08:00,ILPT
25.98,25.985,25.98,25.985,700,2021-09-21 19:09:00,ILPT
25.97,25.98,25.97,25.98,400,2021-09-21 19:10:00,ILPT
25.97,25.97,25.97,25.97,100,2021-09-21 19:12:00,ILPT
25.98,25.98,25.98,25.98,400,2021-09-21 19:14:00,ILPT
25.99,26.02,25.99,26.02,500,2021-09-21 19:15:00,ILPT
25.99,25.99,25.99,25.99,180,2021-09-21 19:16:00,ILPT
25.99,25.99,25.99,25.99,100,2021-09-21 19:17:00,ILPT
25.994,25.994,25.994,25.994,150,2021-09-21 19:18:00,ILPT
25.98,25.98,25.98,25.98,100,2021-09-21 19:20:00,ILPT
26.03,26.03,26.03,26.03,100,2021-09-21 19:21:00,ILPT
26.0201,26.035,26.02,26.02,320,2021-09-21 19:22:00,ILPT
26.02,26.02,26.02,26.02,100,2021-09-21 19:26:00,ILPT
26.01,26.01,26.01,26.01,100,2021-09-21 19:28:00,ILPT
26.0,26.0,26.0,26.0,200,2021-09-21 19:29:00,ILPT
25.99,26.0,25.99,26.0,200,2021-09-21 19:30:00,ILPT
26.0,26.0,25.99,25.99,300,2021-09-21 19:32:00,ILPT
25.99,25.99,25.99,25.99,100,2021-09-21 19:33:00,ILPT
26.0,26.0,26.0,26.0,100,2021-09-21 19:34:00,ILPT
25.99,25.99,25.98,25.98,400,2021-09-21 19:35:00,ILPT
25.99,25.99,25.99,25.99,100,2021-09-21 19:36:00,ILPT
25.98,25.98,25.97,25.97,400,2021-09-21 19:38:00,ILPT
25.9767,25.9767,25.96,25.96,720,2021-09-21 19:39:00,ILPT
25.96,25.9601,25.95,25.95,525,2021-09-21 19:40:00,ILPT
25.96,25.99,25.96,25.99,1364,2021-09-21 19:41:00,ILPT
25.97,25.97,25.96,25.96,1100,2021-09-21 19:42:00,ILPT
25.97,25.97,25.97,25.97,100,2021-09-21 19:43:00,ILPT
25.96,25.96,25.96,25.96,300,2021-09-21 19:44:00,ILPT
25.95,25.95,25.95,25.95,300,2021-09-21 19:45:00,ILPT
25.92,25.93,25.9,25.9,1200,2021-09-21 19:46:00,ILPT
25.9,25.9,25.89,25.9,600,2021-09-21 19:47:00,ILPT
25.89,25.89,25.89,25.89,100,2021-09-21 19:48:00,ILPT
25.91,25.91,25.91,25.91,600,2021-09-21 19:49:00,ILPT
25.9,25.9,25.88,25.88,1615,2021-09-21 19:50:00,ILPT
25.86,25.87,25.86,25.87,684,2021-09-21 19:51:00,ILPT
25.85,25.85,25.845,25.845,300,2021-09-21 19:52:00,ILPT
25.85,25.87,25.85,25.87,400,2021-09-21 19:53:00,ILPT
25.87,25.87,25.82,25.835,3730,2021-09-21 19:54:00,ILPT
25.82,25.82,25.775,25.775,1000,2021-09-21 19:55:00,ILPT
25.77,25.775,25.75,25.76,1700,2021-09-21 19:56:00,ILPT
25.76,25.7699,25.75,25.75,600,2021-09-21 19:57:00,ILPT
25.76,25.77,25.75,25.76,1099,2021-09-21 19:58:00,ILPT
25.76,25.78,25.75,25.76,10019,2021-09-21 19:59:00,ILPT
25.76,25.76,25.76,25.76,54342,2021-09-21 20:00:00,ILPT
25.76,25.76,25.76,25.76,2006,2021-09-21 20:01:00,ILPT
25.76,25.76,25.76,25.76,4540,2021-09-21 20:02:00,ILPT
25.85,25.89,25.85,25.89,3545,2021-09-22 13:30:00,ILPT
25.82,25.82,25.82,25.82,100,2021-09-22 13:31:00,ILPT
26.02,26.02,26.02,26.02,100,2021-09-22 13:35:00,ILPT
25.81,25.81,25.81,25.81,100,2021-09-22 13:38:00,ILPT
25.92,25.92,25.92,25.92,100,2021-09-22 13:39:00,ILPT
25.94,25.98,25.94,25.97,952,2021-09-22 13:43:00,ILPT
25.88,25.89,25.88,25.88,700,2021-09-22 13:49:00,ILPT
25.9,25.9,25.9,25.9,100,2021-09-22 13:51:00,ILPT
25.88,25.88,25.88,25.88,100,2021-09-22 13:52:00,ILPT
25.885,25.885,25.885,25.885,180,2021-09-22 13:55:00,ILPT
25.91,25.91,25.91,25.91,100,2021-09-22 13:56:00,ILPT
25.95,25.95,25.94,25.94,200,2021-09-22 13:58:00,ILPT
25.95,26.02,25.95,26.02,934,2021-09-22 14:00:00,ILPT
26.07,26.07,26.07,26.07,200,2021-09-22 14:02:00,ILPT
26.06,26.06,26.06,26.06,100,2021-09-22 14:03:00,ILPT
26.08,26.08,26.075,26.075,300,2021-09-22 14:04:00,ILPT
26.115,26.115,26.115,26.115,100,2021-09-22 14:06:00,ILPT
26.08,26.09,26.07,26.09,700,2021-09-22 14:07:00,ILPT
26.07,26.07,26.02,26.025,2400,2021-09-22 14:09:00,ILPT
26.02,26.03,26.02,26.03,400,2021-09-22 14:11:00,ILPT
26.01,26.01,26.01,26.01,100,2021-09-22 14:12:00,ILPT
26.02,26.03,26.01,26.03,1000,2021-09-22 14:13:00,ILPT
26.02,26.02,26.02,26.02,100,2021-09-22 14:15:00,ILPT
26.02,26.02,26.02,26.02,200,2021-09-22 14:17:00,ILPT
26.01,26.01,26.01,26.01,100,2021-09-22 14:20:00,ILPT
25.931,25.931,25.931,25.931,100,2021-09-22 14:26:00,ILPT
25.98,25.99,25.98,25.99,300,2021-09-22 14:28:00,ILPT
25.99,25.99,25.97,25.97,200,2021-09-22 14:29:00,ILPT
26.01,26.01,26.01,26.01,100,2021-09-22 14:31:00,ILPT
26.0066,26.0066,26.0066,26.0066,125,2021-09-22 14:32:00,ILPT
25.9901,25.9901,25.9901,25.9901,500,2021-09-22 14:35:00,ILPT
25.95,25.95,25.93,25.93,300,2021-09-22 14:36:00,ILPT
25.9401,25.9401,25.9401,25.9401,2500,2021-09-22 14:38:00,ILPT
25.93,25.93,25.93,25.93,100,2021-09-22 14:40:00,ILPT
25.9395,25.9395,25.91,25.9297,600,2021-09-22 14:42:00,ILPT
25.93,25.93,25.93,25.93,100,2021-09-22 14:44:00,ILPT
25.91,25.91,25.91,25.91,100,2021-09-22 14:47:00,ILPT
25.92,25.92,25.92,25.92,300,2021-09-22 14:49:00,ILPT
25.93,25.93,25.93,25.93,100,2021-09-22 14:54:00,ILPT
25.93,25.93,25.92,25.92,450,2021-09-22 14:56:00,ILPT
25.93,25.93,25.93,25.93,400,2021-09-22 14:57:00,ILPT
25.96,25.96,25.94,25.94,715,2021-09-22 15:00:00,ILPT
25.96,25.96,25.96,25.96,100,2021-09-22 15:04:00,ILPT
25.99,25.99,25.98,25.98,300,2021-09-22 15:07:00,ILPT
26.0,26.0,26.0,26.0,300,2021-09-22 15:08:00,ILPT
26.02,26.02,26.02,26.02,100,2021-09-22 15:10:00,ILPT
26.02,26.02,26.02,26.02,100,2021-09-22 15:11:00,ILPT
26.02,26.02,26.02,26.02,100,2021-09-22 15:14:00,ILPT
26.04,26.04,26.04,26.04,694,2021-09-22 15:15:00,ILPT
26.05,26.05,26.05,26.05,200,2021-09-22 15:17:00,ILPT
26.07,26.08,26.07,26.07,860,2021-09-22 15:20:00,ILPT
26.04,26.09,26.04,26.09,988,2021-09-22 15:21:00,ILPT
26.1,26.1,26.09,26.09,300,2021-09-22 15:22:00,ILPT
26.1,26.1,26.1,26.1,100,2021-09-22 15:23:00,ILPT
26.1,26.1,26.1,26.1,100,2021-09-22 15:24:00,ILPT
26.11,26.11,26.11,26.11,100,2021-09-22 15:25:00,ILPT
26.1,26.1,26.07,26.09,705,2021-09-22 15:29:00,ILPT
26.09,26.11,26.09,26.11,300,2021-09-22 15:30:00,ILPT
26.09,26.09,26.09,26.09,100,2021-09-22 15:31:00,ILPT
26.09,26.09,26.08,26.08,212,2021-09-22 15:32:00,ILPT
26.06,26.08,26.06,26.08,200,2021-09-22 15:33:00,ILPT
26.075,26.075,26.075,26.075,100,2021-09-22 15:34:00,ILPT
26.09,26.09,26.09,26.09,100,2021-09-22 15:35:00,ILPT
26.07,26.07,26.07,26.07,200,2021-09-22 15:36:00,ILPT
26.088,26.0996,26.08,26.08,975,2021-09-22 15:37:00,ILPT
26.05,26.05,26.05,26.05,100,2021-09-22 15:40:00,ILPT
26.04,26.04,26.04,26.04,100,2021-09-22 15:44:00,ILPT
26.05,26.05,26.05,26.05,100,2021-09-22 15:45:00,ILPT
26.05,26.05,26.05,26.05,100,2021-09-22 15:46:00,ILPT
26.05,26.05,26.05,26.05,200,2021-09-22 15:50:00,ILPT
26.08,26.1,26.08,26.1,200,2021-09-22 15:51:00,ILPT
26.05,26.05,26.05,26.05,100,2021-09-22 15:52:00,ILPT
26.05,26.05,26.05,26.05,100,2021-09-22 15:53:00,ILPT
26.07,26.07,26.07,26.07,200,2021-09-22 15:55:00,ILPT
26.05,26.05,26.05,26.05,100,2021-09-22 16:00:00,ILPT
26.045,26.045,26.045,26.045,100,2021-09-22 16:01:00,ILPT
26.05,26.15,26.05,26.06,18468,2021-09-22 16:06:00,ILPT
26.06,26.06,26.041,26.041,593,2021-09-22 16:07:00,ILPT
26.04,26.04,26.04,26.04,100,2021-09-22 16:10:00,ILPT
26.03,26.03,26.02,26.02,300,2021-09-22 16:15:00,ILPT
26.02,26.02,26.02,26.02,500,2021-09-22 16:18:00,ILPT
26.01,26.01,25.99,25.99,300,2021-09-22 16:19:00,ILPT
26.0,26.0,26.0,26.0,100,2021-09-22 16:20:00,ILPT
25.99,25.99,25.99,25.99,100,2021-09-22 16:23:00,ILPT
26.02,26.025,26.005,26.025,1509,2021-09-22 16:26:00,ILPT
26.01,26.01,26.01,26.01,100,2021-09-22 16:28:00,ILPT
26.0,26.0,26.0,26.0,100,2021-09-22 16:29:00,ILPT
26.021,26.03,26.021,26.03,400,2021-09-22 16:30:00,ILPT
26.02,26.02,26.02,26.02,100,2021-09-22 16:31:00,ILPT
26.015,26.015,26.015,26.015,100,2021-09-22 16:32:00,ILPT
26.015,26.015,26.015,26.015,100,2021-09-22 16:33:00,ILPT
26.015,26.015,26.015,26.015,100,2021-09-22 16:38:00,ILPT
26.01,26.01,26.01,26.01,100,2021-09-22 16:39:00,ILPT
26.01,26.01,26.01,26.01,500,2021-09-22 16:40:00,ILPT
26.01,26.01,26.01,26.01,300,2021-09-22 16:41:00,ILPT
25.99,25.99,25.96,25.96,588,2021-09-22 16:44:00,ILPT
25.972,25.972,25.972,25.972,397,2021-09-22 16:46:00,ILPT
25.98,25.98,25.98,25.98,800,2021-09-22 16:47:00,ILPT
25.99,25.99,25.99,25.99,300,2021-09-22 16:48:00,ILPT
26.02,26.03,26.02,26.03,200,2021-09-22 16:49:00,ILPT
26.01,26.01,26.01,26.01,100,2021-09-22 16:52:00,ILPT
26.025,26.025,26.025,26.025,100,2021-09-22 16:53:00,ILPT
26.025,26.025,26.025,26.025,200,2021-09-22 16:54:00,ILPT
26.04,26.04,26.04,26.04,100,2021-09-22 16:55:00,ILPT
26.0,26.01,26.0,26.01,511,2021-09-22 17:13:00,ILPT
26.0,26.01,26.0,26.01,300,2021-09-22 17:16:00,ILPT
26.02,26.02,26.02,26.02,200,2021-09-22 17:20:00,ILPT
26.02,26.02,26.02,26.02,462,2021-09-22 17:21:00,ILPT
26.03,26.04,26.03,26.04,200,2021-09-22 17:26:00,ILPT
26.05,26.0798,26.05,26.0798,3086,2021-09-22 17:29:00,ILPT
26.075,26.075,26.061,26.061,300,2021-09-22 17:31:00,ILPT
26.065,26.07,26.065,26.07,394,2021-09-22 17:32:00,ILPT
26.07,26.07,26.07,26.07,100,2021-09-22 17:33:00,ILPT
26.07,26.07,26.06,26.06,300,2021-09-22 17:35:00,ILPT
26.06,26.06,26.06,26.06,100,2021-09-22 17:36:00,ILPT
26.05,26.05,26.05,26.05,100,2021-09-22 17:38:00,ILPT
26.07,26.07,26.07,26.07,300,2021-09-22 17:41:00,ILPT
26.08,26.08,26.08,26.08,750,2021-09-22 17:42:00,ILPT
26.05,26.05,26.05,26.05,100,2021-09-22 17:43:00,ILPT
26.0638,26.0638,26.0638,26.0638,200,2021-09-22 17:44:00,ILPT
26.05,26.05,26.05,26.05,200,2021-09-22 17:45:00,ILPT
26.04,26.04,26.03,26.03,200,2021-09-22 17:47:00,ILPT
26.04,26.045,26.04,26.04,400,2021-09-22 17:48:00,ILPT
26.04,26.04,26.04,26.04,100,2021-09-22 17:50:00,ILPT
26.04,26.04,26.04,26.04,100,2021-09-22 17:51:00,ILPT
26.04,26.04,26.02,26.03,600,2021-09-22 17:53:00,ILPT
26.04,26.04,26.03,26.03,400,2021-09-22 17:54:00,ILPT
26.05,26.05,26.05,26.05,100,2021-09-22 17:56:00,ILPT
26.04,26.06,26.04,26.06,200,2021-09-22 17:58:00,ILPT
26.04,26.04,26.03,26.04,600,2021-09-22 18:00:00,ILPT
26.05,26.09,26.04,26.09,581,2021-09-22 18:03:00,ILPT
26.06,26.08,26.06,26.08,400,2021-09-22 18:06:00,ILPT
26.08,26.08,26.08,26.08,100,2021-09-22 18:07:00,ILPT
26.09,26.09,26.09,26.09,300,2021-09-22 18:09:00,ILPT
26.12,26.12,26.12,26.12,100,2021-09-22 18:11:00,ILPT
26.15,26.15,26.15,26.15,107,2021-09-22 18:12:00,ILPT
26.18,26.19,26.18,26.19,815,2021-09-22 18:15:00,ILPT
26.2,26.21,26.2,26.21,200,2021-09-22 18:16:00,ILPT
26.2,26.2,26.2,26.2,100,2021-09-22 18:17:00,ILPT
26.14,26.14,26.14,26.14,100,2021-09-22 18:20:00,ILPT
26.18,26.18,26.18,26.18,100,2021-09-22 18:21:00,ILPT
26.14,26.14,26.11,26.11,740,2021-09-22 18:23:00,ILPT
26.15,26.16,26.12,26.12,500,2021-09-22 18:24:00,ILPT
26.17,26.17,26.17,26.17,100,2021-09-22 18:26:00,ILPT
26.19,26.19,26.19,26.19,100,2021-09-22 18:29:00,ILPT
26.17,26.17,26.17,26.17,300,2021-09-22 18:31:00,ILPT
26.185,26.185,26.185,26.185,800,2021-09-22 18:33:00,ILPT
26.165,26.17,26.1629,26.1629,400,2021-09-22 18:35:00,ILPT
26.17,26.17,26.13,26.13,300,2021-09-22 18:36:00,ILPT
26.12,26.12,26.12,26.12,100,2021-09-22 18:38:00,ILPT
26.1,26.11,26.1,26.11,200,2021-09-22 18:39:00,ILPT
26.06,26.08,26.06,26.08,300,2021-09-22 18:42:00,ILPT
26.06,26.06,26.02,26.02,400,2021-09-22 18:45:00,ILPT
26.06,26.07,26.0583,26.06,3881,2021-09-22 18:46:00,ILPT
26.06,26.06,26.06,26.06,100,2021-09-22 18:47:00,ILPT
26.02,26.02,26.02,26.02,100,2021-09-22 18:49:00,ILPT
26.0102,26.015,26.0102,26.015,2200,2021-09-22 18:50:00,ILPT
26.03,26.03,26.03,26.03,100,2021-09-22 18:52:00,ILPT
26.04,26.05,26.04,26.05,200,2021-09-22 18:53:00,ILPT
26.05,26.08,26.05,26.08,300,2021-09-22 18:54:00,ILPT
26.04,26.04,26.04,26.04,200,2021-09-22 18:55:00,ILPT
26.0289,26.0289,26.0289,26.0289,190,2021-09-22 18:56:00,ILPT
26.0,26.0,26.0,26.0,100,2021-09-22 18:57:00,ILPT
26.03,26.03,26.03,26.03,254,2021-09-22 18:58:00,ILPT
26.06,26.06,26.05,26.05,200,2021-09-22 18:59:00,ILPT
26.02,26.02,26.02,26.02,100,2021-09-22 19:00:00,ILPT
26.0,26.0,25.98,25.98,457,2021-09-22 19:04:00,ILPT
26.0,26.0,26.0,26.0,200,2021-09-22 19:06:00,ILPT
26.01,26.01,26.01,26.01,200,2021-09-22 19:07:00,ILPT
26.04,26.04,26.04,26.04,100,2021-09-22 19:09:00,ILPT
26.06,26.06,26.06,26.06,400,2021-09-22 19:10:00,ILPT
26.07,26.07,26.06,26.06,200,2021-09-22 19:11:00,ILPT
26.065,26.08,26.065,26.08,200,2021-09-22 19:12:00,ILPT
26.06,26.06,26.06,26.06,600,2021-09-22 19:13:00,ILPT
26.06,26.07,26.06,26.06,1600,2021-09-22 19:16:00,ILPT
26.06,26.06,26.05,26.05,200,2021-09-22 19:17:00,ILPT
26.04,26.04,26.04,26.04,100,2021-09-22 19:18:00,ILPT
26.05,26.06,26.05,26.06,500,2021-09-22 19:19:00,ILPT
26.06,26.07,26.055,26.055,600,2021-09-22 19:20:00,ILPT
26.06,26.06,26.06,26.06,200,2021-09-22 19:22:00,ILPT
26.06,26.06,26.04,26.04,999,2021-09-22 19:23:00,ILPT
26.0585,26.0585,26.0585,26.0585,1000,2021-09-22 19:24:00,ILPT
26.02,26.02,26.02,26.02,500,2021-09-22 19:26:00,ILPT
26.03,26.05,26.03,26.05,400,2021-09-22 19:27:00,ILPT
26.05,26.05,26.03,26.03,200,2021-09-22 19:28:00,ILPT
26.0205,26.0205,26.0205,26.0205,500,2021-09-22 19:30:00,ILPT
26.03,26.03,26.0079,26.01,330,2021-09-22 19:31:00,ILPT
26.01,26.01,26.01,26.01,100,2021-09-22 19:32:00,ILPT
25.99,26.0,25.94,25.97,1132,2021-09-22 19:33:00,ILPT
25.98,25.98,25.98,25.98,232,2021-09-22 19:35:00,ILPT
26.0194,26.0194,26.0194,26.0194,175,2021-09-22 19:36:00,ILPT
26.02,26.02,26.02,26.02,100,2021-09-22 19:38:00,ILPT
26.016,26.03,26.016,26.03,700,2021-09-22 19:39:00,ILPT
26.03,26.03,26.03,26.03,300,2021-09-22 19:40:00,ILPT
26.03,26.03,26.03,26.03,100,2021-09-22 19:41:00,ILPT
26.01,26.01,26.0,26.0,400,2021-09-22 19:42:00,ILPT
25.99,26.0,25.98,26.0,800,2021-09-22 19:43:00,ILPT
26.01,26.01,26.01,26.01,100,2021-09-22 19:44:00,ILPT
25.98,25.98,25.98,25.98,100,2021-09-22 19:45:00,ILPT
25.98,25.98,25.96,25.96,735,2021-09-22 19:46:00,ILPT
25.97,25.97,25.97,25.97,500,2021-09-22 19:47:00,ILPT
25.95,25.95,25.95,25.95,300,2021-09-22 19:48:00,ILPT
25.96,25.96,25.94,25.94,200,2021-09-22 19:49:00,ILPT
25.96,25.97,25.95,25.95,1402,2021-09-22 19:50:00,ILPT
25.954,25.954,25.95,25.95,1251,2021-09-22 19:51:00,ILPT
25.96,25.98,25.96,25.975,633,2021-09-22 19:52:00,ILPT
25.98,25.995,25.98,25.98,400,2021-09-22 19:53:00,ILPT
26.005,26.01,25.96,25.96,1964,2021-09-22 19:54:00,ILPT
25.94,25.94,25.88,25.91,2464,2021-09-22 19:55:00,ILPT
25.92,25.95,25.92,25.94,1000,2021-09-22 19:56:00,ILPT
25.94,25.94,25.92,25.925,1100,2021-09-22 19:57:00,ILPT
25.92,25.925,25.9,25.9,1692,2021-09-22 19:58:00,ILPT
25.9,25.96,25.9,25.95,4864,2021-09-22 19:59:00,ILPT
25.95,25.95,25.95,25.95,49653,2021-09-22 20:00:00,ILPT
25.95,25.95,25.95,25.95,19171,2021-09-22 20:01:00,ILPT
25.96,25.98,25.95,25.95,5357,2021-09-23 13:30:00,ILPT
25.92,25.92,25.92,25.92,100,2021-09-23 13:34:00,ILPT
25.88,25.95,25.88,25.95,366,2021-09-23 13:36:00,ILPT
25.98,25.98,25.97,25.97,602,2021-09-23 13:37:00,ILPT
26.04,26.04,26.02,26.02,1499,2021-09-23 13:40:00,ILPT
26.02,26.02,26.02,26.02,1000,2021-09-23 13:42:00,ILPT
26.04,26.08,26.04,26.08,634,2021-09-23 13:43:00,ILPT
26.08,26.08,26.08,26.08,1200,2021-09-23 13:44:00,ILPT
26.1,26.1,26.06,26.06,355,2021-09-23 13:46:00,ILPT
26.06,26.06,26.06,26.06,100,2021-09-23 13:47:00,ILPT
26.0718,26.0718,26.0718,26.0718,3850,2021-09-23 13:48:00,ILPT
26.02,26.02,26.02,26.02,100,2021-09-23 13:52:00,ILPT
26.06,26.06,26.06,26.06,300,2021-09-23 13:54:00,ILPT
26.09,26.11,26.09,26.11,370,2021-09-23 13:55:00,ILPT
26.08,26.08,26.06,26.08,756,2021-09-23 14:01:00,ILPT
26.05,26.05,26.05,26.05,100,2021-09-23 14:02:00,ILPT
26.07,26.09,26.07,26.09,915,2021-09-23 14:07:00,ILPT
26.08,26.08,26.07,26.07,322,2021-09-23 14:08:00,ILPT
26.105,26.105,26.105,26.105,210,2021-09-23 14:11:00,ILPT
26.12,26.13,26.11,26.11,408,2021-09-23 14:15:00,ILPT
26.11,26.11,26.11,26.11,100,2021-09-23 14:16:00,ILPT
26.061,26.09,26.061,26.09,200,2021-09-23 14:18:00,ILPT
26.08,26.08,26.08,26.08,669,2021-09-23 14:21:00,ILPT
26.07,26.07,26.07,26.07,100,2021-09-23 14:23:00,ILPT
26.07,26.07,26.07,26.07,115,2021-09-23 14:25:00,ILPT
26.1019,26.1019,26.07,26.07,243,2021-09-23 14:26:00,ILPT
26.07,26.07,26.07,26.07,200,2021-09-23 14:28:00,ILPT
26.08,26.08,26.08,26.08,200,2021-09-23 14:30:00,ILPT
26.041,26.041,26.03,26.03,300,2021-09-23 14:31:00,ILPT
26.04,26.08,26.04,26.08,400,2021-09-23 14:34:00,ILPT
26.05,26.05,26.04,26.04,439,2021-09-23 14:37:00,ILPT
26.05,26.05,26.05,26.05,100,2021-09-23 14:41:00,ILPT
26.0,26.01,25.99,26.01,1229,2021-09-23 14:44:00,ILPT
25.97,25.97,25.97,25.97,487,2021-09-23 14:45:00,ILPT
25.9847,25.9847,25.9847,25.9847,100,2021-09-23 14:46:00,ILPT
26.0,26.01,26.0,26.01,277,2021-09-23 14:47:00,ILPT
26.01,26.01,26.0,26.0,300,2021-09-23 14:50:00,ILPT
26.005,26.03,26.005,26.02,1007,2021-09-23 14:52:00,ILPT
26.02,26.02,26.02,26.02,100,2021-09-23 14:53:00,ILPT
26.01,26.01,26.01,26.01,400,2021-09-23 15:04:00,ILPT
26.03,26.03,26.03,26.03,200,2021-09-23 15:06:00,ILPT
26.02,26.02,26.02,26.02,222,2021-09-23 15:10:00,ILPT
26.02,26.02,26.02,26.02,100,2021-09-23 15:13:00,ILPT
26.04,26.07,26.04,26.07,200,2021-09-23 15:21:00,ILPT
26.07,26.07,26.07,26.07,200,2021-09-23 15:23:00,ILPT
26.0401,26.0401,26.04,26.04,979,2021-09-23 15:26:00,ILPT
26.03,26.04,26.03,26.04,200,2021-09-23 15:27:00,ILPT
26.01,26.01,26.01,26.01,400,2021-09-23 15:28:00,ILPT
26.0,26.0,26.0,26.0,248,2021-09-23 15:34:00,ILPT
26.01,26.01,26.01,26.01,100,2021-09-23 15:35:00,ILPT
26.04,26.04,26.04,26.04,100,2021-09-23 15:38:00,ILPT
26.01,26.01,26.01,26.01,240,2021-09-23 15:39:00,ILPT
26.03,26.04,26.03,26.04,300,2021-09-23 15:42:00,ILPT
26.031,26.031,26.03,26.03,200,2021-09-23 15:43:00,ILPT
26.05,26.06,26.05,26.06,240,2021-09-23 15:49:00,ILPT
26.07,26.07,26.07,26.07,100,2021-09-23 15:50:00,ILPT
26.04,26.04,26.03,26.03,281,2021-09-23 15:52:00,ILPT
26.015,26.015,26.015,26.015,1040,2021-09-23 15:53:00,ILPT
26.03,26.06,26.03,26.06,800,2021-09-23 15:55:00,ILPT
26.06,26.06,26.0563,26.06,600,2021-09-23 15:56:00,ILPT
26.08,26.08,26.08,26.08,100,2021-09-23 15:57:00,ILPT
26.07,26.075,26.07,26.075,500,2021-09-23 15:58:00,ILPT
26.0642,26.0642,26.0642,26.0642,225,2021-09-23 16:00:00,ILPT
26.06,26.06,26.06,26.06,300,2021-09-23 16:08:00,ILPT
26.06,26.09,26.06,26.09,900,2021-09-23 16:11:00,ILPT
26.0896,26.0896,26.0896,26.0896,300,2021-09-23 16:16:00,ILPT
26.05,26.05,26.05,26.05,105,2021-09-23 16:22:00,ILPT
26.05,26.06,26.05,26.06,670,2021-09-23 16:23:00,ILPT
26.06,26.06,26.06,26.06,300,2021-09-23 16:25:00,ILPT
26.07,26.07,26.07,26.07,100,2021-09-23 16:30:00,ILPT
26.07,26.08,26.07,26.08,628,2021-09-23 16:32:00,ILPT
26.08,26.08,26.08,26.08,100,2021-09-23 16:33:00,ILPT
26.06,26.06,26.06,26.06,200,2021-09-23 16:34:00,ILPT
26.06,26.06,26.06,26.06,200,2021-09-23 16:37:00,ILPT
26.0507,26.0507,26.0507,26.0507,1600,2021-09-23 16:38:00,ILPT
26.06,26.06,26.05,26.05,300,2021-09-23 16:40:00,ILPT
26.07,26.07,26.07,26.07,200,2021-09-23 16:42:00,ILPT
26.09,26.09,26.075,26.075,200,2021-09-23 16:45:00,ILPT
26.075,26.075,26.05,26.05,200,2021-09-23 16:46:00,ILPT
26.058,26.058,26.058,26.058,300,2021-09-23 16:48:00,ILPT
26.07,26.09,26.07,26.09,600,2021-09-23 16:57:00,ILPT
26.08,26.08,26.08,26.08,300,2021-09-23 16:58:00,ILPT
26.09,26.11,26.09,26.11,800,2021-09-23 17:08:00,ILPT
26.105,26.105,26.09,26.09,300,2021-09-23 17:09:00,ILPT
26.115,26.115,26.115,26.115,100,2021-09-23 17:20:00,ILPT
26.1179,26.1179,26.1179,26.1179,767,2021-09-23 17:21:00,ILPT
26.11,26.11,26.11,26.11,200,2021-09-23 17:24:00,ILPT
26.11,26.11,26.11,26.11,500,2021-09-23 17:25:00,ILPT
26.11,26.11,26.11,26.11,100,2021-09-23 17:26:00,ILPT
26.11,26.11,26.1,26.1,600,2021-09-23 17:28:00,ILPT
26.09,26.09,26.09,26.09,239,2021-09-23 17:29:00,ILPT
26.1,26.1,26.1,26.1,200,2021-09-23 17:30:00,ILPT
26.115,26.115,26.115,26.115,200,2021-09-23 17:31:00,ILPT
26.1299,26.1299,26.1299,26.1299,358,2021-09-23 17:32:00,ILPT
26.1,26.1,26.1,26.1,100,2021-09-23 17:33:00,ILPT
26.08,26.08,26.08,26.08,200,2021-09-23 17:34:00,ILPT
26.1,26.14,26.1,26.13,1000,2021-09-23 17:39:00,ILPT
26.14,26.14,26.14,26.14,100,2021-09-23 17:40:00,ILPT
26.13,26.13,26.13,26.13,200,2021-09-23 17:42:00,ILPT
26.13,26.13,26.13,26.13,100,2021-09-23 17:44:00,ILPT
26.145,26.145,26.145,26.145,200,2021-09-23 17:48:00,ILPT
26.14,26.14,26.14,26.14,100,2021-09-23 17:50:00,ILPT
26.15,26.16,26.15,26.16,647,2021-09-23 17:51:00,ILPT
26.14,26.14,26.14,26.14,100,2021-09-23 17:52:00,ILPT
26.17,26.18,26.17,26.18,419,2021-09-23 17:55:00,ILPT
26.19,26.19,26.19,26.19,200,2021-09-23 17:56:00,ILPT
26.16,26.16,26.16,26.16,100,2021-09-23 17:59:00,ILPT
26.16,26.16,26.16,26.16,100,2021-09-23 18:01:00,ILPT
26.16,26.16,26.15,26.15,1100,2021-09-23 18:04:00,ILPT
26.175,26.175,26.15,26.15,200,2021-09-23 18:05:00,ILPT
26.16,26.16,26.16,26.16,100,2021-09-23 18:07:00,ILPT
26.16,26.16,26.16,26.16,100,2021-09-23 18:09:00,ILPT
26.165,26.165,26.165,26.165,100,2021-09-23 18:11:00,ILPT
26.18,26.18,26.18,26.18,300,2021-09-23 18:12:00,ILPT
26.15,26.15,26.15,26.15,600,2021-09-23 18:13:00,ILPT
26.15,26.16,26.15,26.16,200,2021-09-23 18:14:00,ILPT
26.18,26.18,26.18,26.18,300,2021-09-23 18:17:00,ILPT
26.15,26.15,26.15,26.15,100,2021-09-23 18:18:00,ILPT
26.165,26.165,26.165,26.165,174,2021-09-23 18:21:00,ILPT
26.18,26.18,26.18,26.18,200,2021-09-23 18:22:00,ILPT
26.15,26.15,26.15,26.15,100,2021-09-23 18:23:00,ILPT
26.16,26.17,26.15,26.15,936,2021-09-23 18:25:00,ILPT
26.15,26.15,26.15,26.15,100,2021-09-23 18:26:00,ILPT
26.16,26.16,26.15,26.15,600,2021-09-23 18:27:00,ILPT
26.14,26.14,26.14,26.14,100,2021-09-23 18:29:00,ILPT
26.16,26.16,26.16,26.16,500,2021-09-23 18:30:00,ILPT
26.18,26.18,26.16,26.16,462,2021-09-23 18:32:00,ILPT
26.16,26.16,26.16,26.16,100,2021-09-23 18:33:00,ILPT
26.15,26.15,26.15,26.15,100,2021-09-23 18:34:00,ILPT
26.15,26.18,26.15,26.18,1400,2021-09-23 18:39:00,ILPT
26.15,26.15,26.15,26.15,100,2021-09-23 18:40:00,ILPT
26.15,26.18,26.15,26.17,2400,2021-09-23 18:41:00,ILPT
26.151,26.151,26.151,26.151,100,2021-09-23 18:42:00,ILPT
26.15,26.15,26.14,26.14,846,2021-09-23 18:43:00,ILPT
26.16,26.16,26.16,26.16,175,2021-09-23 18:44:00,ILPT
26.16,26.16,26.145,26.145,200,2021-09-23 18:45:00,ILPT
26.13,26.13,26.13,26.13,100,2021-09-23 18:46:00,ILPT
26.13,26.13,26.13,26.13,100,2021-09-23 18:48:00,ILPT
26.13,26.13,26.13,26.13,100,2021-09-23 18:49:00,ILPT
26.13,26.13,26.13,26.13,200,2021-09-23 18:51:00,ILPT
26.16,26.16,26.16,26.16,200,2021-09-23 18:52:00,ILPT
26.13,26.13,26.12,26.12,300,2021-09-23 18:54:00,ILPT
26.15,26.15,26.15,26.15,200,2021-09-23 18:56:00,ILPT
26.12,26.12,26.12,26.12,100,2021-09-23 18:58:00,ILPT
26.12,26.12,26.12,26.12,100,2021-09-23 18:59:00,ILPT
26.14,26.14,26.14,26.14,200,2021-09-23 19:00:00,ILPT
26.12,26.12,26.12,26.12,100,2021-09-23 19:02:00,ILPT
26.11,26.11,26.11,26.11,200,2021-09-23 19:03:00,ILPT
26.12,26.12,26.11,26.12,333,2021-09-23 19:04:00,ILPT
26.13,26.13,26.13,26.13,100,2021-09-23 19:05:00,ILPT
26.135,26.16,26.135,26.145,700,2021-09-23 19:06:00,ILPT
26.16,26.16,26.13,26.13,200,2021-09-23 19:07:00,ILPT
26.15,26.15,26.14,26.14,400,2021-09-23 19:08:00,ILPT
26.15,26.15,26.15,26.15,300,2021-09-23 19:09:00,ILPT
26.14,26.14,26.12,26.135,548,2021-09-23 19:10:00,ILPT
26.13,26.13,26.09,26.09,300,2021-09-23 19:12:00,ILPT
26.1,26.1,26.1,26.1,100,2021-09-23 19:13:00,ILPT
26.1,26.13,26.1,26.11,600,2021-09-23 19:14:00,ILPT
26.1,26.1,26.1,26.1,100,2021-09-23 19:15:00,ILPT
26.07,26.08,26.07,26.07,821,2021-09-23 19:17:00,ILPT
26.077,26.077,26.05,26.05,300,2021-09-23 19:18:00,ILPT
26.04,26.04,26.04,26.04,100,2021-09-23 19:19:00,ILPT
26.0517,26.06,26.05,26.06,705,2021-09-23 19:20:00,ILPT
26.05,26.0534,26.05,26.05,4035,2021-09-23 19:23:00,ILPT
26.05,26.06,26.02,26.02,805,2021-09-23 19:24:00,ILPT
26.02,26.02,26.02,26.02,100,2021-09-23 19:25:00,ILPT
26.02,26.04,26.02,26.026,1300,2021-09-23 19:26:00,ILPT
26.04,26.05,26.04,26.05,200,2021-09-23 19:27:00,ILPT
26.07,26.1,26.07,26.0947,767,2021-09-23 19:28:00,ILPT
26.09,26.09,26.09,26.09,100,2021-09-23 19:29:00,ILPT
26.08,26.08,26.06,26.06,834,2021-09-23 19:30:00,ILPT
26.02,26.02,26.02,26.02,400,2021-09-23 19:33:00,ILPT
26.0,26.0,26.0,26.0,100,2021-09-23 19:34:00,ILPT
26.0084,26.01,26.0,26.0,1200,2021-09-23 19:35:00,ILPT
26.0,26.0,25.98,25.98,576,2021-09-23 19:36:00,ILPT
25.98,26.0,25.98,25.99,400,2021-09-23 19:39:00,ILPT
26.02,26.02,26.02,26.02,200,2021-09-23 19:40:00,ILPT
26.03,26.03,26.03,26.03,300,2021-09-23 19:41:00,ILPT
26.03,26.05,26.03,26.05,200,2021-09-23 19:42:00,ILPT
26.04,26.04,26.04,26.04,632,2021-09-23 19:43:00,ILPT
26.03,26.03,26.03,26.03,100,2021-09-23 19:44:00,ILPT
26.03,26.03,26.01,26.02,400,2021-09-23 19:45:00,ILPT
26.01,26.01,26.01,26.01,100,2021-09-23 19:46:00,ILPT
26.02,26.02,26.02,26.02,100,2021-09-23 19:47:00,ILPT
26.0,26.0082,26.0,26.0082,923,2021-09-23 19:48:00,ILPT
26.0,26.0,26.0,26.0,200,2021-09-23 19:49:00,ILPT
26.0,26.0,26.0,26.0,100,2021-09-23 19:50:00,ILPT
25.99,26.0042,25.99,26.0042,600,2021-09-23 19:51:00,ILPT
25.99,25.99,25.99,25.99,100,2021-09-23 19:52:00,ILPT
26.01,26.01,26.01,26.01,100,2021-09-23 19:53:00,ILPT
26.01,26.01,26.01,26.01,200,2021-09-23 19:54:00,ILPT
26.0,26.0,25.98,25.98,823,2021-09-23 19:55:00,ILPT
25.99,25.99,25.97,25.97,300,2021-09-23 19:56:00,ILPT
25.99,26.02,25.99,26.02,800,2021-09-23 19:57:00,ILPT
26.01,26.01,25.97,25.97,510,2021-09-23 19:58:00,ILPT
25.99,26.03,25.98,26.01,5462,2021-09-23 19:59:00,ILPT
26.02,26.02,26.02,26.02,38202,2021-09-23 20:00:00,ILPT
26.02,26.02,26.02,26.02,611,2021-09-23 20:01:00,ILPT
26.02,26.02,26.02,26.02,488,2021-09-23 20:02:00,ILPT
25.95,25.95,25.95,25.95,100,2021-09-23 21:10:00,ILPT
25.95,25.95,25.95,25.95,4965,2021-09-24 13:30:00,ILPT
26.02,26.02,26.02,26.02,100,2021-09-24 13:33:00,ILPT
25.94,25.94,25.93,25.94,400,2021-09-24 13:34:00,ILPT
25.94,25.94,25.94,25.94,100,2021-09-24 13:35:00,ILPT
25.96,25.99,25.96,25.99,200,2021-09-24 13:40:00,ILPT
25.99,26.04,25.98,25.99,1100,2021-09-24 13:45:00,ILPT
25.97,25.97,25.97,25.97,100,2021-09-24 13:47:00,ILPT
25.91,25.92,25.91,25.92,200,2021-09-24 13:51:00,ILPT
25.9363,25.9363,25.9363,25.9363,158,2021-09-24 13:52:00,ILPT
25.94,25.94,25.94,25.94,100,2021-09-24 13:53:00,ILPT
25.92,25.92,25.92,25.92,400,2021-09-24 13:54:00,ILPT
25.9,25.9,25.885,25.885,200,2021-09-24 13:55:00,ILPT
25.87,25.91,25.86,25.91,500,2021-09-24 13:56:00,ILPT
25.9109,25.9109,25.9109,25.9109,195,2021-09-24 13:57:00,ILPT
25.9333,25.9333,25.9333,25.9333,200,2021-09-24 13:59:00,ILPT
25.89,25.9395,25.88,25.9395,444,2021-09-24 14:00:00,ILPT
25.96,25.98,25.96,25.98,400,2021-09-24 14:02:00,ILPT
25.98,25.98,25.97,25.97,5800,2021-09-24 14:03:00,ILPT
26.01,26.03,26.01,26.03,500,2021-09-24 14:05:00,ILPT
26.03,26.03,26.03,26.03,200,2021-09-24 14:07:00,ILPT
25.995,25.995,25.995,25.995,100,2021-09-24 14:08:00,ILPT
25.99,25.99,25.99,25.99,100,2021-09-24 14:09:00,ILPT
25.995,26.01,25.995,26.01,200,2021-09-24 14:10:00,ILPT
26.01,26.01,26.01,26.01,100,2021-09-24 14:11:00,ILPT
25.99,25.99,25.98,25.98,300,2021-09-24 14:17:00,ILPT
25.96,25.97,25.96,25.97,400,2021-09-24 14:18:00,ILPT
25.98,25.98,25.98,25.98,200,2021-09-24 14:19:00,ILPT
25.96,25.96,25.96,25.96,200,2021-09-24 14:23:00,ILPT
25.94,25.94,25.94,25.94,190,2021-09-24 14:24:00,ILPT
25.91,25.91,25.91,25.91,200,2021-09-24 14:26:00,ILPT
25.89,25.89,25.89,25.89,100,2021-09-24 14:27:00,ILPT
25.88,25.88,25.88,25.88,100,2021-09-24 14:29:00,ILPT
25.9,25.9,25.8929,25.8929,217,2021-09-24 14:31:00,ILPT
25.87,25.92,25.87,25.92,1300,2021-09-24 14:32:00,ILPT
25.91,25.91,25.91,25.91,100,2021-09-24 14:33:00,ILPT
25.8955,25.8955,25.89,25.89,320,2021-09-24 14:39:00,ILPT
25.89,25.89,25.88,25.88,200,2021-09-24 14:40:00,ILPT
25.86,25.86,25.86,25.86,359,2021-09-24 14:42:00,ILPT
25.81,25.81,25.81,25.81,100,2021-09-24 14:43:00,ILPT
25.8,25.8,25.8,25.8,100,2021-09-24 14:46:00,ILPT
25.8072,25.8072,25.8072,25.8072,119,2021-09-24 14:52:00,ILPT
25.81,25.82,25.81,25.82,200,2021-09-24 14:53:00,ILPT
25.8,25.815,25.8,25.8,300,2021-09-24 14:54:00,ILPT
25.8,25.8,25.8,25.8,100,2021-09-24 14:55:00,ILPT
25.8,25.8,25.8,25.8,200,2021-09-24 14:56:00,ILPT
25.82,25.859,25.82,25.859,1214,2021-09-24 14:57:00,ILPT
25.86,25.86,25.86,25.86,300,2021-09-24 15:03:00,ILPT
25.85,25.85,25.85,25.85,120,2021-09-24 15:04:00,ILPT
25.8446,25.8446,25.8446,25.8446,500,2021-09-24 15:20:00,ILPT
25.83,25.83,25.83,25.83,100,2021-09-24 15:21:00,ILPT
25.8,25.8,25.8,25.8,100,2021-09-24 15:22:00,ILPT
25.81,25.81,25.8,25.8,1500,2021-09-24 15:27:00,ILPT
25.77,25.77,25.75,25.75,700,2021-09-24 15:28:00,ILPT
25.78,25.78,25.78,25.78,700,2021-09-24 15:29:00,ILPT
25.768,25.768,25.768,25.768,331,2021-09-24 15:32:00,ILPT
25.78,25.78,25.78,25.78,100,2021-09-24 15:33:00,ILPT
25.78,25.78,25.78,25.78,100,2021-09-24 15:34:00,ILPT
25.76,25.76,25.76,25.76,100,2021-09-24 15:38:00,ILPT
25.775,25.775,25.775,25.775,123,2021-09-24 15:42:00,ILPT
25.775,25.775,25.775,25.775,122,2021-09-24 15:43:00,ILPT
25.8,25.82,25.8,25.82,500,2021-09-24 15:46:00,ILPT
25.82,25.83,25.82,25.83,404,2021-09-24 15:53:00,ILPT
25.81,25.81,25.81,25.81,200,2021-09-24 15:59:00,ILPT
25.84,25.85,25.84,25.85,600,2021-09-24 16:01:00,ILPT
25.85,25.85,25.85,25.85,337,2021-09-24 16:05:00,ILPT
25.84,25.85,25.84,25.84,600,2021-09-24 16:07:00,ILPT
25.84,25.84,25.84,25.84,100,2021-09-24 16:08:00,ILPT
25.81,25.81,25.81,25.81,100,2021-09-24 16:13:00,ILPT
25.7965,25.829,25.7965,25.829,201,2021-09-24 16:14:00,ILPT
25.79,25.79,25.79,25.79,100,2021-09-24 16:15:00,ILPT
25.79,25.79,25.79,25.79,100,2021-09-24 16:16:00,ILPT
25.79,25.79,25.79,25.79,200,2021-09-24 16:17:00,ILPT
25.76,25.77,25.76,25.77,200,2021-09-24 16:18:00,ILPT
25.76,25.76,25.75,25.75,200,2021-09-24 16:19:00,ILPT
25.75,25.78,25.75,25.78,750,2021-09-24 16:22:00,ILPT
25.775,25.775,25.76,25.76,300,2021-09-24 16:27:00,ILPT
25.76,25.76,25.76,25.76,100,2021-09-24 16:28:00,ILPT
25.765,25.765,25.765,25.765,260,2021-09-24 16:29:00,ILPT
25.75,25.75,25.75,25.75,200,2021-09-24 16:31:00,ILPT
25.75,25.76,25.75,25.76,316,2021-09-24 16:33:00,ILPT
25.74,25.74,25.74,25.74,100,2021-09-24 16:34:00,ILPT
25.77,25.78,25.77,25.78,739,2021-09-24 16:35:00,ILPT
25.77,25.77,25.75,25.75,703,2021-09-24 16:37:00,ILPT
25.75,25.75,25.75,25.75,200,2021-09-24 16:40:00,ILPT
25.75,25.75,25.75,25.75,200,2021-09-24 16:41:00,ILPT
25.75,25.75,25.75,25.75,100,2021-09-24 16:43:00,ILPT
25.75,25.75,25.75,25.75,100,2021-09-24 16:44:00,ILPT
25.72,25.72,25.72,25.72,200,2021-09-24 16:46:00,ILPT
25.7499,25.7499,25.7499,25.7499,100,2021-09-24 16:48:00,ILPT
25.71,25.71,25.71,25.71,200,2021-09-24 16:50:00,ILPT
25.7,25.7,25.7,25.7,100,2021-09-24 16:51:00,ILPT
25.72,25.72,25.72,25.72,393,2021-09-24 16:52:00,ILPT
25.72,25.72,25.72,25.72,500,2021-09-24 16:56:00,ILPT
25.73,25.73,25.711,25.711,600,2021-09-24 16:57:00,ILPT
25.69,25.69,25.69,25.69,200,2021-09-24 17:04:00,ILPT
25.705,25.705,25.705,25.705,100,2021-09-24 17:05:00,ILPT
25.67,25.67,25.67,25.67,100,2021-09-24 17:08:00,ILPT
25.67,25.67,25.67,25.67,400,2021-09-24 17:09:00,ILPT
25.7,25.7,25.66,25.68,1339,2021-09-24 17:10:00,ILPT
25.65,25.65,25.65,25.65,100,2021-09-24 17:11:00,ILPT
25.65,25.65,25.64,25.64,300,2021-09-24 17:12:00,ILPT
25.67,25.675,25.67,25.675,1700,2021-09-24 17:14:00,ILPT
25.66,25.66,25.66,25.66,100,2021-09-24 17:15:00,ILPT
25.66,25.66,25.64,25.64,200,2021-09-24 17:16:00,ILPT
25.64,25.655,25.63,25.63,5111,2021-09-24 17:18:00,ILPT
25.61,25.61,25.61,25.61,100,2021-09-24 17:19:00,ILPT
25.625,25.625,25.61,25.61,943,2021-09-24 17:20:00,ILPT
25.59,25.6,25.57,25.57,636,2021-09-24 17:25:00,ILPT
25.5977,25.5977,25.5977,25.5977,130,2021-09-24 17:26:00,ILPT
25.57,25.61,25.57,25.61,798,2021-09-24 17:27:00,ILPT
25.59,25.59,25.59,25.59,100,2021-09-24 17:30:00,ILPT
25.62,25.63,25.61,25.61,500,2021-09-24 17:31:00,ILPT
25.6,25.6,25.6,25.6,100,2021-09-24 17:32:00,ILPT
25.6,25.6,25.6,25.6,137,2021-09-24 17:33:00,ILPT
25.59,25.62,25.59,25.62,637,2021-09-24 17:35:00,ILPT
25.63,25.63,25.63,25.63,100,2021-09-24 17:36:00,ILPT
25.62,25.62,25.62,25.62,122,2021-09-24 17:38:00,ILPT
25.63,25.64,25.63,25.64,430,2021-09-24 17:39:00,ILPT
25.64,25.64,25.64,25.64,118,2021-09-24 17:44:00,ILPT
25.63,25.63,25.63,25.63,100,2021-09-24 17:46:00,ILPT
25.62,25.62,25.59,25.59,2458,2021-09-24 17:49:00,ILPT
25.595,25.595,25.58,25.58,400,2021-09-24 17:51:00,ILPT
25.61,25.61,25.601,25.601,300,2021-09-24 17:52:00,ILPT
25.61,25.62,25.61,25.611,400,2021-09-24 17:53:00,ILPT
25.61,25.61,25.61,25.61,100,2021-09-24 17:54:00,ILPT
25.606,25.615,25.606,25.615,274,2021-09-24 17:55:00,ILPT
25.615,25.615,25.615,25.615,957,2021-09-24 17:56:00,ILPT
25.615,25.615,25.615,25.615,100,2021-09-24 17:57:00,ILPT
25.615,25.615,25.615,25.615,146,2021-09-24 17:58:00,ILPT
25.61,25.62,25.61,25.62,471,2021-09-24 17:59:00,ILPT
25.63,25.64,25.62,25.6201,518,2021-09-24 18:00:00,ILPT
25.63,25.63,25.63,25.63,114,2021-09-24 18:03:00,ILPT
25.625,25.625,25.625,25.625,122,2021-09-24 18:04:00,ILPT
25.64,25.64,25.63,25.63,600,2021-09-24 18:08:00,ILPT
25.625,25.625,25.625,25.625,122,2021-09-24 18:13:00,ILPT
25.64,25.64,25.64,25.64,600,2021-09-24 18:14:00,ILPT
25.621,25.621,25.621,25.621,167,2021-09-24 18:15:00,ILPT
25.625,25.6395,25.625,25.6395,200,2021-09-24 18:17:00,ILPT
25.63,25.63,25.62,25.62,200,2021-09-24 18:18:00,ILPT
25.635,25.635,25.635,25.635,100,2021-09-24 18:19:00,ILPT
25.65,25.65,25.65,25.65,400,2021-09-24 18:21:00,ILPT
25.655,25.655,25.655,25.655,100,2021-09-24 18:22:00,ILPT
25.655,25.655,25.655,25.655,100,2021-09-24 18:23:00,ILPT
25.655,25.67,25.655,25.665,1000,2021-09-24 18:26:00,ILPT
25.665,25.665,25.665,25.665,200,2021-09-24 18:27:00,ILPT
25.66,25.66,25.66,25.66,100,2021-09-24 18:29:00,ILPT
25.66,25.67,25.66,25.67,600,2021-09-24 18:31:00,ILPT
25.665,25.665,25.665,25.665,100,2021-09-24 18:32:00,ILPT
25.65,25.66,25.65,25.66,1038,2021-09-24 18:33:00,ILPT
25.66,25.66,25.66,25.66,100,2021-09-24 18:34:00,ILPT
25.6699,25.6699,25.65,25.66,405,2021-09-24 18:35:00,ILPT
25.65,25.65,25.65,25.65,200,2021-09-24 18:36:00,ILPT
25.655,25.655,25.64,25.655,300,2021-09-24 18:37:00,ILPT
25.655,25.655,25.655,25.655,100,2021-09-24 18:38:00,ILPT
25.655,25.655,25.655,25.655,100,2021-09-24 18:40:00,ILPT
25.6439,25.655,25.6439,25.655,300,2021-09-24 18:41:00,ILPT
25.64,25.64,25.64,25.64,100,2021-09-24 18:42:00,ILPT
25.655,25.655,25.64,25.64,200,2021-09-24 18:43:00,ILPT
25.65,25.65,25.65,25.65,100,2021-09-24 18:44:00,ILPT
25.65,25.65,25.65,25.65,787,2021-09-24 18:46:00,ILPT
25.63,25.63,25.63,25.63,100,2021-09-24 18:48:00,ILPT
25.64,25.65,25.63,25.63,600,2021-09-24 18:49:00,ILPT
25.63,25.63,25.63,25.63,100,2021-09-24 18:52:00,ILPT
25.645,25.645,25.63,25.63,385,2021-09-24 18:56:00,ILPT
25.62,25.62,25.62,25.62,200,2021-09-24 18:58:00,ILPT
25.62,25.62,25.62,25.62,100,2021-09-24 18:59:00,ILPT
25.62,25.62,25.61,25.61,1000,2021-09-24 19:00:00,ILPT
25.61,25.62,25.61,25.62,700,2021-09-24 19:01:00,ILPT
25.61,25.61,25.61,25.61,400,2021-09-24 19:03:00,ILPT
25.6,25.6,25.6,25.6,100,2021-09-24 19:04:00,ILPT
25.62,25.62,25.62,25.62,100,2021-09-24 19:06:00,ILPT
25.61,25.63,25.61,25.63,700,2021-09-24 19:07:00,ILPT
25.63,25.64,25.63,25.635,400,2021-09-24 19:09:00,ILPT
25.62,25.62,25.62,25.62,100,2021-09-24 19:10:00,ILPT
25.649,25.649,25.6401,25.6401,298,2021-09-24 19:14:00,ILPT
25.65,25.65,25.64,25.65,400,2021-09-24 19:15:00,ILPT
25.65,25.65,25.65,25.65,200,2021-09-24 19:16:00,ILPT
25.64,25.64,25.62,25.62,1050,2021-09-24 19:20:00,ILPT
25.62,25.62,25.6,25.6,413,2021-09-24 19:21:00,ILPT
25.62,25.63,25.62,25.62,2049,2021-09-24 19:22:00,ILPT
25.62,25.62,25.62,25.62,200,2021-09-24 19:23:00,ILPT
25.62,25.62,25.62,25.62,100,2021-09-24 19:25:00,ILPT
25.64,25.65,25.63,25.65,1056,2021-09-24 19:28:00,ILPT
25.64,25.64,25.64,25.64,400,2021-09-24 19:29:00,ILPT
25.63,25.6524,25.62,25.64,2706,2021-09-24 19:30:00,ILPT
25.64,25.65,25.64,25.65,500,2021-09-24 19:31:00,ILPT
25.65,25.6502,25.6,25.6,3160,2021-09-24 19:32:00,ILPT
25.6,25.63,25.6,25.6,700,2021-09-24 19:33:00,ILPT
25.63,25.63,25.62,25.63,1381,2021-09-24 19:34:00,ILPT
25.62,25.63,25.61,25.61,300,2021-09-24 19:35:00,ILPT
25.62,25.62,25.62,25.62,100,2021-09-24 19:36:00,ILPT
25.6,25.63,25.6,25.63,800,2021-09-24 19:37:00,ILPT
25.61,25.63,25.61,25.62,1300,2021-09-24 19:38:00,ILPT
25.625,25.625,25.61,25.62,500,2021-09-24 19:39:00,ILPT
25.62,25.62,25.61,25.61,200,2021-09-24 19:40:00,ILPT
25.62,25.63,25.61,25.63,800,2021-09-24 19:42:00,ILPT
25.6065,25.61,25.58,25.58,2419,2021-09-24 19:43:00,ILPT
25.575,25.59,25.575,25.59,531,2021-09-24 19:44:00,ILPT
25.59,25.6,25.57,25.58,1775,2021-09-24 19:45:00,ILPT
25.56,25.57,25.56,25.57,400,2021-09-24 19:46:00,ILPT
25.58,25.6,25.58,25.58,1054,2021-09-24 19:47:00,ILPT
25.6,25.6,25.58,25.58,400,2021-09-24 19:48:00,ILPT
25.59,25.6,25.5731,25.5731,942,2021-09-24 19:49:00,ILPT
25.56,25.58,25.55,25.56,1600,2021-09-24 19:50:00,ILPT
25.55,25.57,25.55,25.55,1145,2021-09-24 19:51:00,ILPT
25.568,25.58,25.56,25.56,865,2021-09-24 19:52:00,ILPT
25.56,25.56,25.555,25.555,400,2021-09-24 19:53:00,ILPT
25.55,25.56,25.53,25.54,2625,2021-09-24 19:54:00,ILPT
25.52,25.52,25.5,25.51,500,2021-09-24 19:55:00,ILPT
25.51,25.51,25.47,25.47,2798,2021-09-24 19:56:00,ILPT
25.49,25.52,25.47,25.47,4319,2021-09-24 19:57:00,ILPT
25.5,25.5,25.48,25.48,2716,2021-09-24 19:58:00,ILPT
25.48,25.48,25.45,25.47,5478,2021-09-24 19:59:00,ILPT
25.47,25.47,25.47,25.47,51470,2021-09-24 20:00:00,ILPT
25.47,25.57,25.47,25.47,5259,2021-09-27 13:30:00,ILPT
25.52,25.52,25.52,25.52,200,2021-09-27 13:31:00,ILPT
25.5306,25.5306,25.5306,25.5306,100,2021-09-27 13:33:00,ILPT
25.5829,25.5829,25.5829,25.5829,200,2021-09-27 13:36:00,ILPT
25.62,25.63,25.62,25.63,200,2021-09-27 13:37:00,ILPT
25.65,25.66,25.64,25.64,1050,2021-09-27 13:38:00,ILPT
25.6,25.6,25.6,25.6,100,2021-09-27 13:40:00,ILPT
25.5705,25.5705,25.5705,25.5705,100,2021-09-27 13:43:00,ILPT
25.6,25.6,25.6,25.6,100,2021-09-27 13:44:00,ILPT
25.6903,25.6903,25.6903,25.6903,801,2021-09-27 13:46:00,ILPT
25.6689,25.68,25.6689,25.68,600,2021-09-27 13:47:00,ILPT
25.64,25.64,25.64,25.64,100,2021-09-27 13:48:00,ILPT
25.69,25.73,25.69,25.7,1000,2021-09-27 13:49:00,ILPT
25.66,25.66,25.66,25.66,100,2021-09-27 13:50:00,ILPT
25.67,25.71,25.67,25.71,200,2021-09-27 13:51:00,ILPT
25.754,25.76,25.754,25.76,662,2021-09-27 13:53:00,ILPT
25.76,25.78,25.755,25.78,300,2021-09-27 13:55:00,ILPT
25.78,25.78,25.78,25.78,200,2021-09-27 13:57:00,ILPT
25.77,25.79,25.748,25.79,300,2021-09-27 13:58:00,ILPT
25.75,25.75,25.74,25.74,560,2021-09-27 13:59:00,ILPT
25.74,25.74,25.74,25.74,200,2021-09-27 14:00:00,ILPT
25.72,25.72,25.72,25.72,100,2021-09-27 14:01:00,ILPT
25.73,25.73,25.72,25.72,200,2021-09-27 14:02:00,ILPT
25.76,25.76,25.76,25.76,100,2021-09-27 14:03:00,ILPT
25.74,25.74,25.74,25.74,100,2021-09-27 14:04:00,ILPT
25.78,25.78,25.78,25.78,100,2021-09-27 14:06:00,ILPT
25.78,25.78,25.78,25.78,100,2021-09-27 14:07:00,ILPT
25.77,25.77,25.77,25.77,100,2021-09-27 14:08:00,ILPT
25.81,25.81,25.81,25.81,100,2021-09-27 14:09:00,ILPT
25.795,25.82,25.795,25.82,400,2021-09-27 14:10:00,ILPT
25.85,25.85,25.85,25.85,100,2021-09-27 14:11:00,ILPT
25.83,25.84,25.83,25.84,500,2021-09-27 14:12:00,ILPT
25.85,25.86,25.85,25.86,200,2021-09-27 14:13:00,ILPT
25.86,25.87,25.86,25.87,200,2021-09-27 14:14:00,ILPT
25.9,25.9,25.9,25.9,300,2021-09-27 14:15:00,ILPT
25.88,25.88,25.86,25.86,410,2021-09-27 14:17:00,ILPT
25.91,25.91,25.89,25.89,253,2021-09-27 14:21:00,ILPT
25.89,25.9,25.89,25.9,1000,2021-09-27 14:22:00,ILPT
25.8701,25.8701,25.8701,25.8701,375,2021-09-27 14:23:00,ILPT
25.8424,25.8424,25.8424,25.8424,100,2021-09-27 14:25:00,ILPT
25.79,25.79,25.79,25.79,200,2021-09-27 14:26:00,ILPT
25.8,25.8,25.8,25.8,100,2021-09-27 14:28:00,ILPT
25.8,25.82,25.8,25.82,300,2021-09-27 14:29:00,ILPT
25.825,25.8299,25.825,25.8299,788,2021-09-27 14:30:00,ILPT
25.83,25.86,25.83,25.86,300,2021-09-27 14:31:00,ILPT
25.86,25.86,25.86,25.86,100,2021-09-27 14:33:00,ILPT
25.86,25.87,25.86,25.87,200,2021-09-27 14:35:00,ILPT
25.9,25.9,25.84,25.8593,535,2021-09-27 14:37:00,ILPT
25.835,25.835,25.835,25.835,100,2021-09-27 14:38:00,ILPT
25.83,25.83,25.83,25.83,100,2021-09-27 14:39:00,ILPT
25.8596,25.86,25.8596,25.86,800,2021-09-27 14:40:00,ILPT
25.894,25.894,25.894,25.894,200,2021-09-27 14:43:00,ILPT
25.9,25.9,25.9,25.9,100,2021-09-27 14:44:00,ILPT
25.841,25.841,25.841,25.841,100,2021-09-27 14:46:00,ILPT
25.84,25.84,25.83,25.83,700,2021-09-27 14:47:00,ILPT
25.82,25.82,25.82,25.82,500,2021-09-27 14:48:00,ILPT
25.81,25.85,25.81,25.85,400,2021-09-27 14:50:00,ILPT
25.88,25.88,25.88,25.88,200,2021-09-27 14:51:00,ILPT
25.86,25.86,25.82,25.82,200,2021-09-27 14:53:00,ILPT
25.82,25.82,25.82,25.82,200,2021-09-27 14:56:00,ILPT
25.86,25.86,25.86,25.86,100,2021-09-27 14:57:00,ILPT
25.88,25.88,25.88,25.88,100,2021-09-27 14:58:00,ILPT
25.87,25.87,25.87,25.87,100,2021-09-27 15:02:00,ILPT
25.87,25.87,25.87,25.87,225,2021-09-27 15:03:00,ILPT
25.88,25.88,25.87,25.88,400,2021-09-27 15:05:00,ILPT
25.8652,25.8652,25.8652,25.8652,830,2021-09-27 15:07:00,ILPT
25.84,25.84,25.84,25.84,200,2021-09-27 15:08:00,ILPT
25.86,25.87,25.86,25.87,500,2021-09-27 15:09:00,ILPT
25.85,25.85,25.85,25.85,100,2021-09-27 15:10:00,ILPT
25.87,25.93,25.87,25.93,3463,2021-09-27 15:11:00,ILPT
25.9,25.9,25.9,25.9,100,2021-09-27 15:12:00,ILPT
25.87,25.87,25.87,25.87,100,2021-09-27 15:14:00,ILPT
25.9,25.9,25.9,25.9,200,2021-09-27 15:16:00,ILPT
25.8762,25.8762,25.8762,25.8762,138,2021-09-27 15:17:00,ILPT
25.89,25.89,25.89,25.89,100,2021-09-27 15:18:00,ILPT
25.8604,25.8604,25.8604,25.8604,125,2021-09-27 15:19:00,ILPT
25.9,25.9,25.88,25.88,600,2021-09-27 15:20:00,ILPT
25.88,25.9099,25.88,25.9099,200,2021-09-27 15:21:00,ILPT
25.9,25.91,25.89,25.89,800,2021-09-27 15:22:00,ILPT
25.88,25.88,25.87,25.87,500,2021-09-27 15:24:00,ILPT
25.88,25.88,25.88,25.88,100,2021-09-27 15:26:00,ILPT
25.87,25.88,25.87,25.88,400,2021-09-27 15:28:00,ILPT
25.855,25.855,25.855,25.855,100,2021-09-27 15:29:00,ILPT
25.85,25.85,25.85,25.85,100,2021-09-27 15:31:00,ILPT
25.85,25.85,25.85,25.85,100,2021-09-27 15:37:00,ILPT
25.811,25.84,25.81,25.831,400,2021-09-27 15:38:00,ILPT
25.85,25.85,25.85,25.85,100,2021-09-27 15:39:00,ILPT
25.83,25.84,25.83,25.84,899,2021-09-27 15:40:00,ILPT
25.82,25.82,25.81,25.81,200,2021-09-27 15:42:00,ILPT
25.81,25.81,25.81,25.81,200,2021-09-27 15:43:00,ILPT
25.8,25.8,25.8,25.8,100,2021-09-27 15:44:00,ILPT
25.8,25.8,25.8,25.8,200,2021-09-27 15:45:00,ILPT
25.79,25.79,25.79,25.79,100,2021-09-27 15:46:00,ILPT
25.805,25.82,25.805,25.81,1100,2021-09-27 15:47:00,ILPT
25.8142,25.8142,25.81,25.81,900,2021-09-27 15:48:00,ILPT
25.81,25.85,25.81,25.85,1277,2021-09-27 15:50:00,ILPT
25.81,25.81,25.81,25.81,795,2021-09-27 15:53:00,ILPT
25.8,25.8,25.79,25.79,200,2021-09-27 15:57:00,ILPT
25.765,25.765,25.765,25.765,100,2021-09-27 15:58:00,ILPT
25.78,25.78,25.78,25.78,100,2021-09-27 15:59:00,ILPT
25.77,25.7896,25.77,25.7896,504,2021-09-27 16:02:00,ILPT
25.77,25.77,25.77,25.77,200,2021-09-27 16:04:00,ILPT
25.78,25.78,25.76,25.76,400,2021-09-27 16:06:00,ILPT
25.75,25.75,25.69,25.69,3776,2021-09-27 16:12:00,ILPT
25.69,25.69,25.69,25.69,200,2021-09-27 16:13:00,ILPT
25.67,25.67,25.67,25.67,116,2021-09-27 16:15:00,ILPT
25.64,25.66,25.62,25.64,1300,2021-09-27 16:16:00,ILPT
25.67,25.67,25.65,25.65,1208,2021-09-27 16:17:00,ILPT
25.67,25.67,25.67,25.67,24508,2021-09-27 16:18:00,ILPT
25.675,25.7,25.67,25.7,7239,2021-09-27 16:19:00,ILPT
25.7,25.71,25.7,25.7,988,2021-09-27 16:20:00,ILPT
25.69,25.69,25.69,25.69,1453,2021-09-27 16:21:00,ILPT
25.7,25.7,25.7,25.7,100,2021-09-27 16:22:00,ILPT
25.72,25.73,25.7,25.7,600,2021-09-27 16:24:00,ILPT
25.715,25.73,25.7,25.7,500,2021-09-27 16:27:00,ILPT
25.7,25.71,25.695,25.7,1002,2021-09-27 16:29:00,ILPT
25.68,25.68,25.68,25.68,100,2021-09-27 16:32:00,ILPT
25.7,25.7,25.69,25.69,310,2021-09-27 16:33:00,ILPT
25.71,25.71,25.71,25.71,100,2021-09-27 16:41:00,ILPT
25.69,25.695,25.69,25.695,600,2021-09-27 16:45:00,ILPT
25.69,25.69,25.69,25.69,300,2021-09-27 16:47:00,ILPT
25.68,25.68,25.66,25.68,1000,2021-09-27 16:48:00,ILPT
25.6799,25.68,25.66,25.66,4526,2021-09-27 16:51:00,ILPT
25.69,25.69,25.66,25.66,1500,2021-09-27 16:54:00,ILPT
25.67,25.67,25.67,25.67,100,2021-09-27 16:59:00,ILPT
25.68,25.68,25.65,25.65,1500,2021-09-27 17:02:00,ILPT
25.64,25.64,25.63,25.63,600,2021-09-27 17:07:00,ILPT
25.648,25.648,25.648,25.648,200,2021-09-27 17:08:00,ILPT
25.62,25.62,25.62,25.62,100,2021-09-27 17:11:00,ILPT
25.63,25.63,25.6,25.6,1691,2021-09-27 17:15:00,ILPT
25.61,25.61,25.61,25.61,100,2021-09-27 17:16:00,ILPT
25.6,25.6,25.6,25.6,799,2021-09-27 17:17:00,ILPT
25.611,25.66,25.611,25.66,300,2021-09-27 17:18:00,ILPT
25.657,25.657,25.657,25.657,115,2021-09-27 17:21:00,ILPT
25.67,25.68,25.66,25.67,1316,2021-09-27 17:23:00,ILPT
25.65,25.66,25.64,25.64,300,2021-09-27 17:25:00,ILPT
25.61,25.61,25.61,25.61,1903,2021-09-27 17:29:00,ILPT
25.62,25.62,25.61,25.61,200,2021-09-27 17:30:00,ILPT
25.62,25.62,25.615,25.615,200,2021-09-27 17:32:00,ILPT
25.62,25.62,25.62,25.62,100,2021-09-27 17:36:00,ILPT
25.601,25.616,25.601,25.616,220,2021-09-27 17:39:00,ILPT
25.6399,25.64,25.62,25.62,1900,2021-09-27 17:40:00,ILPT
25.61,25.62,25.61,25.62,600,2021-09-27 17:43:00,ILPT
25.62,25.62,25.62,25.62,100,2021-09-27 17:51:00,ILPT
25.62,25.62,25.62,25.62,308,2021-09-27 17:53:00,ILPT
25.625,25.625,25.6101,25.6101,1491,2021-09-27 17:56:00,ILPT
25.61,25.64,25.61,25.64,1000,2021-09-27 17:57:00,ILPT
25.6303,25.6303,25.6303,25.6303,122,2021-09-27 17:58:00,ILPT
25.645,25.645,25.645,25.645,100,2021-09-27 18:02:00,ILPT
25.63,25.63,25.63,25.63,300,2021-09-27 18:03:00,ILPT
25.63,25.63,25.63,25.63,100,2021-09-27 18:06:00,ILPT
25.625,25.64,25.6,25.62,500,2021-09-27 18:07:00,ILPT
25.65,25.65,25.65,25.65,100,2021-09-27 18:08:00,ILPT
25.66,25.66,25.63,25.63,200,2021-09-27 18:09:00,ILPT
25.65,25.65,25.65,25.65,390,2021-09-27 18:10:00,ILPT
25.7,25.7,25.7,25.7,100,2021-09-27 18:12:00,ILPT
25.68,25.68,25.65,25.65,1636,2021-09-27 18:14:00,ILPT
25.67,25.67,25.67,25.67,100,2021-09-27 18:15:00,ILPT
25.66,25.66,25.63,25.64,2103,2021-09-27 18:16:00,ILPT
25.65,25.69,25.65,25.69,300,2021-09-27 18:17:00,ILPT
25.7,25.74,25.7,25.74,347,2021-09-27 18:19:00,ILPT
25.71,25.71,25.71,25.71,100,2021-09-27 18:20:00,ILPT
25.74,25.74,25.74,25.74,100,2021-09-27 18:25:00,ILPT
25.74,25.74,25.74,25.74,100,2021-09-27 18:26:00,ILPT
25.74,25.74,25.74,25.74,100,2021-09-27 18:28:00,ILPT
25.78,25.78,25.78,25.78,100,2021-09-27 18:32:00,ILPT
25.77,25.77,25.77,25.77,161,2021-09-27 18:35:00,ILPT
25.8,25.8,25.8,25.8,202,2021-09-27 18:38:00,ILPT
25.81,25.81,25.79,25.8,1127,2021-09-27 18:39:00,ILPT
25.795,25.795,25.795,25.795,113,2021-09-27 18:40:00,ILPT
25.8,25.8,25.79,25.79,200,2021-09-27 18:41:00,ILPT
25.795,25.81,25.79,25.79,1380,2021-09-27 18:43:00,ILPT
25.81,25.82,25.81,25.82,600,2021-09-27 18:44:00,ILPT
25.82,25.82,25.82,25.82,266,2021-09-27 18:46:00,ILPT
25.83,25.83,25.83,25.83,100,2021-09-27 18:47:00,ILPT
25.81,25.82,25.81,25.81,400,2021-09-27 18:48:00,ILPT
25.81,25.81,25.81,25.81,100,2021-09-27 18:49:00,ILPT
25.81,25.81,25.81,25.81,300,2021-09-27 18:51:00,ILPT
25.81,25.81,25.8,25.8,200,2021-09-27 18:52:00,ILPT
25.81,25.81,25.81,25.81,300,2021-09-27 18:56:00,ILPT
25.77,25.77,25.77,25.77,100,2021-09-27 18:57:00,ILPT
25.77,25.79,25.77,25.78,1282,2021-09-27 18:59:00,ILPT
25.73,25.73,25.73,25.73,100,2021-09-27 19:00:00,ILPT
25.758,25.758,25.758,25.758,150,2021-09-27 19:02:00,ILPT
25.76,25.76,25.76,25.76,200,2021-09-27 19:05:00,ILPT
25.76,25.76,25.76,25.76,100,2021-09-27 19:07:00,ILPT
25.77,25.78,25.77,25.78,500,2021-09-27 19:08:00,ILPT
25.77,25.77,25.77,25.77,100,2021-09-27 19:09:00,ILPT
25.79,25.79,25.79,25.79,100,2021-09-27 19:10:00,ILPT
25.8,25.8,25.8,25.8,100,2021-09-27 19:11:00,ILPT
25.8,25.8,25.8,25.8,100,2021-09-27 19:15:00,ILPT
25.74,25.76,25.74,25.76,445,2021-09-27 19:16:00,ILPT
25.68,25.71,25.68,25.71,700,2021-09-27 19:20:00,ILPT
25.72,25.72,25.7,25.7,200,2021-09-27 19:21:00,ILPT
25.69,25.69,25.69,25.69,400,2021-09-27 19:22:00,ILPT
25.68,25.68,25.66,25.68,473,2021-09-27 19:23:00,ILPT
25.68,25.71,25.68,25.69,1192,2021-09-27 19:25:00,ILPT
25.71,25.71,25.71,25.71,100,2021-09-27 19:26:00,ILPT
25.69,25.7,25.69,25.7,200,2021-09-27 19:28:00,ILPT
25.69,25.69,25.69,25.69,170,2021-09-27 19:29:00,ILPT
25.68,25.68,25.67,25.67,250,2021-09-27 19:30:00,ILPT
25.68,25.68,25.68,25.68,100,2021-09-27 19:31:00,ILPT
25.65,25.65,25.6,25.6,1109,2021-09-27 19:33:00,ILPT
25.62,25.62,25.59,25.59,700,2021-09-27 19:34:00,ILPT
25.59,25.63,25.59,25.63,1000,2021-09-27 19:35:00,ILPT
25.615,25.615,25.6,25.6,500,2021-09-27 19:36:00,ILPT
25.59,25.6,25.59,25.6,455,2021-09-27 19:37:00,ILPT
25.59,25.59,25.59,25.59,100,2021-09-27 19:38:00,ILPT
25.58,25.59,25.58,25.59,600,2021-09-27 19:39:00,ILPT
25.59,25.59,25.59,25.59,114,2021-09-27 19:40:00,ILPT
25.61,25.62,25.6,25.62,500,2021-09-27 19:41:00,ILPT
25.61,25.61,25.61,25.61,200,2021-09-27 19:43:00,ILPT
25.63,25.63,25.63,25.63,400,2021-09-27 19:44:00,ILPT
25.62,25.64,25.62,25.62,1215,2021-09-27 19:45:00,ILPT
25.59,25.6,25.59,25.6,300,2021-09-27 19:46:00,ILPT
25.6,25.61,25.58,25.58,900,2021-09-27 19:47:00,ILPT
25.55,25.57,25.55,25.55,900,2021-09-27 19:48:00,ILPT
25.55,25.58,25.55,25.58,400,2021-09-27 19:49:00,ILPT
25.55,25.56,25.53,25.53,1718,2021-09-27 19:50:00,ILPT
25.53,25.54,25.51,25.54,1200,2021-09-27 19:51:00,ILPT
25.52,25.53,25.51,25.525,2351,2021-09-27 19:53:00,ILPT
25.515,25.53,25.5,25.53,2700,2021-09-27 19:54:00,ILPT
25.52,25.52,25.51,25.51,900,2021-09-27 19:55:00,ILPT
25.52,25.53,25.51,25.52,3000,2021-09-27 19:56:00,ILPT
25.53,25.54,25.52,25.52,1992,2021-09-27 19:57:00,ILPT
25.53,25.54,25.52,25.52,3489,2021-09-27 19:58:00,ILPT
25.5,25.54,25.5,25.53,7369,2021-09-27 19:59:00,ILPT
25.52,25.52,25.52,25.52,40228,2021-09-27 20:00:00,ILPT
25.52,25.52,25.52,25.52,4629,2021-09-27 20:01:00,ILPT
25.5,25.5,25.5,25.5,300,2021-09-28 11:13:00,ILPT
25.52,25.52,25.47,25.47,2674,2021-09-28 13:30:00,ILPT
25.38,25.38,25.38,25.38,1530,2021-09-28 13:31:00,ILPT
25.36,25.36,25.33,25.33,200,2021-09-28 13:32:00,ILPT
25.3,25.3,25.3,25.3,281,2021-09-28 13:33:00,ILPT
25.33,25.36,25.2877,25.35,1650,2021-09-28 13:34:00,ILPT
25.37,25.42,25.36,25.42,500,2021-09-28 13:35:00,ILPT
25.42,25.42,25.42,25.42,297,2021-09-28 13:36:00,ILPT
25.4345,25.4345,25.4345,25.4345,400,2021-09-28 13:37:00,ILPT
25.47,25.47,25.47,25.47,200,2021-09-28 13:38:00,ILPT
25.44,25.52,25.44,25.52,3102,2021-09-28 13:39:00,ILPT
25.5,25.5,25.5,25.5,200,2021-09-28 13:41:00,ILPT
25.46,25.46,25.46,25.46,200,2021-09-28 13:42:00,ILPT
25.47,25.47,25.47,25.47,200,2021-09-28 13:45:00,ILPT
25.35,25.35,25.35,25.35,100,2021-09-28 13:48:00,ILPT
25.35,25.35,25.35,25.35,500,2021-09-28 13:49:00,ILPT
25.39,25.39,25.36,25.36,200,2021-09-28 13:50:00,ILPT
25.37,25.39,25.37,25.39,300,2021-09-28 13:54:00,ILPT
25.41,25.41,25.41,25.41,100,2021-09-28 13:55:00,ILPT
25.44,25.44,25.44,25.44,100,2021-09-28 13:58:00,ILPT
25.4691,25.47,25.4691,25.47,200,2021-09-28 13:59:00,ILPT
25.45,25.45,25.45,25.45,100,2021-09-28 14:01:00,ILPT
25.47,25.47,25.47,25.47,100,2021-09-28 14:02:00,ILPT
25.53,25.54,25.53,25.54,300,2021-09-28 14:03:00,ILPT
25.565,25.565,25.565,25.565,200,2021-09-28 14:05:00,ILPT
25.54,25.54,25.51,25.52,1600,2021-09-28 14:08:00,ILPT
25.52,25.52,25.49,25.49,800,2021-09-28 14:09:00,ILPT
25.49,25.49,25.49,25.49,300,2021-09-28 14:11:00,ILPT
25.46,25.46,25.46,25.46,200,2021-09-28 14:12:00,ILPT
25.49,25.49,25.49,25.49,558,2021-09-28 14:15:00,ILPT
25.45,25.485,25.43,25.485,3967,2021-09-28 14:17:00,ILPT
25.46,25.46,25.44,25.44,200,2021-09-28 14:18:00,ILPT
25.46,25.47,25.46,25.47,400,2021-09-28 14:19:00,ILPT
25.47,25.47,25.47,25.47,100,2021-09-28 14:22:00,ILPT
25.46,25.48,25.46,25.48,400,2021-09-28 14:24:00,ILPT
25.5,25.53,25.5,25.53,1385,2021-09-28 14:28:00,ILPT
25.54,25.54,25.51,25.51,1100,2021-09-28 14:30:00,ILPT
25.521,25.521,25.521,25.521,100,2021-09-28 14:31:00,ILPT
25.51,25.51,25.4794,25.4794,838,2021-09-28 14:32:00,ILPT
25.51,25.51,25.47,25.47,300,2021-09-28 14:35:00,ILPT
25.51,25.55,25.51,25.55,1510,2021-09-28 14:36:00,ILPT
25.57,25.57,25.57,25.57,100,2021-09-28 14:37:00,ILPT
25.57,25.57,25.57,25.57,300,2021-09-28 14:41:00,ILPT
25.61,25.61,25.61,25.61,100,2021-09-28 14:45:00,ILPT
25.61,25.61,25.61,25.61,300,2021-09-28 14:48:00,ILPT
25.58,25.59,25.58,25.59,200,2021-09-28 14:51:00,ILPT
25.58,25.58,25.57,25.57,200,2021-09-28 14:52:00,ILPT
25.6,25.6,25.57,25.57,381,2021-09-28 14:53:00,ILPT
25.56,25.56,25.56,25.56,100,2021-09-28 14:56:00,ILPT
25.52,25.52,25.52,25.52,100,2021-09-28 14:57:00,ILPT
25.54,25.56,25.54,25.56,1000,2021-09-28 14:59:00,ILPT
25.545,25.545,25.545,25.545,200,2021-09-28 15:02:00,ILPT
25.56,25.56,25.56,25.56,200,2021-09-28 15:03:00,ILPT
25.53,25.53,25.53,25.53,100,2021-09-28 15:04:00,ILPT
25.54,25.54,25.53,25.53,200,2021-09-28 15:05:00,ILPT
25.55,25.55,25.55,25.55,300,2021-09-28 15:06:00,ILPT
25.52,25.52,25.52,25.52,100,2021-09-28 15:08:00,ILPT
25.52,25.52,25.52,25.52,100,2021-09-28 15:11:00,ILPT
25.54,25.55,25.54,25.55,1100,2021-09-28 15:12:00,ILPT
25.5347,25.5347,25.5347,25.5347,100,2021-09-28 15:13:00,ILPT
25.54,25.54,25.53,25.53,200,2021-09-28 15:14:00,ILPT
25.52,25.52,25.52,25.52,100,2021-09-28 15:15:00,ILPT
25.52,25.52,25.52,25.52,100,2021-09-28 15:17:00,ILPT
25.53,25.57,25.53,25.57,742,2021-09-28 15:18:00,ILPT
25.58,25.59,25.58,25.59,500,2021-09-28 15:21:00,ILPT
25.6,25.6,25.6,25.6,100,2021-09-28 15:22:00,ILPT
25.57,25.57,25.57,25.57,100,2021-09-28 15:23:00,ILPT
25.59,25.6,25.59,25.595,450,2021-09-28 15:24:00,ILPT
25.6,25.61,25.6,25.61,400,2021-09-28 15:26:00,ILPT
25.61,25.61,25.61,25.61,100,2021-09-28 15:27:00,ILPT
25.6,25.6,25.6,25.6,200,2021-09-28 15:28:00,ILPT
25.56,25.59,25.56,25.59,300,2021-09-28 15:34:00,ILPT
25.53,25.53,25.53,25.53,100,2021-09-28 15:37:00,ILPT
25.52,25.52,25.52,25.52,104,2021-09-28 15:38:00,ILPT
25.5,25.54,25.5,25.54,600,2021-09-28 15:39:00,ILPT
25.54,25.5681,25.54,25.5681,300,2021-09-28 15:40:00,ILPT
25.5,25.559,25.5,25.55,1275,2021-09-28 15:44:00,ILPT
25.5599,25.5599,25.5599,25.5599,100,2021-09-28 15:46:00,ILPT
25.501,25.501,25.501,25.501,100,2021-09-28 15:50:00,ILPT
25.48,25.5098,25.48,25.5098,300,2021-09-28 15:52:00,ILPT
25.48,25.48,25.48,25.48,100,2021-09-28 15:55:00,ILPT
25.4676,25.4676,25.4676,25.4676,100,2021-09-28 15:56:00,ILPT
25.48,25.49,25.48,25.49,200,2021-09-28 15:57:00,ILPT
25.5,25.5,25.5,25.5,200,2021-09-28 15:59:00,ILPT
25.47,25.47,25.46,25.46,200,2021-09-28 16:01:00,ILPT
25.45,25.45,25.45,25.45,100,2021-09-28 16:03:00,ILPT
25.49,25.509,25.49,25.509,300,2021-09-28 16:07:00,ILPT
25.461,25.461,25.461,25.461,149,2021-09-28 16:08:00,ILPT
25.49,25.5,25.49,25.5,400,2021-09-28 16:11:00,ILPT
25.49,25.49,25.49,25.49,150,2021-09-28 16:14:00,ILPT
25.49,25.49,25.49,25.49,200,2021-09-28 16:15:00,ILPT
25.5,25.5,25.5,25.5,200,2021-09-28 16:17:00,ILPT
25.5,25.5,25.5,25.5,100,2021-09-28 16:19:00,ILPT
25.498,25.498,25.498,25.498,100,2021-09-28 16:22:00,ILPT
25.49,25.49,25.49,25.49,100,2021-09-28 16:25:00,ILPT
25.48,25.48,25.48,25.48,150,2021-09-28 16:26:00,ILPT
25.49,25.5,25.49,25.5,200,2021-09-28 16:28:00,ILPT
25.49,25.49,25.485,25.485,800,2021-09-28 16:30:00,ILPT
25.47,25.47,25.47,25.47,500,2021-09-28 16:31:00,ILPT
25.48,25.49,25.48,25.49,400,2021-09-28 16:34:00,ILPT
25.495,25.495,25.48,25.48,1025,2021-09-28 16:37:00,ILPT
25.49,25.5,25.48,25.5,1100,2021-09-28 16:40:00,ILPT
25.48,25.48,25.48,25.48,200,2021-09-28 16:42:00,ILPT
25.47,25.47,25.47,25.47,200,2021-09-28 16:44:00,ILPT
25.47,25.47,25.47,25.47,100,2021-09-28 16:45:00,ILPT
25.47,25.47,25.47,25.47,100,2021-09-28 16:46:00,ILPT
25.46,25.47,25.46,25.47,300,2021-09-28 16:50:00,ILPT
25.47,25.47,25.47,25.47,100,2021-09-28 16:51:00,ILPT
25.48,25.48,25.48,25.48,100,2021-09-28 16:52:00,ILPT
25.475,25.485,25.475,25.485,200,2021-09-28 16:54:00,ILPT
25.49,25.52,25.49,25.51,600,2021-09-28 16:56:00,ILPT
25.5,25.5099,25.4668,25.5038,586,2021-09-28 16:57:00,ILPT
25.5,25.5,25.5,25.5,100,2021-09-28 17:00:00,ILPT
25.51,25.51,25.51,25.51,400,2021-09-28 17:06:00,ILPT
25.53,25.53,25.53,25.53,100,2021-09-28 17:07:00,ILPT
25.53,25.53,25.53,25.53,100,2021-09-28 17:10:00,ILPT
25.51,25.51,25.51,25.51,776,2021-09-28 17:12:00,ILPT
25.49,25.49,25.49,25.49,100,2021-09-28 17:16:00,ILPT
25.49,25.49,25.49,25.49,100,2021-09-28 17:21:00,ILPT
25.51,25.51,25.505,25.505,800,2021-09-28 17:24:00,ILPT
25.53,25.56,25.52,25.53,1500,2021-09-28 17:25:00,ILPT
25.5559,25.5559,25.5559,25.5559,172,2021-09-28 17:26:00,ILPT
25.53,25.54,25.53,25.54,300,2021-09-28 17:30:00,ILPT
25.5,25.5,25.5,25.5,125,2021-09-28 17:33:00,ILPT
25.48,25.5,25.48,25.5,600,2021-09-28 17:39:00,ILPT
25.52,25.52,25.52,25.52,200,2021-09-28 17:41:00,ILPT
25.51,25.51,25.51,25.51,100,2021-09-28 17:42:00,ILPT
25.505,25.505,25.505,25.505,531,2021-09-28 17:45:00,ILPT
25.49,25.49,25.49,25.49,300,2021-09-28 17:49:00,ILPT
25.48,25.48,25.48,25.48,100,2021-09-28 17:50:00,ILPT
25.5,25.5,25.49,25.49,300,2021-09-28 17:59:00,ILPT
25.48,25.48,25.48,25.48,100,2021-09-28 18:05:00,ILPT
25.5,25.5,25.49,25.49,200,2021-09-28 18:06:00,ILPT
25.48,25.48,25.48,25.48,200,2021-09-28 18:07:00,ILPT
25.48,25.48,25.44,25.44,500,2021-09-28 18:10:00,ILPT
25.45,25.45,25.44,25.44,500,2021-09-28 18:13:00,ILPT
25.445,25.445,25.445,25.445,400,2021-09-28 18:14:00,ILPT
25.46,25.46,25.445,25.45,610,2021-09-28 18:16:00,ILPT
25.47,25.47,25.46,25.46,300,2021-09-28 18:18:00,ILPT
25.46,25.46,25.46,25.46,100,2021-09-28 18:19:00,ILPT
25.46,25.46,25.46,25.46,800,2021-09-28 18:22:00,ILPT
25.46,25.46,25.46,25.46,100,2021-09-28 18:24:00,ILPT
25.465,25.465,25.465,25.465,100,2021-09-28 18:27:00,ILPT
25.465,25.465,25.45,25.45,200,2021-09-28 18:30:00,ILPT
25.45,25.45,25.45,25.45,200,2021-09-28 18:32:00,ILPT
25.44,25.44,25.44,25.44,100,2021-09-28 18:33:00,ILPT
25.42,25.42,25.42,25.42,200,2021-09-28 18:35:00,ILPT
25.41,25.42,25.41,25.42,200,2021-09-28 18:36:00,ILPT
25.42,25.42,25.42,25.42,100,2021-09-28 18:37:00,ILPT
25.43,25.44,25.42,25.44,1500,2021-09-28 18:38:00,ILPT
25.44,25.44,25.44,25.44,100,2021-09-28 18:39:00,ILPT
25.43,25.43,25.43,25.43,100,2021-09-28 18:40:00,ILPT
25.435,25.435,25.435,25.435,100,2021-09-28 18:41:00,ILPT
25.423,25.423,25.423,25.423,1822,2021-09-28 18:42:00,ILPT
25.44,25.44,25.42,25.43,1000,2021-09-28 18:43:00,ILPT
25.43,25.43,25.43,25.43,100,2021-09-28 18:44:00,ILPT
25.45,25.46,25.45,25.46,200,2021-09-28 18:46:00,ILPT
25.48,25.5,25.48,25.49,1373,2021-09-28 18:47:00,ILPT
25.49,25.49,25.49,25.49,200,2021-09-28 18:48:00,ILPT
25.48,25.48,25.48,25.48,100,2021-09-28 18:51:00,ILPT
25.48,25.48,25.48,25.48,100,2021-09-28 18:52:00,ILPT
25.46,25.48,25.46,25.47,300,2021-09-28 18:53:00,ILPT
25.47,25.47,25.47,25.47,100,2021-09-28 18:54:00,ILPT
25.48,25.48,25.48,25.48,100,2021-09-28 18:55:00,ILPT
25.5,25.5,25.49,25.49,200,2021-09-28 18:56:00,ILPT
25.49,25.49,25.49,25.49,100,2021-09-28 18:59:00,ILPT
25.51,25.51,25.5,25.5,1198,2021-09-28 19:01:00,ILPT
25.49,25.49,25.49,25.49,231,2021-09-28 19:02:00,ILPT
25.49,25.49,25.49,25.49,100,2021-09-28 19:03:00,ILPT
25.48,25.49,25.47,25.475,636,2021-09-28 19:06:00,ILPT
25.49,25.505,25.48,25.505,1200,2021-09-28 19:08:00,ILPT
25.5,25.5001,25.5,25.5001,200,2021-09-28 19:09:00,ILPT
25.485,25.485,25.485,25.485,195,2021-09-28 19:12:00,ILPT
25.5,25.5,25.49,25.49,900,2021-09-28 19:13:00,ILPT
25.5,25.5,25.5,25.5,200,2021-09-28 19:15:00,ILPT
25.51,25.515,25.5,25.5033,1551,2021-09-28 19:16:00,ILPT
25.51,25.52,25.51,25.51,500,2021-09-28 19:17:00,ILPT
25.54,25.54,25.54,25.54,100,2021-09-28 19:18:00,ILPT
25.53,25.53,25.53,25.53,100,2021-09-28 19:20:00,ILPT
25.5,25.515,25.5,25.515,300,2021-09-28 19:23:00,ILPT
25.5,25.5,25.5,25.5,218,2021-09-28 19:24:00,ILPT
25.48,25.48,25.48,25.48,100,2021-09-28 19:25:00,ILPT
25.48,25.48,25.47,25.47,500,2021-09-28 19:26:00,ILPT
25.46,25.4698,25.46,25.4698,1600,2021-09-28 19:27:00,ILPT
25.46,25.48,25.46,25.48,300,2021-09-28 19:28:00,ILPT
25.45,25.45,25.45,25.45,800,2021-09-28 19:29:00,ILPT
25.44,25.44,25.44,25.44,100,2021-09-28 19:30:00,ILPT
25.45,25.45,25.44,25.44,500,2021-09-28 19:32:00,ILPT
25.455,25.47,25.45,25.45,800,2021-09-28 19:33:00,ILPT
25.45,25.45,25.44,25.45,500,2021-09-28 19:34:00,ILPT
25.45,25.45,25.45,25.45,600,2021-09-28 19:35:00,ILPT
25.46,25.46,25.46,25.46,400,2021-09-28 19:36:00,ILPT
25.45,25.45,25.45,25.45,100,2021-09-28 19:37:00,ILPT
25.47,25.49,25.47,25.47,1150,2021-09-28 19:38:00,ILPT
25.46,25.46,25.46,25.46,200,2021-09-28 19:39:00,ILPT
25.4536,25.4536,25.4536,25.4536,350,2021-09-28 19:40:00,ILPT
25.45,25.45,25.45,25.45,650,2021-09-28 19:41:00,ILPT
25.47,25.47,25.45,25.45,900,2021-09-28 19:42:00,ILPT
25.47,25.47,25.46,25.46,400,2021-09-28 19:43:00,ILPT
25.45,25.45,25.43,25.43,800,2021-09-28 19:44:00,ILPT
25.445,25.455,25.445,25.455,600,2021-09-28 19:45:00,ILPT
25.44,25.44,25.43,25.43,841,2021-09-28 19:46:00,ILPT
25.43,25.43,25.415,25.43,1600,2021-09-28 19:47:00,ILPT
25.37,25.37,25.34,25.34,2300,2021-09-28 19:50:00,ILPT
25.34,25.36,25.34,25.36,579,2021-09-28 19:51:00,ILPT
25.37,25.39,25.37,25.39,896,2021-09-28 19:52:00,ILPT
25.37,25.37,25.35,25.35,1016,2021-09-28 19:53:00,ILPT
25.36,25.37,25.34,25.34,1100,2021-09-28 19:54:00,ILPT
25.36,25.37,25.3,25.31,2989,2021-09-28 19:55:00,ILPT
25.31,25.33,25.31,25.33,1308,2021-09-28 19:56:00,ILPT
25.34,25.36,25.34,25.36,3143,2021-09-28 19:57:00,ILPT
25.36,25.36,25.34,25.34,400,2021-09-28 19:58:00,ILPT
25.34,25.38,25.34,25.37,4952,2021-09-28 19:59:00,ILPT
25.37,25.37,25.37,25.37,34412,2021-09-28 20:00:00,ILPT
25.37,25.37,25.37,25.37,254,2021-09-28 20:01:00,ILPT
25.37,25.37,25.37,25.37,619,2021-09-28 20:02:00,ILPT
25.39,25.405,25.17,25.37,7066,2021-09-29 13:30:00,ILPT
25.435,25.48,25.435,25.48,300,2021-09-29 13:31:00,ILPT
25.52,25.52,25.47,25.49,795,2021-09-29 13:35:00,ILPT
25.46,25.46,25.46,25.46,400,2021-09-29 13:37:00,ILPT
25.4,25.4,25.4,25.4,800,2021-09-29 13:40:00,ILPT
25.495,25.495,25.495,25.495,1970,2021-09-29 13:42:00,ILPT
25.44,25.44,25.44,25.44,100,2021-09-29 13:44:00,ILPT
25.46,25.46,25.45,25.45,200,2021-09-29 13:45:00,ILPT
25.51,25.51,25.51,25.51,100,2021-09-29 13:48:00,ILPT
25.46,25.46,25.46,25.46,200,2021-09-29 13:49:00,ILPT
25.54,25.54,25.54,25.54,200,2021-09-29 13:53:00,ILPT
25.5,25.5,25.5,25.5,300,2021-09-29 13:54:00,ILPT
25.5,25.5,25.5,25.5,100,2021-09-29 13:56:00,ILPT
25.52,25.52,25.52,25.52,100,2021-09-29 14:00:00,ILPT
25.52,25.55,25.52,25.55,1092,2021-09-29 14:06:00,ILPT
25.5,25.5,25.5,25.5,100,2021-09-29 14:10:00,ILPT
25.57,25.57,25.51,25.51,200,2021-09-29 14:16:00,ILPT
25.5102,25.5102,25.5102,25.5102,1000,2021-09-29 14:17:00,ILPT
25.51,25.51,25.47,25.47,703,2021-09-29 14:18:00,ILPT
25.51,25.515,25.51,25.515,200,2021-09-29 14:20:00,ILPT
25.52,25.54,25.52,25.54,200,2021-09-29 14:25:00,ILPT
25.59,25.59,25.59,25.59,100,2021-09-29 14:30:00,ILPT
25.55,25.58,25.55,25.58,200,2021-09-29 14:32:00,ILPT
25.58,25.58,25.55,25.55,561,2021-09-29 14:34:00,ILPT
25.575,25.575,25.575,25.575,100,2021-09-29 14:35:00,ILPT
25.558,25.558,25.558,25.558,120,2021-09-29 14:36:00,ILPT
25.59,25.59,25.585,25.585,426,2021-09-29 14:37:00,ILPT
25.55,25.55,25.55,25.55,200,2021-09-29 14:38:00,ILPT
25.54,25.54,25.54,25.54,100,2021-09-29 14:39:00,ILPT
25.56,25.56,25.56,25.56,100,2021-09-29 14:45:00,ILPT
25.56,25.56,25.56,25.56,100,2021-09-29 14:48:00,ILPT
25.52,25.54,25.52,25.54,200,2021-09-29 14:50:00,ILPT
25.51,25.54,25.51,25.53,400,2021-09-29 14:51:00,ILPT
25.51,25.51,25.51,25.51,306,2021-09-29 14:52:00,ILPT
25.495,25.495,25.47,25.47,900,2021-09-29 14:53:00,ILPT
25.5,25.53,25.5,25.53,800,2021-09-29 14:54:00,ILPT
25.511,25.511,25.511,25.511,100,2021-09-29 15:00:00,ILPT
25.51,25.51,25.51,25.51,100,2021-09-29 15:01:00,ILPT
25.46,25.46,25.46,25.46,100,2021-09-29 15:04:00,ILPT
25.5,25.5,25.5,25.5,100,2021-09-29 15:05:00,ILPT
25.55,25.55,25.55,25.55,100,2021-09-29 15:15:00,ILPT
25.535,25.535,25.535,25.535,100,2021-09-29 15:16:00,ILPT
25.552,25.57,25.552,25.57,1466,2021-09-29 15:20:00,ILPT
25.55,25.59,25.55,25.571,600,2021-09-29 15:22:00,ILPT
25.565,25.565,25.56,25.56,300,2021-09-29 15:24:00,ILPT
25.58,25.58,25.58,25.58,200,2021-09-29 15:25:00,ILPT
25.59,25.59,25.59,25.59,100,2021-09-29 15:26:00,ILPT
25.58,25.58,25.58,25.58,100,2021-09-29 15:29:00,ILPT
25.55,25.55,25.55,25.55,100,2021-09-29 15:31:00,ILPT
25.55,25.55,25.55,25.55,100,2021-09-29 15:34:00,ILPT
25.55,25.56,25.54,25.56,502,2021-09-29 15:35:00,ILPT
25.52,25.53,25.52,25.53,400,2021-09-29 15:42:00,ILPT
25.51,25.54,25.51,25.54,550,2021-09-29 15:57:00,ILPT
25.5317,25.55,25.5317,25.55,200,2021-09-29 16:00:00,ILPT
25.5,25.5,25.5,25.5,100,2021-09-29 16:03:00,ILPT
25.511,25.511,25.511,25.511,100,2021-09-29 16:07:00,ILPT
25.55,25.55,25.55,25.55,500,2021-09-29 16:08:00,ILPT
25.56,25.56,25.56,25.56,100,2021-09-29 16:09:00,ILPT
25.59,25.59,25.59,25.59,100,2021-09-29 16:12:00,ILPT
25.55,25.55,25.55,25.55,700,2021-09-29 16:16:00,ILPT
25.5516,25.5516,25.5516,25.5516,210,2021-09-29 16:18:00,ILPT
25.58,25.58,25.58,25.58,100,2021-09-29 16:19:00,ILPT
25.55,25.55,25.55,25.55,100,2021-09-29 16:20:00,ILPT
25.585,25.585,25.585,25.585,100,2021-09-29 16:22:00,ILPT
25.58,25.58,25.58,25.58,100,2021-09-29 16:23:00,ILPT
25.5889,25.5889,25.5889,25.5889,100,2021-09-29 16:27:00,ILPT
25.6,25.6,25.6,25.6,100,2021-09-29 16:38:00,ILPT
25.58,25.58,25.58,25.58,100,2021-09-29 16:42:00,ILPT
25.56,25.56,25.56,25.56,100,2021-09-29 16:46:00,ILPT
25.54,25.54,25.54,25.54,100,2021-09-29 16:50:00,ILPT
25.52,25.52,25.52,25.52,100,2021-09-29 16:52:00,ILPT
25.511,25.5204,25.511,25.5204,500,2021-09-29 16:53:00,ILPT
25.5403,25.5403,25.5403,25.5403,800,2021-09-29 16:54:00,ILPT
25.52,25.52,25.51,25.51,301,2021-09-29 16:55:00,ILPT
25.48,25.48,25.48,25.48,400,2021-09-29 16:56:00,ILPT
25.5,25.5,25.5,25.5,100,2021-09-29 17:01:00,ILPT
25.52,25.52,25.49,25.52,1112,2021-09-29 17:05:00,ILPT
25.53,25.54,25.53,25.54,200,2021-09-29 17:06:00,ILPT
25.54,25.54,25.54,25.54,100,2021-09-29 17:07:00,ILPT
25.5395,25.5395,25.5395,25.5395,306,2021-09-29 17:08:00,ILPT
25.54,25.54,25.54,25.54,100,2021-09-29 17:09:00,ILPT
25.54,25.54,25.54,25.54,100,2021-09-29 17:12:00,ILPT
25.56,25.56,25.56,25.56,200,2021-09-29 17:17:00,ILPT
25.595,25.595,25.595,25.595,100,2021-09-29 17:18:00,ILPT
25.59,25.59,25.59,25.59,100,2021-09-29 17:27:00,ILPT
25.59,25.59,25.59,25.59,100,2021-09-29 17:28:00,ILPT
25.61,25.61,25.6033,25.6033,200,2021-09-29 17:29:00,ILPT
25.61,25.61,25.6,25.6,1487,2021-09-29 17:31:00,ILPT
25.59,25.59,25.56,25.56,701,2021-09-29 17:36:00,ILPT
25.541,25.541,25.541,25.541,100,2021-09-29 17:38:00,ILPT
25.56,25.57,25.53,25.55,1878,2021-09-29 17:41:00,ILPT
25.54,25.54,25.535,25.54,727,2021-09-29 17:42:00,ILPT
25.54,25.56,25.535,25.56,1200,2021-09-29 17:43:00,ILPT
25.55,25.55,25.55,25.55,100,2021-09-29 17:44:00,ILPT
25.58,25.58,25.58,25.58,100,2021-09-29 17:50:00,ILPT
25.55,25.565,25.55,25.565,820,2021-09-29 17:53:00,ILPT
25.5564,25.58,25.5564,25.58,400,2021-09-29 17:55:00,ILPT
25.575,25.575,25.575,25.575,100,2021-09-29 17:56:00,ILPT
25.56,25.56,25.56,25.56,302,2021-09-29 17:57:00,ILPT
25.58,25.58,25.58,25.58,100,2021-09-29 17:58:00,ILPT
25.59,25.59,25.59,25.59,100,2021-09-29 17:59:00,ILPT
25.582,25.6,25.58,25.5802,3867,2021-09-29 18:02:00,ILPT
25.59,25.62,25.59,25.605,600,2021-09-29 18:12:00,ILPT
25.6299,25.64,25.62,25.64,8100,2021-09-29 18:13:00,ILPT
25.65,25.65,25.65,25.65,100,2021-09-29 18:15:00,ILPT
25.6584,25.6584,25.6584,25.6584,187,2021-09-29 18:17:00,ILPT
25.66,25.66,25.66,25.66,197,2021-09-29 18:18:00,ILPT
25.68,25.68,25.68,25.68,400,2021-09-29 18:22:00,ILPT
25.695,25.695,25.69,25.69,200,2021-09-29 18:23:00,ILPT
25.71,25.71,25.71,25.71,100,2021-09-29 18:24:00,ILPT
25.7,25.72,25.7,25.72,700,2021-09-29 18:28:00,ILPT
25.71,25.72,25.68,25.72,1622,2021-09-29 18:30:00,ILPT
25.72,25.72,25.72,25.72,200,2021-09-29 18:33:00,ILPT
25.73,25.73,25.73,25.73,100,2021-09-29 18:36:00,ILPT
25.74,25.74,25.74,25.74,100,2021-09-29 18:37:00,ILPT
25.72,25.72,25.72,25.72,100,2021-09-29 18:38:00,ILPT
25.73,25.73,25.73,25.73,100,2021-09-29 18:39:00,ILPT
25.73,25.73,25.73,25.73,100,2021-09-29 18:41:00,ILPT
25.75,25.75,25.75,25.75,200,2021-09-29 18:42:00,ILPT
25.76,25.76,25.76,25.76,300,2021-09-29 18:44:00,ILPT
25.77,25.79,25.77,25.77,500,2021-09-29 18:45:00,ILPT
25.76,25.76,25.73,25.73,593,2021-09-29 18:46:00,ILPT
25.7,25.72,25.7,25.72,300,2021-09-29 18:48:00,ILPT
25.69,25.69,25.69,25.69,102,2021-09-29 18:54:00,ILPT
25.65,25.65,25.65,25.65,100,2021-09-29 18:55:00,ILPT
25.66,25.69,25.66,25.69,300,2021-09-29 18:58:00,ILPT
25.685,25.685,25.685,25.685,100,2021-09-29 19:01:00,ILPT
25.67,25.67,25.67,25.67,200,2021-09-29 19:02:00,ILPT
25.65,25.65,25.65,25.65,500,2021-09-29 19:03:00,ILPT
25.6,25.6,25.6,25.6,2100,2021-09-29 19:04:00,ILPT
25.622,25.65,25.622,25.65,600,2021-09-29 19:06:00,ILPT
25.6553,25.6553,25.635,25.635,200,2021-09-29 19:07:00,ILPT
25.63,25.63,25.63,25.63,100,2021-09-29 19:08:00,ILPT
25.63,25.63,25.63,25.63,536,2021-09-29 19:10:00,ILPT
25.65,25.65,25.635,25.635,300,2021-09-29 19:12:00,ILPT
25.65,25.66,25.64,25.66,1300,2021-09-29 19:14:00,ILPT
25.675,25.675,25.675,25.675,200,2021-09-29 19:16:00,ILPT
25.68,25.68,25.68,25.68,200,2021-09-29 19:17:00,ILPT
25.7045,25.705,25.7045,25.705,400,2021-09-29 19:18:00,ILPT
25.7,25.7,25.7,25.7,100,2021-09-29 19:19:00,ILPT
25.69,25.69,25.68,25.69,701,2021-09-29 19:20:00,ILPT
25.66,25.66,25.66,25.66,100,2021-09-29 19:22:00,ILPT
25.68,25.685,25.68,25.685,200,2021-09-29 19:25:00,ILPT
25.68,25.69,25.68,25.69,1282,2021-09-29 19:29:00,ILPT
25.69,25.69,25.68,25.68,700,2021-09-29 19:30:00,ILPT
25.7,25.7,25.7,25.7,200,2021-09-29 19:31:00,ILPT
25.7,25.72,25.7,25.72,200,2021-09-29 19:32:00,ILPT
25.69,25.69,25.69,25.69,300,2021-09-29 19:33:00,ILPT
25.68,25.685,25.68,25.685,279,2021-09-29 19:34:00,ILPT
25.69,25.69,25.685,25.69,1100,2021-09-29 19:35:00,ILPT
25.685,25.69,25.685,25.69,200,2021-09-29 19:36:00,ILPT
25.685,25.7,25.685,25.695,600,2021-09-29 19:37:00,ILPT
25.695,25.695,25.6802,25.6802,700,2021-09-29 19:38:00,ILPT
25.69,25.7,25.67,25.7,2865,2021-09-29 19:39:00,ILPT
25.7,25.7,25.69,25.69,300,2021-09-29 19:40:00,ILPT
25.69,25.69,25.69,25.69,401,2021-09-29 19:41:00,ILPT
25.68,25.68,25.665,25.68,3600,2021-09-29 19:42:00,ILPT
25.665,25.68,25.65,25.65,1320,2021-09-29 19:43:00,ILPT
25.65,25.66,25.65,25.66,200,2021-09-29 19:46:00,ILPT
25.66,25.66,25.66,25.66,100,2021-09-29 19:47:00,ILPT
25.66,25.66,25.66,25.66,317,2021-09-29 19:48:00,ILPT
25.66,25.66,25.66,25.66,100,2021-09-29 19:49:00,ILPT
25.65,25.655,25.65,25.655,300,2021-09-29 19:50:00,ILPT
25.65,25.67,25.65,25.67,200,2021-09-29 19:51:00,ILPT
25.65,25.65,25.6427,25.6427,506,2021-09-29 19:52:00,ILPT
25.63,25.63,25.63,25.63,200,2021-09-29 19:53:00,ILPT
25.62,25.63,25.56,25.56,6600,2021-09-29 19:54:00,ILPT
25.56,25.57,25.54,25.55,2521,2021-09-29 19:55:00,ILPT
25.53,25.56,25.53,25.55,2141,2021-09-29 19:56:00,ILPT
25.56,25.56,25.54,25.54,3743,2021-09-29 19:57:00,ILPT
25.54,25.59,25.54,25.55,7908,2021-09-29 19:58:00,ILPT
25.56,25.59,25.55,25.58,11124,2021-09-29 19:59:00,ILPT
25.58,25.58,25.58,25.58,40208,2021-09-29 20:00:00,ILPT
25.58,25.58,25.58,25.58,439,2021-09-29 20:01:00,ILPT
25.58,25.58,25.58,25.58,25632,2021-09-29 20:02:00,ILPT
25.62,25.95,25.62,25.95,4220,2021-09-30 13:30:00,ILPT
25.72,25.72,25.72,25.72,200,2021-09-30 13:34:00,ILPT
25.64,25.65,25.64,25.65,500,2021-09-30 13:36:00,ILPT
25.62,25.62,25.62,25.62,200,2021-09-30 13:39:00,ILPT
25.74,25.74,25.72,25.72,600,2021-09-30 13:41:00,ILPT
25.785,25.785,25.67,25.67,1200,2021-09-30 13:44:00,ILPT
25.65,25.65,25.65,25.65,260,2021-09-30 13:48:00,ILPT
25.715,25.715,25.715,25.715,100,2021-09-30 13:49:00,ILPT
25.71,25.72,25.71,25.72,200,2021-09-30 13:50:00,ILPT
25.73,25.73,25.73,25.73,100,2021-09-30 13:51:00,ILPT
25.8,25.8,25.8,25.8,100,2021-09-30 13:53:00,ILPT
25.81,25.81,25.81,25.81,125,2021-09-30 13:54:00,ILPT
25.85,25.85,25.85,25.85,300,2021-09-30 13:56:00,ILPT
25.8,25.81,25.8,25.8,737,2021-09-30 13:57:00,ILPT
25.795,25.795,25.77,25.77,900,2021-09-30 14:00:00,ILPT
25.76,25.76,25.73,25.73,400,2021-09-30 14:05:00,ILPT
25.7,25.7,25.66,25.66,2100,2021-09-30 14:07:00,ILPT
25.68,25.72,25.68,25.72,214,2021-09-30 14:11:00,ILPT
25.67,25.67,25.67,25.67,111,2021-09-30 14:12:00,ILPT
25.65,25.65,25.65,25.65,100,2021-09-30 14:14:00,ILPT
25.6319,25.66,25.6319,25.66,295,2021-09-30 14:17:00,ILPT
25.67,25.67,25.64,25.64,300,2021-09-30 14:18:00,ILPT
25.68,25.68,25.67,25.67,1060,2021-09-30 14:22:00,ILPT
25.7683,25.77,25.7683,25.77,585,2021-09-30 14:26:00,ILPT
25.76,25.76,25.76,25.76,100,2021-09-30 14:31:00,ILPT
25.75,25.77,25.74,25.76,1200,2021-09-30 14:35:00,ILPT
25.755,25.755,25.755,25.755,200,2021-09-30 14:38:00,ILPT
25.74,25.755,25.74,25.74,500,2021-09-30 14:40:00,ILPT
25.74,25.75,25.74,25.75,200,2021-09-30 14:43:00,ILPT
25.75,25.75,25.75,25.75,100,2021-09-30 14:44:00,ILPT
25.71,25.72,25.71,25.72,200,2021-09-30 14:50:00,ILPT
25.72,25.72,25.72,25.72,100,2021-09-30 14:53:00,ILPT
25.705,25.705,25.69,25.69,300,2021-09-30 14:57:00,ILPT
25.72,25.72,25.72,25.72,100,2021-09-30 14:59:00,ILPT
25.65,25.67,25.65,25.67,300,2021-09-30 15:02:00,ILPT
25.69,25.69,25.69,25.69,100,2021-09-30 15:08:00,ILPT
25.66,25.67,25.66,25.67,500,2021-09-30 15:14:00,ILPT
25.69,25.7137,25.69,25.7137,300,2021-09-30 15:15:00,ILPT
25.685,25.685,25.685,25.685,100,2021-09-30 15:18:00,ILPT
25.67,25.67,25.67,25.67,703,2021-09-30 15:20:00,ILPT
25.69,25.69,25.69,25.69,100,2021-09-30 15:21:00,ILPT
25.665,25.665,25.665,25.665,100,2021-09-30 15:24:00,ILPT
25.655,25.655,25.655,25.655,111,2021-09-30 15:27:00,ILPT
25.67,25.67,25.67,25.67,100,2021-09-30 15:29:00,ILPT
25.67,25.67,25.67,25.67,300,2021-09-30 15:33:00,ILPT
25.64,25.64,25.64,25.64,150,2021-09-30 15:36:00,ILPT
25.635,25.635,25.635,25.635,209,2021-09-30 15:42:00,ILPT
25.6,25.6,25.6,25.6,500,2021-09-30 15:46:00,ILPT
25.61,25.61,25.61,25.61,100,2021-09-30 15:47:00,ILPT
25.61,25.62,25.61,25.62,500,2021-09-30 15:53:00,ILPT
25.59,25.63,25.59,25.63,686,2021-09-30 15:56:00,ILPT
25.63,25.63,25.63,25.63,100,2021-09-30 15:57:00,ILPT
25.625,25.64,25.625,25.64,800,2021-09-30 16:01:00,ILPT
25.625,25.625,25.61,25.61,200,2021-09-30 16:03:00,ILPT
25.6,25.6,25.6,25.6,100,2021-09-30 16:04:00,ILPT
25.57,25.57,25.57,25.57,400,2021-09-30 16:05:00,ILPT
25.53,25.53,25.52,25.52,300,2021-09-30 16:08:00,ILPT
25.52,25.52,25.51,25.51,200,2021-09-30 16:09:00,ILPT
25.5,25.5,25.5,25.5,100,2021-09-30 16:10:00,ILPT
25.47,25.47,25.46,25.46,200,2021-09-30 16:16:00,ILPT
25.47,25.47,25.47,25.47,200,2021-09-30 16:17:00,ILPT
25.46,25.46,25.46,25.46,100,2021-09-30 16:19:00,ILPT
25.46,25.46,25.44,25.44,200,2021-09-30 16:20:00,ILPT
25.44,25.44,25.44,25.44,100,2021-09-30 16:21:00,ILPT
25.46,25.48,25.46,25.48,2009,2021-09-30 16:22:00,ILPT
25.52,25.52,25.52,25.52,100,2021-09-30 16:28:00,ILPT
25.52,25.52,25.52,25.52,100,2021-09-30 16:29:00,ILPT
25.5,25.5,25.5,25.5,100,2021-09-30 16:30:00,ILPT
25.5,25.5,25.48,25.48,300,2021-09-30 16:32:00,ILPT
25.49,25.49,25.49,25.49,100,2021-09-30 16:33:00,ILPT
25.51,25.51,25.5,25.5,200,2021-09-30 16:34:00,ILPT
25.53,25.57,25.4826,25.57,1949,2021-09-30 16:35:00,ILPT
25.57,25.57,25.57,25.57,100,2021-09-30 16:40:00,ILPT
25.55,25.55,25.55,25.55,100,2021-09-30 16:43:00,ILPT
25.57,25.58,25.57,25.58,200,2021-09-30 16:44:00,ILPT
25.55,25.59,25.55,25.59,600,2021-09-30 16:45:00,ILPT
25.57,25.63,25.57,25.63,738,2021-09-30 16:48:00,ILPT
25.61,25.61,25.61,25.61,100,2021-09-30 16:53:00,ILPT
25.57,25.57,25.57,25.57,100,2021-09-30 16:54:00,ILPT
25.57,25.57,25.57,25.57,503,2021-09-30 16:57:00,ILPT
25.56,25.56,25.56,25.56,300,2021-09-30 16:58:00,ILPT
25.58,25.591,25.57,25.5775,1300,2021-09-30 16:59:00,ILPT
25.585,25.585,25.585,25.585,199,2021-09-30 17:00:00,ILPT
25.6,25.6,25.6,25.6,200,2021-09-30 17:02:00,ILPT
25.6,25.62,25.6,25.61,300,2021-09-30 17:03:00,ILPT
25.5915,25.5915,25.5915,25.5915,1400,2021-09-30 17:04:00,ILPT
25.65,25.65,25.65,25.65,100,2021-09-30 17:10:00,ILPT
25.64,25.64,25.64,25.64,100,2021-09-30 17:11:00,ILPT
25.63,25.63,25.63,25.63,130,2021-09-30 17:12:00,ILPT
25.6499,25.6499,25.6499,25.6499,300,2021-09-30 17:13:00,ILPT
25.63,25.63,25.63,25.63,200,2021-09-30 17:14:00,ILPT
25.64,25.64,25.64,25.64,100,2021-09-30 17:18:00,ILPT
25.61,25.61,25.61,25.61,200,2021-09-30 17:22:00,ILPT
25.64,25.64,25.64,25.64,100,2021-09-30 17:24:00,ILPT
25.59,25.6,25.58,25.6,800,2021-09-30 17:27:00,ILPT
25.59,25.59,25.59,25.59,100,2021-09-30 17:29:00,ILPT
25.585,25.585,25.57,25.57,450,2021-09-30 17:30:00,ILPT
25.585,25.585,25.585,25.585,100,2021-09-30 17:31:00,ILPT
25.5999,25.5999,25.5999,25.5999,100,2021-09-30 17:34:00,ILPT
25.56,25.56,25.55,25.55,400,2021-09-30 17:41:00,ILPT
25.58,25.58,25.58,25.58,100,2021-09-30 17:42:00,ILPT
25.58,25.58,25.58,25.58,500,2021-09-30 17:44:00,ILPT
25.59,25.61,25.59,25.61,700,2021-09-30 17:45:00,ILPT
25.63,25.63,25.63,25.63,100,2021-09-30 17:50:00,ILPT
25.65,25.65,25.65,25.65,100,2021-09-30 17:51:00,ILPT
25.63,25.63,25.63,25.63,200,2021-09-30 17:52:00,ILPT
25.64,25.64,25.64,25.64,100,2021-09-30 17:55:00,ILPT
25.62,25.62,25.62,25.62,100,2021-09-30 17:58:00,ILPT
25.64,25.64,25.64,25.64,100,2021-09-30 17:59:00,ILPT
25.67,25.71,25.6517,25.71,900,2021-09-30 18:02:00,ILPT
25.68,25.68,25.68,25.68,120,2021-09-30 18:07:00,ILPT
25.679,25.679,25.67,25.67,400,2021-09-30 18:09:00,ILPT
25.67,25.67,25.67,25.67,100,2021-09-30 18:13:00,ILPT
25.67,25.67,25.67,25.67,100,2021-09-30 18:14:00,ILPT
25.66,25.66,25.66,25.66,100,2021-09-30 18:17:00,ILPT
25.62,25.62,25.62,25.62,132,2021-09-30 18:19:00,ILPT
25.64,25.64,25.64,25.64,100,2021-09-30 18:21:00,ILPT
25.64,25.64,25.64,25.64,100,2021-09-30 18:22:00,ILPT
25.64,25.64,25.64,25.64,100,2021-09-30 18:25:00,ILPT
25.62,25.62,25.62,25.62,100,2021-09-30 18:26:00,ILPT
25.64,25.65,25.64,25.65,300,2021-09-30 18:29:00,ILPT
25.63,25.645,25.63,25.64,700,2021-09-30 18:30:00,ILPT
25.62,25.64,25.62,25.62,400,2021-09-30 18:34:00,ILPT
25.63,25.63,25.63,25.63,100,2021-09-30 18:35:00,ILPT
25.62,25.62,25.62,25.62,167,2021-09-30 18:36:00,ILPT
25.625,25.625,25.625,25.625,195,2021-09-30 18:37:00,ILPT
25.63,25.65,25.63,25.64,646,2021-09-30 18:44:00,ILPT
25.64,25.64,25.64,25.64,100,2021-09-30 18:45:00,ILPT
25.6495,25.6495,25.6495,25.6495,158,2021-09-30 18:48:00,ILPT
25.66,25.66,25.66,25.66,100,2021-09-30 18:50:00,ILPT
25.67,25.67,25.67,25.67,100,2021-09-30 18:52:00,ILPT
25.66,25.665,25.66,25.665,400,2021-09-30 18:56:00,ILPT
25.64,25.64,25.64,25.64,400,2021-09-30 18:58:00,ILPT
25.63,25.645,25.63,25.645,300,2021-09-30 18:59:00,ILPT
25.65,25.65,25.65,25.65,100,2021-09-30 19:00:00,ILPT
25.63,25.63,25.63,25.63,200,2021-09-30 19:03:00,ILPT
25.62,25.62,25.62,25.62,500,2021-09-30 19:05:00,ILPT
25.62,25.63,25.62,25.63,200,2021-09-30 19:07:00,ILPT
25.625,25.625,25.625,25.625,506,2021-09-30 19:08:00,ILPT
25.625,25.625,25.625,25.625,100,2021-09-30 19:09:00,ILPT
25.64,25.64,25.64,25.64,100,2021-09-30 19:10:00,ILPT
25.66,25.66,25.66,25.66,615,2021-09-30 19:13:00,ILPT
25.66,25.69,25.645,25.69,400,2021-09-30 19:15:00,ILPT
25.66,25.67,25.66,25.67,200,2021-09-30 19:17:00,ILPT
25.65,25.65,25.65,25.65,372,2021-09-30 19:19:00,ILPT
25.62,25.63,25.62,25.63,200,2021-09-30 19:20:00,ILPT
25.62,25.62,25.62,25.62,100,2021-09-30 19:22:00,ILPT
25.61,25.61,25.61,25.61,100,2021-09-30 19:29:00,ILPT
25.59,25.59,25.59,25.59,300,2021-09-30 19:30:00,ILPT
25.61,25.64,25.61,25.64,200,2021-09-30 19:31:00,ILPT
25.615,25.62,25.615,25.62,200,2021-09-30 19:32:00,ILPT
25.62,25.63,25.62,25.63,300,2021-09-30 19:33:00,ILPT
25.65,25.65,25.65,25.65,200,2021-09-30 19:36:00,ILPT
25.63,25.63,25.62,25.62,400,2021-09-30 19:37:00,ILPT
25.63,25.63,25.615,25.615,490,2021-09-30 19:40:00,ILPT
25.6,25.6,25.59,25.59,200,2021-09-30 19:42:00,ILPT
25.61,25.61,25.59,25.59,200,2021-09-30 19:43:00,ILPT
25.59,25.59,25.575,25.575,2898,2021-09-30 19:44:00,ILPT
25.56,25.56,25.535,25.535,1439,2021-09-30 19:45:00,ILPT
25.54,25.55,25.54,25.55,400,2021-09-30 19:47:00,ILPT
25.565,25.565,25.54,25.54,2876,2021-09-30 19:48:00,ILPT
25.55,25.55,25.54,25.54,300,2021-09-30 19:49:00,ILPT
25.53,25.53,25.46,25.46,4779,2021-09-30 19:50:00,ILPT
25.47,25.47,25.46,25.46,977,2021-09-30 19:51:00,ILPT
25.45,25.45,25.45,25.45,334,2021-09-30 19:52:00,ILPT
25.44,25.45,25.42,25.45,3607,2021-09-30 19:53:00,ILPT
25.44,25.44,25.42,25.42,3479,2021-09-30 19:54:00,ILPT
25.44,25.44,25.41,25.41,300,2021-09-30 19:55:00,ILPT
25.43,25.44,25.43,25.4398,1416,2021-09-30 19:56:00,ILPT
25.45,25.47,25.43,25.46,3805,2021-09-30 19:57:00,ILPT
25.46,25.46,25.43,25.44,7271,2021-09-30 19:58:00,ILPT
25.425,25.43,25.41,25.42,2829,2021-09-30 19:59:00,ILPT
25.41,25.41,25.41,25.41,50191,2021-09-30 20:00:00,ILPT
25.41,25.41,25.41,25.41,4504,2021-09-30 20:01:00,ILPT
25.41,25.41,25.41,25.41,4433,2021-09-30 20:02:00,ILPT
25.41,25.41,25.41,25.41,232,2021-09-30 20:04:00,ILPT
25.53,25.581,25.53,25.581,1539,2021-10-01 13:30:00,ILPT
25.53,25.5908,25.5,25.5908,976,2021-10-01 13:32:00,ILPT
25.5,25.51,25.5,25.5,1500,2021-10-01 13:36:00,ILPT
25.56,25.56,25.56,25.56,325,2021-10-01 13:37:00,ILPT
25.505,25.505,25.505,25.505,175,2021-10-01 13:39:00,ILPT
25.51,25.51,25.51,25.51,200,2021-10-01 13:48:00,ILPT
25.5,25.5,25.5,25.5,250,2021-10-01 13:50:00,ILPT
25.38,25.38,25.38,25.38,100,2021-10-01 13:55:00,ILPT
25.4,25.4,25.39,25.39,300,2021-10-01 13:56:00,ILPT
25.415,25.415,25.415,25.415,150,2021-10-01 13:59:00,ILPT
25.44,25.44,25.44,25.44,100,2021-10-01 14:00:00,ILPT
25.44,25.44,25.43,25.44,600,2021-10-01 14:04:00,ILPT
25.44,25.44,25.44,25.44,100,2021-10-01 14:06:00,ILPT
25.5,25.5,25.5,25.5,200,2021-10-01 14:07:00,ILPT
25.55,25.55,25.55,25.55,100,2021-10-01 14:08:00,ILPT
25.56,25.56,25.55,25.55,900,2021-10-01 14:11:00,ILPT
25.53,25.56,25.51,25.56,300,2021-10-01 14:13:00,ILPT
25.55,25.55,25.54,25.54,400,2021-10-01 14:15:00,ILPT
25.53,25.53,25.53,25.53,296,2021-10-01 14:16:00,ILPT
25.5637,25.5637,25.5637,25.5637,271,2021-10-01 14:18:00,ILPT
25.53,25.53,25.52,25.52,200,2021-10-01 14:21:00,ILPT
25.5,25.5,25.5,25.5,100,2021-10-01 14:22:00,ILPT
25.51,25.51,25.51,25.51,200,2021-10-01 14:23:00,ILPT
25.51,25.51,25.51,25.51,200,2021-10-01 14:24:00,ILPT
25.58,25.58,25.57,25.58,904,2021-10-01 14:27:00,ILPT
25.55,25.55,25.55,25.55,100,2021-10-01 14:28:00,ILPT
25.53,25.53,25.53,25.53,100,2021-10-01 14:29:00,ILPT
25.55,25.55,25.549,25.549,552,2021-10-01 14:30:00,ILPT
25.55,25.55,25.55,25.55,100,2021-10-01 14:31:00,ILPT
25.56,25.56,25.54,25.54,200,2021-10-01 14:32:00,ILPT
25.55,25.55,25.55,25.55,100,2021-10-01 14:33:00,ILPT
25.55,25.55,25.55,25.55,101,2021-10-01 14:34:00,ILPT
25.59,25.6,25.58,25.585,1050,2021-10-01 14:35:00,ILPT
25.585,25.585,25.57,25.585,502,2021-10-01 14:36:00,ILPT
25.59,25.59,25.575,25.575,537,2021-10-01 14:37:00,ILPT
25.57,25.57,25.57,25.57,100,2021-10-01 14:38:00,ILPT
25.58,25.58,25.55,25.55,1362,2021-10-01 14:39:00,ILPT
25.535,25.535,25.515,25.515,2700,2021-10-01 14:48:00,ILPT
25.535,25.59,25.535,25.59,1700,2021-10-01 14:50:00,ILPT
25.59,25.61,25.59,25.61,200,2021-10-01 14:51:00,ILPT
25.585,25.585,25.585,25.585,100,2021-10-01 14:52:00,ILPT
25.6,25.6,25.6,25.6,100,2021-10-01 14:53:00,ILPT
25.61,25.69,25.61,25.69,2115,2021-10-01 14:54:00,ILPT
25.68,25.685,25.68,25.685,300,2021-10-01 14:55:00,ILPT
25.67,25.67,25.67,25.67,100,2021-10-01 14:56:00,ILPT
25.71,25.71,25.71,25.71,200,2021-10-01 14:57:00,ILPT
25.71,25.72,25.69,25.69,1947,2021-10-01 14:59:00,ILPT
25.66,25.66,25.66,25.66,100,2021-10-01 15:00:00,ILPT
25.69,25.71,25.69,25.705,900,2021-10-01 15:01:00,ILPT
25.71,25.71,25.71,25.71,100,2021-10-01 15:02:00,ILPT
25.6731,25.6731,25.6731,25.6731,438,2021-10-01 15:05:00,ILPT
25.66,25.66,25.66,25.66,100,2021-10-01 15:06:00,ILPT
25.69,25.69,25.675,25.68,795,2021-10-01 15:07:00,ILPT
25.68,25.68,25.68,25.68,200,2021-10-01 15:08:00,ILPT
25.685,25.685,25.685,25.685,100,2021-10-01 15:09:00,ILPT
25.71,25.71,25.71,25.71,100,2021-10-01 15:10:00,ILPT
25.6826,25.705,25.67,25.705,1300,2021-10-01 15:11:00,ILPT
25.71,25.71,25.7,25.71,400,2021-10-01 15:12:00,ILPT
25.74,25.77,25.74,25.77,1600,2021-10-01 15:13:00,ILPT
25.75,25.78,25.75,25.78,400,2021-10-01 15:14:00,ILPT
25.78,25.78,25.78,25.78,100,2021-10-01 15:15:00,ILPT
25.78,25.8,25.78,25.8,300,2021-10-01 15:16:00,ILPT
25.77,25.77,25.76,25.76,809,2021-10-01 15:17:00,ILPT
25.75,25.77,25.74,25.75,694,2021-10-01 15:18:00,ILPT
25.77,25.77,25.77,25.77,100,2021-10-01 15:20:00,ILPT
25.76,25.76,25.74,25.74,700,2021-10-01 15:21:00,ILPT
25.752,25.752,25.752,25.752,110,2021-10-01 15:22:00,ILPT
25.765,25.765,25.75,25.75,300,2021-10-01 15:23:00,ILPT
25.78,25.78,25.77,25.77,200,2021-10-01 15:24:00,ILPT
25.775,25.79,25.775,25.79,951,2021-10-01 15:26:00,ILPT
25.77,25.785,25.76,25.76,1607,2021-10-01 15:27:00,ILPT
25.74,25.74,25.74,25.74,100,2021-10-01 15:28:00,ILPT
25.75,25.76,25.74,25.74,300,2021-10-01 15:30:00,ILPT
25.78,25.78,25.78,25.78,100,2021-10-01 15:31:00,ILPT
25.8,25.836,25.8,25.836,400,2021-10-01 15:32:00,ILPT
25.8,25.8,25.8,25.8,200,2021-10-01 15:34:00,ILPT
25.81,25.81,25.8,25.8,200,2021-10-01 15:36:00,ILPT
25.82,25.82,25.805,25.805,200,2021-10-01 15:38:00,ILPT
25.79,25.79,25.79,25.79,100,2021-10-01 15:39:00,ILPT
25.82,25.83,25.82,25.83,300,2021-10-01 15:40:00,ILPT
25.84,25.84,25.83,25.83,226,2021-10-01 15:41:00,ILPT
25.83,25.85,25.83,25.85,200,2021-10-01 15:42:00,ILPT
25.9,25.9,25.88,25.88,200,2021-10-01 15:45:00,ILPT
25.93,25.93,25.93,25.93,100,2021-10-01 15:47:00,ILPT
25.9,25.9,25.885,25.9,1404,2021-10-01 15:48:00,ILPT
25.9,25.9,25.9,25.9,100,2021-10-01 15:49:00,ILPT
25.91,25.91,25.91,25.91,100,2021-10-01 15:51:00,ILPT
25.92,25.92,25.92,25.92,200,2021-10-01 15:52:00,ILPT
25.92,25.92,25.905,25.905,500,2021-10-01 15:53:00,ILPT
25.91,25.91,25.91,25.91,100,2021-10-01 15:54:00,ILPT
25.9,25.9,25.87,25.87,818,2021-10-01 15:55:00,ILPT
25.86,25.86,25.86,25.86,100,2021-10-01 15:57:00,ILPT
25.8903,25.8903,25.8903,25.8903,242,2021-10-01 16:00:00,ILPT
25.89,25.91,25.86,25.86,749,2021-10-01 16:04:00,ILPT
25.86,25.86,25.86,25.86,100,2021-10-01 16:05:00,ILPT
25.875,25.88,25.875,25.88,300,2021-10-01 16:06:00,ILPT
25.87,25.87,25.87,25.87,100,2021-10-01 16:07:00,ILPT
25.87,25.87,25.87,25.87,100,2021-10-01 16:08:00,ILPT
25.9,25.9,25.9,25.9,100,2021-10-01 16:10:00,ILPT
25.875,25.875,25.875,25.875,100,2021-10-01 16:11:00,ILPT
25.885,25.89,25.875,25.885,1600,2021-10-01 16:13:00,ILPT
25.895,25.895,25.885,25.885,1097,2021-10-01 16:14:00,ILPT
25.88,25.885,25.87,25.87,806,2021-10-01 16:15:00,ILPT
25.86,25.86,25.86,25.86,100,2021-10-01 16:17:00,ILPT
25.84,25.84,25.84,25.84,100,2021-10-01 16:21:00,ILPT
25.86,25.88,25.86,25.88,200,2021-10-01 16:22:00,ILPT
25.88,25.88,25.865,25.865,300,2021-10-01 16:23:00,ILPT
25.87,25.87,25.87,25.87,700,2021-10-01 16:25:00,ILPT
25.885,25.91,25.885,25.91,1227,2021-10-01 16:26:00,ILPT
25.9188,25.9188,25.88,25.88,300,2021-10-01 16:27:00,ILPT
25.91,25.91,25.91,25.91,200,2021-10-01 16:28:00,ILPT
25.895,25.91,25.895,25.91,300,2021-10-01 16:29:00,ILPT
25.89,25.89,25.89,25.89,100,2021-10-01 16:30:00,ILPT
25.88,25.88,25.86,25.86,914,2021-10-01 16:31:00,ILPT
25.86,25.86,25.85,25.85,309,2021-10-01 16:32:00,ILPT
25.855,25.855,25.855,25.855,100,2021-10-01 16:34:00,ILPT
25.855,25.855,25.855,25.855,100,2021-10-01 16:35:00,ILPT
25.87,25.87,25.855,25.8575,600,2021-10-01 16:40:00,ILPT
25.86,25.86,25.86,25.86,100,2021-10-01 16:41:00,ILPT
25.865,25.865,25.865,25.865,300,2021-10-01 16:42:00,ILPT
25.88,25.88,25.87,25.87,200,2021-10-01 16:43:00,ILPT
25.89,25.89,25.89,25.89,100,2021-10-01 16:46:00,ILPT
25.9,25.9,25.9,25.9,100,2021-10-01 16:48:00,ILPT
25.895,25.895,25.895,25.895,100,2021-10-01 16:49:00,ILPT
25.92,25.92,25.92,25.92,200,2021-10-01 16:51:00,ILPT
25.899,25.899,25.899,25.899,200,2021-10-01 16:52:00,ILPT
25.9197,25.92,25.905,25.92,1300,2021-10-01 16:54:00,ILPT
25.92,25.93,25.92,25.93,300,2021-10-01 16:55:00,ILPT
25.915,25.93,25.915,25.93,300,2021-10-01 16:56:00,ILPT
25.93,25.93,25.93,25.93,100,2021-10-01 16:58:00,ILPT
25.93,25.93,25.93,25.93,100,2021-10-01 16:59:00,ILPT
25.91,25.91,25.91,25.91,887,2021-10-01 17:00:00,ILPT
25.885,25.885,25.885,25.885,100,2021-10-01 17:02:00,ILPT
25.91,25.91,25.91,25.91,698,2021-10-01 17:03:00,ILPT
25.91,25.91,25.91,25.91,100,2021-10-01 17:04:00,ILPT
25.93,25.93,25.9,25.9,200,2021-10-01 17:12:00,ILPT
25.9,25.91,25.9,25.91,300,2021-10-01 17:14:00,ILPT
25.91,25.93,25.91,25.93,400,2021-10-01 17:15:00,ILPT
25.95,25.95,25.95,25.95,200,2021-10-01 17:17:00,ILPT
25.95,25.95,25.95,25.95,100,2021-10-01 17:19:00,ILPT
25.93,25.94,25.93,25.94,700,2021-10-01 17:21:00,ILPT
25.93,25.93,25.93,25.93,100,2021-10-01 17:24:00,ILPT
25.93,25.95,25.93,25.95,200,2021-10-01 17:25:00,ILPT
25.94,25.97,25.94,25.97,500,2021-10-01 17:30:00,ILPT
25.97,25.97,25.97,25.97,100,2021-10-01 17:31:00,ILPT
25.97,25.97,25.97,25.97,100,2021-10-01 17:32:00,ILPT
25.98,25.985,25.98,25.985,859,2021-10-01 17:38:00,ILPT
25.98,25.98,25.98,25.98,300,2021-10-01 17:39:00,ILPT
25.99,26.0,25.99,26.0,800,2021-10-01 17:40:00,ILPT
26.0,26.01,26.0,26.01,400,2021-10-01 17:41:00,ILPT
26.01,26.01,25.975,25.975,1116,2021-10-01 17:42:00,ILPT
25.96,25.96,25.96,25.96,100,2021-10-01 17:44:00,ILPT
25.98,25.98,25.98,25.98,200,2021-10-01 17:45:00,ILPT
26.01,26.01,26.01,26.01,100,2021-10-01 17:47:00,ILPT
26.02,26.02,26.02,26.02,162,2021-10-01 17:49:00,ILPT
26.03,26.03,26.03,26.03,100,2021-10-01 17:50:00,ILPT
26.06,26.06,26.06,26.06,100,2021-10-01 17:51:00,ILPT
26.04,26.06,26.04,26.06,202,2021-10-01 17:52:00,ILPT
26.055,26.055,26.04,26.04,627,2021-10-01 17:55:00,ILPT
26.02,26.02,25.99,26.02,441,2021-10-01 18:01:00,ILPT
26.0,26.0,26.0,26.0,300,2021-10-01 18:03:00,ILPT
26.02,26.02,26.02,26.02,200,2021-10-01 18:04:00,ILPT
26.03,26.03,26.03,26.03,100,2021-10-01 18:06:00,ILPT
26.05,26.05,26.05,26.05,100,2021-10-01 18:10:00,ILPT
26.05,26.05,26.05,26.05,200,2021-10-01 18:11:00,ILPT
26.06,26.06,26.06,26.06,100,2021-10-01 18:13:00,ILPT
26.07,26.07,26.07,26.07,200,2021-10-01 18:14:00,ILPT
26.07,26.075,26.07,26.075,300,2021-10-01 18:16:00,ILPT
26.09,26.09,26.09,26.09,200,2021-10-01 18:17:00,ILPT
26.07,26.07,26.07,26.07,720,2021-10-01 18:20:00,ILPT
26.1,26.1,26.1,26.1,100,2021-10-01 18:21:00,ILPT
26.1,26.1,26.1,26.1,100,2021-10-01 18:22:00,ILPT
26.1,26.1,26.1,26.1,100,2021-10-01 18:24:00,ILPT
26.13,26.13,26.13,26.13,100,2021-10-01 18:27:00,ILPT
26.1049,26.13,26.1049,26.13,301,2021-10-01 18:28:00,ILPT
26.12,26.12,26.12,26.12,1315,2021-10-01 18:33:00,ILPT
26.115,26.115,26.115,26.115,100,2021-10-01 18:34:00,ILPT
26.115,26.115,26.115,26.115,100,2021-10-01 18:37:00,ILPT
26.13,26.13,26.13,26.13,100,2021-10-01 18:38:00,ILPT
26.125,26.125,26.125,26.125,100,2021-10-01 18:39:00,ILPT
26.14,26.14,26.11,26.11,700,2021-10-01 18:41:00,ILPT
26.11,26.11,26.11,26.11,788,2021-10-01 18:42:00,ILPT
26.08,26.08,26.08,26.08,300,2021-10-01 18:44:00,ILPT
26.07,26.07,26.07,26.07,100,2021-10-01 18:46:00,ILPT
26.08,26.08,26.07,26.07,500,2021-10-01 18:48:00,ILPT
26.075,26.075,26.075,26.075,100,2021-10-01 18:49:00,ILPT
26.085,26.085,26.075,26.075,200,2021-10-01 18:50:00,ILPT
26.07,26.07,26.07,26.07,100,2021-10-01 18:51:00,ILPT
26.07,26.07,26.07,26.07,768,2021-10-01 18:53:00,ILPT
26.07,26.07,26.07,26.07,300,2021-10-01 18:54:00,ILPT
26.07,26.07,26.07,26.07,100,2021-10-01 18:55:00,ILPT
26.08,26.08,26.08,26.08,100,2021-10-01 19:00:00,ILPT
26.08,26.08,26.08,26.08,100,2021-10-01 19:05:00,ILPT
26.07,26.085,26.07,26.085,300,2021-10-01 19:07:00,ILPT
26.08,26.08,26.08,26.08,100,2021-10-01 19:08:00,ILPT
26.11,26.11,26.1,26.1,200,2021-10-01 19:09:00,ILPT
26.09,26.09,26.09,26.09,300,2021-10-01 19:10:00,ILPT
26.11,26.12,26.11,26.12,200,2021-10-01 19:11:00,ILPT
26.1033,26.1149,26.1033,26.1149,580,2021-10-01 19:12:00,ILPT
26.12,26.12,26.1,26.1,200,2021-10-01 19:13:00,ILPT
26.1,26.11,26.1,26.11,275,2021-10-01 19:14:00,ILPT
26.1,26.12,26.1,26.1,500,2021-10-01 19:15:00,ILPT
26.11,26.11,26.11,26.11,889,2021-10-01 19:16:00,ILPT
26.09,26.09,26.09,26.09,100,2021-10-01 19:17:00,ILPT
26.075,26.075,26.075,26.075,114,2021-10-01 19:18:00,ILPT
26.057,26.0702,26.057,26.0702,268,2021-10-01 19:19:00,ILPT
26.07,26.08,26.07,26.07,700,2021-10-01 19:20:00,ILPT
26.07,26.07,26.07,26.07,100,2021-10-01 19:21:00,ILPT
26.07,26.07,26.07,26.07,300,2021-10-01 19:25:00,ILPT
26.07,26.07,26.05,26.05,303,2021-10-01 19:26:00,ILPT
26.05,26.05,26.05,26.05,100,2021-10-01 19:28:00,ILPT
26.04,26.055,26.04,26.055,200,2021-10-01 19:29:00,ILPT
26.04,26.04,26.04,26.04,500,2021-10-01 19:30:00,ILPT
26.02,26.02,26.01,26.01,306,2021-10-01 19:31:00,ILPT
26.01,26.01,26.0,26.0,549,2021-10-01 19:32:00,ILPT
26.01,26.01,26.01,26.01,100,2021-10-01 19:34:00,ILPT
25.99,26.0,25.975,25.975,1212,2021-10-01 19:36:00,ILPT
25.96,25.96,25.96,25.96,100,2021-10-01 19:37:00,ILPT
25.96,25.96,25.94,25.94,608,2021-10-01 19:38:00,ILPT
25.94,25.945,25.93,25.93,403,2021-10-01 19:39:00,ILPT
25.96,25.96,25.95,25.95,300,2021-10-01 19:40:00,ILPT
25.96,25.97,25.96,25.97,400,2021-10-01 19:41:00,ILPT
25.97,25.97,25.97,25.97,109,2021-10-01 19:43:00,ILPT
25.96,25.96,25.96,25.96,100,2021-10-01 19:45:00,ILPT
25.96,25.96,25.955,25.955,1928,2021-10-01 19:46:00,ILPT
25.95,25.97,25.95,25.965,408,2021-10-01 19:48:00,ILPT
25.965,25.965,25.95,25.96,514,2021-10-01 19:49:00,ILPT
25.97,25.97,25.96,25.97,1081,2021-10-01 19:50:00,ILPT
25.9601,25.9601,25.93,25.95,1301,2021-10-01 19:51:00,ILPT
25.9301,25.96,25.9301,25.96,650,2021-10-01 19:52:00,ILPT
25.98,25.99,25.98,25.99,309,2021-10-01 19:53:00,ILPT
25.99,25.99,25.98,25.98,1320,2021-10-01 19:54:00,ILPT
25.97,25.97,25.9,25.9,1829,2021-10-01 19:55:00,ILPT
25.91,25.93,25.89,25.92,1728,2021-10-01 19:56:00,ILPT
25.92,25.93,25.91,25.91,1004,2021-10-01 19:57:00,ILPT
25.923,25.923,25.89,25.9,1706,2021-10-01 19:58:00,ILPT
25.91,25.91,25.89,25.91,3006,2021-10-01 19:59:00,ILPT
25.93,25.93,25.93,25.93,93465,2021-10-01 20:00:00,ILPT
25.93,25.93,25.93,25.93,1099,2021-10-01 20:01:00,ILPT
25.93,25.93,25.93,25.93,2180,2021-10-01 20:02:00,ILPT
25.84,25.84,25.84,25.84,1598,2021-10-04 13:30:00,ILPT
25.98,25.99,25.96,25.96,1300,2021-10-04 13:37:00,ILPT
26.02,26.03,26.02,26.03,400,2021-10-04 13:45:00,ILPT
26.01,26.02,26.0,26.0,583,2021-10-04 13:47:00,ILPT
26.0188,26.0188,26.0188,26.0188,422,2021-10-04 13:50:00,ILPT
26.0,26.0,26.0,26.0,100,2021-10-04 13:53:00,ILPT
26.02,26.06,26.01,26.01,500,2021-10-04 13:55:00,ILPT
26.03,26.06,26.03,26.06,200,2021-10-04 13:59:00,ILPT
26.06,26.06,26.03,26.04,1502,2021-10-04 14:00:00,ILPT
26.02,26.02,26.02,26.02,100,2021-10-04 14:02:00,ILPT
25.95,25.95,25.95,25.95,100,2021-10-04 14:04:00,ILPT
25.97,25.97,25.97,25.97,100,2021-10-04 14:05:00,ILPT
25.94,25.94,25.92,25.92,600,2021-10-04 14:06:00,ILPT
25.91,25.92,25.91,25.92,900,2021-10-04 14:09:00,ILPT
25.93,25.94,25.93,25.94,214,2021-10-04 14:10:00,ILPT
25.92,25.94,25.92,25.94,300,2021-10-04 14:11:00,ILPT
25.955,25.955,25.94,25.94,200,2021-10-04 14:13:00,ILPT
25.97,25.97,25.97,25.97,300,2021-10-04 14:18:00,ILPT
25.93,25.93,25.91,25.91,400,2021-10-04 14:23:00,ILPT
25.9,25.9,25.9,25.9,100,2021-10-04 14:26:00,ILPT
25.9,25.91,25.9,25.901,400,2021-10-04 14:29:00,ILPT
25.86,25.86,25.86,25.86,100,2021-10-04 14:31:00,ILPT
25.88,25.93,25.88,25.92,700,2021-10-04 14:32:00,ILPT
25.89,25.89,25.89,25.89,100,2021-10-04 14:34:00,ILPT
25.83,25.83,25.83,25.83,200,2021-10-04 14:37:00,ILPT
25.845,25.845,25.845,25.845,100,2021-10-04 14:39:00,ILPT
25.84,25.84,25.84,25.84,100,2021-10-04 14:41:00,ILPT
25.86,25.86,25.86,25.86,200,2021-10-04 14:42:00,ILPT
25.91,25.945,25.91,25.921,600,2021-10-04 14:46:00,ILPT
25.9,25.9,25.9,25.9,400,2021-10-04 14:53:00,ILPT
25.82,25.82,25.82,25.82,200,2021-10-04 15:04:00,ILPT
25.815,25.815,25.815,25.815,100,2021-10-04 15:05:00,ILPT
25.83,25.83,25.83,25.83,100,2021-10-04 15:06:00,ILPT
25.84,25.84,25.84,25.84,100,2021-10-04 15:08:00,ILPT
25.8,25.8,25.8,25.8,100,2021-10-04 15:09:00,ILPT
25.82,25.82,25.82,25.82,102,2021-10-04 15:11:00,ILPT
25.84,25.84,25.84,25.84,100,2021-10-04 15:12:00,ILPT
25.909,25.909,25.909,25.909,200,2021-10-04 15:15:00,ILPT
25.91,25.91,25.91,25.91,100,2021-10-04 15:17:00,ILPT
25.89,25.89,25.8847,25.8847,351,2021-10-04 15:22:00,ILPT
25.85,25.85,25.85,25.85,100,2021-10-04 15:24:00,ILPT
25.86,25.87,25.86,25.87,730,2021-10-04 15:26:00,ILPT
25.85,25.85,25.85,25.85,100,2021-10-04 15:27:00,ILPT
25.82,25.82,25.82,25.82,100,2021-10-04 15:31:00,ILPT
25.82,25.82,25.81,25.81,200,2021-10-04 15:32:00,ILPT
25.78,25.78,25.78,25.78,100,2021-10-04 15:34:00,ILPT
25.79,25.8,25.78,25.78,754,2021-10-04 15:35:00,ILPT
25.76,25.76,25.75,25.75,300,2021-10-04 15:36:00,ILPT
25.75,25.76,25.75,25.76,200,2021-10-04 15:38:00,ILPT
25.75,25.75,25.75,25.75,100,2021-10-04 15:39:00,ILPT
25.75,25.75,25.75,25.75,400,2021-10-04 15:40:00,ILPT
25.74,25.74,25.74,25.74,100,2021-10-04 15:43:00,ILPT
25.74,25.74,25.72,25.72,500,2021-10-04 15:45:00,ILPT
25.73,25.735,25.73,25.735,300,2021-10-04 15:46:00,ILPT
25.74,25.74,25.74,25.74,100,2021-10-04 15:50:00,ILPT
25.75,25.75,25.75,25.75,100,2021-10-04 15:52:00,ILPT
25.76,25.76,25.76,25.76,100,2021-10-04 15:53:00,ILPT
25.73,25.75,25.73,25.75,400,2021-10-04 15:55:00,ILPT
25.8,25.8,25.8,25.8,100,2021-10-04 15:58:00,ILPT
25.822,25.822,25.822,25.822,200,2021-10-04 16:05:00,ILPT
25.79,25.79,25.79,25.79,100,2021-10-04 16:06:00,ILPT
25.82,25.82,25.82,25.82,100,2021-10-04 16:09:00,ILPT
25.83,25.83,25.83,25.83,100,2021-10-04 16:12:00,ILPT
25.82,25.82,25.82,25.82,296,2021-10-04 16:25:00,ILPT
25.79,25.79,25.79,25.79,100,2021-10-04 16:28:00,ILPT
25.78,25.78,25.78,25.78,100,2021-10-04 16:32:00,ILPT
25.8,25.81,25.8,25.81,400,2021-10-04 16:36:00,ILPT
25.8,25.8,25.79,25.8,798,2021-10-04 16:40:00,ILPT
25.7821,25.7821,25.7821,25.7821,100,2021-10-04 16:41:00,ILPT
25.8,25.8,25.7927,25.7927,600,2021-10-04 16:46:00,ILPT
25.79,25.79,25.79,25.79,200,2021-10-04 16:47:00,ILPT
25.8,25.8,25.8,25.8,200,2021-10-04 16:48:00,ILPT
25.81,25.81,25.81,25.81,100,2021-10-04 16:49:00,ILPT
25.82,25.82,25.82,25.82,300,2021-10-04 16:50:00,ILPT
25.83,25.86,25.83,25.86,400,2021-10-04 16:54:00,ILPT
25.85,25.85,25.85,25.85,100,2021-10-04 16:56:00,ILPT
25.82,25.82,25.82,25.82,100,2021-10-04 16:58:00,ILPT
25.83,25.83,25.83,25.83,100,2021-10-04 17:00:00,ILPT
25.805,25.81,25.805,25.81,200,2021-10-04 17:05:00,ILPT
25.839,25.839,25.839,25.839,970,2021-10-04 17:06:00,ILPT
25.84,25.86,25.84,25.86,200,2021-10-04 17:09:00,ILPT
25.86,25.88,25.86,25.88,400,2021-10-04 17:13:00,ILPT
25.86,25.86,25.86,25.86,116,2021-10-04 17:15:00,ILPT
25.88,25.88,25.88,25.88,100,2021-10-04 17:16:00,ILPT
25.868,25.868,25.868,25.868,483,2021-10-04 17:19:00,ILPT
25.86,25.86,25.86,25.86,116,2021-10-04 17:20:00,ILPT
25.875,25.875,25.875,25.875,100,2021-10-04 17:21:00,ILPT
25.892,25.892,25.892,25.892,250,2021-10-04 17:22:00,ILPT
25.87,25.87,25.87,25.87,100,2021-10-04 17:23:00,ILPT
25.9,25.9,25.9,25.9,100,2021-10-04 17:24:00,ILPT
25.904,25.904,25.904,25.904,240,2021-10-04 17:25:00,ILPT
25.88,25.88,25.88,25.88,400,2021-10-04 17:31:00,ILPT
25.84,25.84,25.84,25.84,100,2021-10-04 17:37:00,ILPT
25.86,25.86,25.86,25.86,100,2021-10-04 17:39:00,ILPT
25.83,25.83,25.83,25.83,100,2021-10-04 17:40:00,ILPT
25.84,25.84,25.84,25.84,100,2021-10-04 17:48:00,ILPT
25.85,25.85,25.85,25.85,100,2021-10-04 17:49:00,ILPT
25.85,25.85,25.85,25.85,271,2021-10-04 17:52:00,ILPT
25.84,25.85,25.84,25.85,200,2021-10-04 17:57:00,ILPT
25.86,25.86,25.86,25.86,400,2021-10-04 17:58:00,ILPT
25.88,25.91,25.8733,25.8733,1644,2021-10-04 17:59:00,ILPT
25.91,25.91,25.91,25.91,100,2021-10-04 18:00:00,ILPT
25.9049,25.9049,25.9049,25.9049,100,2021-10-04 18:02:00,ILPT
25.9,25.9,25.9,25.9,100,2021-10-04 18:03:00,ILPT
25.86,25.86,25.86,25.86,100,2021-10-04 18:10:00,ILPT
25.84,25.84,25.84,25.84,575,2021-10-04 18:12:00,ILPT
25.8201,25.8201,25.8201,25.8201,280,2021-10-04 18:13:00,ILPT
25.84,25.84,25.84,25.84,100,2021-10-04 18:14:00,ILPT
25.86,25.8686,25.86,25.8686,800,2021-10-04 18:19:00,ILPT
25.87,25.88,25.87,25.88,300,2021-10-04 18:20:00,ILPT
25.8959,25.8959,25.8959,25.8959,138,2021-10-04 18:22:00,ILPT
25.905,25.905,25.905,25.905,100,2021-10-04 18:25:00,ILPT
25.89,25.89,25.89,25.89,100,2021-10-04 18:26:00,ILPT
25.88,25.885,25.88,25.885,200,2021-10-04 18:28:00,ILPT
25.87,25.87,25.87,25.87,100,2021-10-04 18:29:00,ILPT
25.885,25.885,25.875,25.875,300,2021-10-04 18:32:00,ILPT
25.89,25.89,25.89,25.89,100,2021-10-04 18:33:00,ILPT
25.89,25.89,25.89,25.89,500,2021-10-04 18:34:00,ILPT
25.9,25.91,25.9,25.91,300,2021-10-04 18:38:00,ILPT
25.92,25.92,25.92,25.92,100,2021-10-04 18:39:00,ILPT
25.91,25.91,25.91,25.91,100,2021-10-04 18:40:00,ILPT
25.93,25.94,25.93,25.94,500,2021-10-04 18:43:00,ILPT
25.92,25.92,25.92,25.92,100,2021-10-04 18:44:00,ILPT
25.915,25.915,25.915,25.915,100,2021-10-04 18:47:00,ILPT
25.93,25.95,25.93,25.95,700,2021-10-04 18:50:00,ILPT
25.945,25.945,25.945,25.945,100,2021-10-04 18:54:00,ILPT
25.95,25.95,25.95,25.95,100,2021-10-04 18:55:00,ILPT
25.945,25.95,25.945,25.95,200,2021-10-04 18:56:00,ILPT
25.9201,25.94,25.9201,25.94,200,2021-10-04 18:57:00,ILPT
25.935,25.935,25.935,25.935,100,2021-10-04 18:58:00,ILPT
25.93,25.93,25.93,25.93,100,2021-10-04 19:01:00,ILPT
25.95,25.95,25.95,25.95,300,2021-10-04 19:02:00,ILPT
25.95,25.96,25.95,25.96,1000,2021-10-04 19:04:00,ILPT
25.97,25.97,25.97,25.97,300,2021-10-04 19:06:00,ILPT
25.98,25.98,25.98,25.98,100,2021-10-04 19:07:00,ILPT
25.965,25.965,25.965,25.965,103,2021-10-04 19:09:00,ILPT
25.95,25.95,25.95,25.95,200,2021-10-04 19:10:00,ILPT
25.95,25.95,25.95,25.95,162,2021-10-04 19:12:00,ILPT
25.97,25.97,25.97,25.97,100,2021-10-04 19:13:00,ILPT
25.975,25.975,25.975,25.975,100,2021-10-04 19:14:00,ILPT
25.95,25.95,25.95,25.95,100,2021-10-04 19:17:00,ILPT
25.945,25.945,25.945,25.945,100,2021-10-04 19:19:00,ILPT
25.964,25.966,25.96,25.96,468,2021-10-04 19:20:00,ILPT
25.945,25.96,25.945,25.95,300,2021-10-04 19:22:00,ILPT
25.96,25.97,25.96,25.97,800,2021-10-04 19:23:00,ILPT
25.97,25.97,25.97,25.97,400,2021-10-04 19:24:00,ILPT
25.98,25.98,25.98,25.98,100,2021-10-04 19:25:00,ILPT
25.98,26.03,25.98,26.01,500,2021-10-04 19:28:00,ILPT
26.01,26.01,26.01,26.01,200,2021-10-04 19:30:00,ILPT
26.01,26.0199,26.01,26.0199,338,2021-10-04 19:31:00,ILPT
26.0,26.0,26.0,26.0,100,2021-10-04 19:32:00,ILPT
26.02,26.02,26.02,26.02,100,2021-10-04 19:33:00,ILPT
26.05,26.05,26.05,26.05,278,2021-10-04 19:35:00,ILPT
26.06,26.06,26.06,26.06,900,2021-10-04 19:36:00,ILPT
26.06,26.06,26.05,26.05,200,2021-10-04 19:38:00,ILPT
26.05,26.05,26.03,26.03,200,2021-10-04 19:39:00,ILPT
26.06,26.06,26.06,26.06,100,2021-10-04 19:40:00,ILPT
26.06,26.06,26.035,26.035,400,2021-10-04 19:41:00,ILPT
26.0586,26.0586,26.0586,26.0586,100,2021-10-04 19:42:00,ILPT
26.07,26.07,26.07,26.07,400,2021-10-04 19:43:00,ILPT
26.08,26.08,26.08,26.08,200,2021-10-04 19:45:00,ILPT
26.08,26.08,26.08,26.08,100,2021-10-04 19:46:00,ILPT
26.08,26.08,26.08,26.08,100,2021-10-04 19:47:00,ILPT
26.065,26.065,26.065,26.065,200,2021-10-04 19:48:00,ILPT
26.08,26.08,26.08,26.08,700,2021-10-04 19:49:00,ILPT
26.01,26.02,25.985,25.985,828,2021-10-04 19:50:00,ILPT
25.985,25.99,25.985,25.99,200,2021-10-04 19:51:00,ILPT
25.99,26.0,25.98,26.0,3914,2021-10-04 19:52:00,ILPT
25.995,25.995,25.995,25.995,100,2021-10-04 19:53:00,ILPT
25.98,26.02,25.98,26.02,1109,2021-10-04 19:54:00,ILPT
26.01,26.05,26.01,26.05,846,2021-10-04 19:55:00,ILPT
26.02,26.02,26.02,26.02,100,2021-10-04 19:56:00,ILPT
26.02,26.05,26.01,26.03,2919,2021-10-04 19:57:00,ILPT
26.02,26.06,26.02,26.03,6261,2021-10-04 19:58:00,ILPT
26.025,26.05,26.0,26.05,5007,2021-10-04 19:59:00,ILPT
26.03,26.03,26.03,26.03,31276,2021-10-04 20:00:00,ILPT
26.08,26.08,26.08,26.08,2660,2021-10-05 13:30:00,ILPT
25.95,25.95,25.8,25.8,989,2021-10-05 13:31:00,ILPT
25.82,25.87,25.785,25.87,400,2021-10-05 13:33:00,ILPT
25.85,25.85,25.85,25.85,100,2021-10-05 13:34:00,ILPT
25.82,25.8573,25.82,25.8573,414,2021-10-05 13:36:00,ILPT
25.83,25.83,25.83,25.83,1200,2021-10-05 13:38:00,ILPT
25.7801,25.8174,25.77,25.77,950,2021-10-05 13:39:00,ILPT
25.79,25.79,25.79,25.79,100,2021-10-05 13:40:00,ILPT
25.82,25.8618,25.82,25.8618,300,2021-10-05 13:41:00,ILPT
25.79,25.79,25.79,25.79,200,2021-10-05 13:43:00,ILPT
25.79,25.79,25.79,25.79,185,2021-10-05 13:44:00,ILPT
25.8241,25.8241,25.8241,25.8241,480,2021-10-05 13:45:00,ILPT
25.79,25.79,25.79,25.79,100,2021-10-05 13:46:00,ILPT
25.78,25.78,25.74,25.74,300,2021-10-05 13:48:00,ILPT
25.7945,25.7945,25.7825,25.7825,300,2021-10-05 13:51:00,ILPT
25.8,25.8,25.8,25.8,300,2021-10-05 13:53:00,ILPT
25.8,25.8,25.8,25.8,1300,2021-10-05 13:55:00,ILPT
25.781,25.781,25.78,25.78,200,2021-10-05 13:56:00,ILPT
25.78,25.78,25.78,25.78,100,2021-10-05 13:58:00,ILPT
25.799,25.8,25.78,25.78,676,2021-10-05 13:59:00,ILPT
25.84,25.8499,25.82,25.82,850,2021-10-05 14:00:00,ILPT
25.87,25.87,25.87,25.87,100,2021-10-05 14:01:00,ILPT
25.81,25.81,25.81,25.81,100,2021-10-05 14:03:00,ILPT
25.83,25.83,25.83,25.83,200,2021-10-05 14:04:00,ILPT
25.7945,25.7945,25.7945,25.7945,100,2021-10-05 14:05:00,ILPT
25.86,25.86,25.835,25.835,400,2021-10-05 14:11:00,ILPT
25.78,25.78,25.78,25.78,100,2021-10-05 14:13:00,ILPT
25.82,25.82,25.82,25.82,100,2021-10-05 14:14:00,ILPT
25.805,25.81,25.805,25.81,208,2021-10-05 14:16:00,ILPT
25.83,25.83,25.83,25.83,300,2021-10-05 14:17:00,ILPT
25.83,25.83,25.83,25.83,100,2021-10-05 14:18:00,ILPT
25.86,25.86,25.86,25.86,100,2021-10-05 14:20:00,ILPT
25.85,25.85,25.85,25.85,100,2021-10-05 14:21:00,ILPT
25.9003,25.9003,25.9003,25.9003,100,2021-10-05 14:22:00,ILPT
25.869,25.869,25.869,25.869,100,2021-10-05 14:23:00,ILPT
25.89,25.91,25.89,25.91,400,2021-10-05 14:25:00,ILPT
25.97,25.98,25.96,25.98,6398,2021-10-05 14:27:00,ILPT
25.965,25.97,25.965,25.97,300,2021-10-05 14:28:00,ILPT
25.94,25.94,25.9,25.9,300,2021-10-05 14:29:00,ILPT
25.9,25.9,25.87,25.9,400,2021-10-05 14:30:00,ILPT
25.9,25.92,25.8832,25.89,1028,2021-10-05 14:32:00,ILPT
25.93,25.93,25.93,25.93,100,2021-10-05 14:33:00,ILPT
25.9,25.9,25.9,25.9,300,2021-10-05 14:37:00,ILPT
25.89,25.9,25.89,25.9,528,2021-10-05 14:38:00,ILPT
25.875,25.875,25.82,25.82,616,2021-10-05 14:40:00,ILPT
25.76,25.76,25.76,25.76,595,2021-10-05 14:46:00,ILPT
25.8,25.8,25.79,25.79,400,2021-10-05 14:48:00,ILPT
25.78,25.79,25.78,25.79,200,2021-10-05 14:49:00,ILPT
25.81,25.81,25.81,25.81,700,2021-10-05 14:50:00,ILPT
25.86,25.86,25.86,25.86,100,2021-10-05 14:54:00,ILPT
25.8387,25.8387,25.82,25.82,1252,2021-10-05 14:56:00,ILPT
25.86,25.86,25.83,25.83,400,2021-10-05 14:59:00,ILPT
25.89,25.89,25.86,25.86,462,2021-10-05 15:03:00,ILPT
25.85,25.85,25.85,25.85,100,2021-10-05 15:07:00,ILPT
25.9044,25.9044,25.9,25.9,506,2021-10-05 15:10:00,ILPT
25.91,25.91,25.91,25.91,200,2021-10-05 15:12:00,ILPT
25.94,25.94,25.94,25.94,500,2021-10-05 15:20:00,ILPT
25.94,25.94,25.94,25.94,100,2021-10-05 15:21:00,ILPT
25.94,25.94,25.915,25.915,325,2021-10-05 15:22:00,ILPT
25.93,25.93,25.93,25.93,200,2021-10-05 15:23:00,ILPT
25.92,25.92,25.92,25.92,100,2021-10-05 15:25:00,ILPT
25.9156,25.9156,25.9156,25.9156,500,2021-10-05 15:28:00,ILPT
25.91,25.91,25.91,25.91,200,2021-10-05 15:29:00,ILPT
25.925,25.925,25.9,25.9,200,2021-10-05 15:30:00,ILPT
25.91,25.91,25.9,25.9,219,2021-10-05 15:33:00,ILPT
25.93,25.93,25.93,25.93,100,2021-10-05 15:34:00,ILPT
25.9,25.9,25.9,25.9,8985,2021-10-05 15:35:00,ILPT
25.9,25.91,25.9,25.91,600,2021-10-05 15:44:00,ILPT
25.891,25.91,25.891,25.91,308,2021-10-05 15:46:00,ILPT
25.92,25.92,25.92,25.92,100,2021-10-05 15:52:00,ILPT
25.91,25.91,25.91,25.91,100,2021-10-05 15:53:00,ILPT
25.91,25.91,25.91,25.91,200,2021-10-05 15:54:00,ILPT
25.91,25.91,25.91,25.91,100,2021-10-05 15:55:00,ILPT
25.91,25.91,25.89,25.89,818,2021-10-05 15:56:00,ILPT
25.89,25.89,25.88,25.88,300,2021-10-05 15:57:00,ILPT
25.91,25.93,25.91,25.93,800,2021-10-05 15:59:00,ILPT
25.93,25.93,25.93,25.93,100,2021-10-05 16:01:00,ILPT
25.95,25.95,25.95,25.95,400,2021-10-05 16:07:00,ILPT
25.955,25.955,25.955,25.955,100,2021-10-05 16:12:00,ILPT
25.97,25.97,25.97,25.97,200,2021-10-05 16:16:00,ILPT
25.94,25.94,25.94,25.94,606,2021-10-05 16:19:00,ILPT
25.935,25.935,25.935,25.935,100,2021-10-05 16:20:00,ILPT
25.95,25.95,25.95,25.95,200,2021-10-05 16:22:00,ILPT
25.94,25.94,25.92,25.92,918,2021-10-05 16:25:00,ILPT
25.92,25.92,25.92,25.92,100,2021-10-05 16:30:00,ILPT
25.91,25.91,25.91,25.91,100,2021-10-05 16:31:00,ILPT
25.915,25.915,25.89,25.89,451,2021-10-05 16:32:00,ILPT
25.915,25.915,25.915,25.915,100,2021-10-05 16:33:00,ILPT
25.895,25.895,25.895,25.895,545,2021-10-05 16:40:00,ILPT
25.89,25.89,25.89,25.89,403,2021-10-05 16:46:00,ILPT
25.91,25.91,25.9,25.9,600,2021-10-05 16:48:00,ILPT
25.905,25.92,25.905,25.91,600,2021-10-05 16:52:00,ILPT
25.92,25.92,25.915,25.915,600,2021-10-05 16:54:00,ILPT
25.9,25.9,25.9,25.9,100,2021-10-05 16:57:00,ILPT
25.9,25.9,25.9,25.9,100,2021-10-05 16:58:00,ILPT
25.92,25.93,25.92,25.925,1500,2021-10-05 16:59:00,ILPT
25.925,25.925,25.925,25.925,100,2021-10-05 17:00:00,ILPT
25.925,25.925,25.925,25.925,200,2021-10-05 17:01:00,ILPT
25.91,25.91,25.9,25.9,949,2021-10-05 17:03:00,ILPT
25.92,25.92,25.92,25.92,400,2021-10-05 17:05:00,ILPT
25.92,25.92,25.92,25.92,200,2021-10-05 17:08:00,ILPT
25.92,25.92,25.9,25.9,397,2021-10-05 17:09:00,ILPT
25.93,25.93,25.925,25.925,700,2021-10-05 17:17:00,ILPT
25.9399,25.9399,25.9399,25.9399,150,2021-10-05 17:18:00,ILPT
25.925,25.925,25.925,25.925,400,2021-10-05 17:19:00,ILPT
25.925,25.925,25.925,25.925,1300,2021-10-05 17:22:00,ILPT
25.925,25.925,25.925,25.925,100,2021-10-05 17:24:00,ILPT
25.91,25.91,25.91,25.91,100,2021-10-05 17:26:00,ILPT
25.94,25.94,25.93,25.94,800,2021-10-05 17:28:00,ILPT
25.94,25.94,25.94,25.94,200,2021-10-05 17:29:00,ILPT
25.9451,25.9451,25.94,25.94,400,2021-10-05 17:30:00,ILPT
25.94,25.94,25.93,25.93,800,2021-10-05 17:32:00,ILPT
25.935,25.935,25.93,25.935,700,2021-10-05 17:33:00,ILPT
25.935,25.94,25.935,25.94,600,2021-10-05 17:34:00,ILPT
25.94,25.94,25.89,25.89,2729,2021-10-05 17:35:00,ILPT
25.92,25.92,25.92,25.92,200,2021-10-05 17:36:00,ILPT
25.915,25.915,25.915,25.915,246,2021-10-05 17:38:00,ILPT
25.915,25.915,25.915,25.915,100,2021-10-05 17:39:00,ILPT
25.9242,25.9242,25.9242,25.9242,2689,2021-10-05 17:42:00,ILPT
25.9,25.9,25.9,25.9,100,2021-10-05 17:43:00,ILPT
25.9,25.9,25.9,25.9,100,2021-10-05 17:49:00,ILPT
25.93,25.93,25.93,25.93,800,2021-10-05 17:50:00,ILPT
25.9,25.91,25.9,25.9,500,2021-10-05 17:53:00,ILPT
25.92,25.92,25.915,25.915,1100,2021-10-05 17:55:00,ILPT
25.915,25.915,25.9,25.9,200,2021-10-05 17:56:00,ILPT
25.9,25.9,25.89,25.89,1200,2021-10-05 17:57:00,ILPT
25.91,25.91,25.91,25.91,300,2021-10-05 18:01:00,ILPT
25.91,25.91,25.91,25.91,300,2021-10-05 18:02:00,ILPT
25.91,25.93,25.91,25.93,500,2021-10-05 18:03:00,ILPT
25.93,25.93,25.93,25.93,300,2021-10-05 18:10:00,ILPT
25.95,26.0058,25.95,25.995,3652,2021-10-05 18:11:00,ILPT
25.97,25.98,25.97,25.97,400,2021-10-05 18:12:00,ILPT
25.96,25.96,25.96,25.96,100,2021-10-05 18:15:00,ILPT
25.965,25.965,25.965,25.965,100,2021-10-05 18:16:00,ILPT
25.96,25.97,25.96,25.97,962,2021-10-05 18:17:00,ILPT
25.995,26.01,25.995,26.01,200,2021-10-05 18:18:00,ILPT
25.98,25.98,25.98,25.98,100,2021-10-05 18:21:00,ILPT
25.98,25.98,25.98,25.98,100,2021-10-05 18:24:00,ILPT
25.9864,25.99,25.98,25.98,1100,2021-10-05 18:25:00,ILPT
25.97,25.97,25.97,25.97,100,2021-10-05 18:26:00,ILPT
25.97,25.97,25.96,25.96,1189,2021-10-05 18:27:00,ILPT
25.97,25.985,25.97,25.985,700,2021-10-05 18:28:00,ILPT
25.98,25.99,25.98,25.99,200,2021-10-05 18:31:00,ILPT
25.99,25.99,25.99,25.99,500,2021-10-05 18:32:00,ILPT
25.97,25.99,25.97,25.99,200,2021-10-05 18:33:00,ILPT
25.99,25.99,25.99,25.99,2800,2021-10-05 18:34:00,ILPT
25.97,25.97,25.97,25.97,100,2021-10-05 18:36:00,ILPT
25.99,25.99,25.97,25.97,200,2021-10-05 18:37:00,ILPT
25.97,25.97,25.97,25.97,100,2021-10-05 18:38:00,ILPT
25.99,25.99,25.99,25.99,100,2021-10-05 18:39:00,ILPT
25.98,25.98,25.98,25.98,100,2021-10-05 18:40:00,ILPT
25.97,25.97,25.97,25.97,100,2021-10-05 18:43:00,ILPT
25.98,25.98,25.98,25.98,200,2021-10-05 18:45:00,ILPT
25.98,25.98,25.98,25.98,100,2021-10-05 18:47:00,ILPT
25.98,25.98,25.98,25.98,100,2021-10-05 18:48:00,ILPT
26.01,26.02,26.01,26.02,1293,2021-10-05 18:50:00,ILPT
26.0132,26.015,26.0132,26.015,500,2021-10-05 18:53:00,ILPT
26.0,26.03,26.0,26.01,1850,2021-10-05 18:55:00,ILPT
26.015,26.03,26.015,26.03,200,2021-10-05 18:56:00,ILPT
26.0,26.0,26.0,26.0,700,2021-10-05 18:59:00,ILPT
25.995,25.995,25.995,25.995,100,2021-10-05 19:01:00,ILPT
25.99,25.99,25.99,25.99,100,2021-10-05 19:02:00,ILPT
25.995,25.995,25.97,25.97,300,2021-10-05 19:03:00,ILPT
25.96,25.96,25.96,25.96,750,2021-10-05 19:04:00,ILPT
25.96,25.96,25.9484,25.9484,600,2021-10-05 19:05:00,ILPT
25.9559,25.96,25.9555,25.96,1592,2021-10-05 19:06:00,ILPT
25.95,25.95,25.92,25.92,200,2021-10-05 19:09:00,ILPT
25.93,25.93,25.91,25.91,389,2021-10-05 19:11:00,ILPT
25.92,25.925,25.92,25.925,200,2021-10-05 19:13:00,ILPT
25.92,25.95,25.92,25.95,1433,2021-10-05 19:15:00,ILPT
25.97,25.97,25.97,25.97,200,2021-10-05 19:16:00,ILPT
25.967,25.9797,25.95,25.95,1400,2021-10-05 19:18:00,ILPT
25.965,25.965,25.965,25.965,200,2021-10-05 19:19:00,ILPT
25.95,25.95,25.95,25.95,100,2021-10-05 19:20:00,ILPT
25.97,25.97,25.95,25.95,850,2021-10-05 19:22:00,ILPT
25.96,25.97,25.96,25.97,555,2021-10-05 19:23:00,ILPT
25.98,25.98,25.98,25.98,200,2021-10-05 19:24:00,ILPT
26.0,26.0,26.0,26.0,300,2021-10-05 19:25:00,ILPT
26.0,26.01,26.0,26.01,200,2021-10-05 19:26:00,ILPT
26.02,26.03,26.01,26.03,1222,2021-10-05 19:29:00,ILPT
26.015,26.03,26.015,26.02,800,2021-10-05 19:30:00,ILPT
26.02,26.03,26.01,26.02,2132,2021-10-05 19:32:00,ILPT
26.025,26.025,26.01,26.01,200,2021-10-05 19:33:00,ILPT
26.01,26.04,26.01,26.0397,300,2021-10-05 19:35:00,ILPT
26.03,26.05,26.03,26.05,1501,2021-10-05 19:36:00,ILPT
26.03,26.032,26.03,26.032,501,2021-10-05 19:37:00,ILPT
26.03,26.04,26.03,26.04,600,2021-10-05 19:38:00,ILPT
26.04,26.05,26.04,26.05,400,2021-10-05 19:39:00,ILPT
26.06,26.06,26.05,26.055,1678,2021-10-05 19:40:00,ILPT
26.06,26.06,26.04,26.04,200,2021-10-05 19:41:00,ILPT
26.04,26.04,26.04,26.04,200,2021-10-05 19:42:00,ILPT
26.04,26.04,26.01,26.01,400,2021-10-05 19:43:00,ILPT
26.01,26.01,26.01,26.01,100,2021-10-05 19:44:00,ILPT
26.04,26.04,26.04,26.04,306,2021-10-05 19:45:00,ILPT
26.03,26.04,26.02,26.02,900,2021-10-05 19:48:00,ILPT
26.0,26.02,26.0,26.02,244,2021-10-05 19:49:00,ILPT
26.01,26.01,25.99,26.0,2239,2021-10-05 19:50:00,ILPT
26.0,26.0,25.99,25.99,616,2021-10-05 19:51:00,ILPT
25.98,25.98,25.97,25.97,200,2021-10-05 19:52:00,ILPT
25.98,25.99,25.98,25.99,300,2021-10-05 19:53:00,ILPT
25.99,25.99,25.97,25.97,1000,2021-10-05 19:54:00,ILPT
25.99,25.99,25.97,25.99,2523,2021-10-05 19:55:00,ILPT
25.99,25.99,25.97,25.99,2414,2021-10-05 19:56:00,ILPT
25.99,25.99,25.97,25.98,1400,2021-10-05 19:57:00,ILPT
25.98,26.0,25.98,25.985,3394,2021-10-05 19:58:00,ILPT
25.985,26.0,25.98,26.0,2434,2021-10-05 19:59:00,ILPT
25.99,25.99,25.99,25.99,37668,2021-10-05 20:00:00,ILPT
25.99,25.99,25.99,25.99,1536,2021-10-05 20:01:00,ILPT
25.98,25.98,25.98,25.98,4436,2021-10-06 13:30:00,ILPT
25.904,25.904,25.904,25.904,101,2021-10-06 13:33:00,ILPT
25.95,25.95,25.95,25.95,200,2021-10-06 13:40:00,ILPT
25.93,25.93,25.92,25.92,300,2021-10-06 13:41:00,ILPT
25.92,25.93,25.92,25.93,587,2021-10-06 13:42:00,ILPT
25.93,25.93,25.93,25.93,100,2021-10-06 13:45:00,ILPT
25.91,25.91,25.91,25.91,100,2021-10-06 13:46:00,ILPT
25.84,25.84,25.84,25.84,100,2021-10-06 13:54:00,ILPT
25.8286,25.88,25.8286,25.88,1100,2021-10-06 13:55:00,ILPT
25.87,25.87,25.84,25.84,300,2021-10-06 14:01:00,ILPT
25.81,25.81,25.77,25.77,400,2021-10-06 14:10:00,ILPT
25.79,25.81,25.77,25.77,9227,2021-10-06 14:14:00,ILPT
25.71,25.71,25.68,25.68,200,2021-10-06 14:19:00,ILPT
25.68,25.68,25.67,25.67,300,2021-10-06 14:20:00,ILPT
25.68,25.69,25.67,25.69,600,2021-10-06 14:22:00,ILPT
25.69,25.69,25.69,25.69,191,2021-10-06 14:23:00,ILPT
25.69,25.715,25.68,25.71,1198,2021-10-06 14:24:00,ILPT
25.7,25.72,25.7,25.72,1020,2021-10-06 14:25:00,ILPT
25.7339,25.7339,25.7339,25.7339,100,2021-10-06 14:28:00,ILPT
25.7,25.71,25.7,25.71,200,2021-10-06 14:30:00,ILPT
25.71,25.71,25.71,25.71,100,2021-10-06 14:31:00,ILPT
25.72,25.72,25.71,25.71,200,2021-10-06 14:36:00,ILPT
25.7,25.7,25.7,25.7,100,2021-10-06 14:40:00,ILPT
25.72,25.73,25.72,25.73,200,2021-10-06 14:41:00,ILPT
25.715,25.715,25.715,25.715,100,2021-10-06 14:43:00,ILPT
25.7,25.7,25.7,25.7,100,2021-10-06 14:44:00,ILPT
25.69,25.69,25.68,25.69,400,2021-10-06 14:46:00,ILPT
25.67,25.67,25.67,25.67,100,2021-10-06 14:47:00,ILPT
25.6799,25.6799,25.6799,25.6799,200,2021-10-06 14:48:00,ILPT
25.66,25.66,25.66,25.66,200,2021-10-06 14:49:00,ILPT
25.64,25.64,25.64,25.64,200,2021-10-06 14:51:00,ILPT
25.65,25.69,25.65,25.69,400,2021-10-06 14:54:00,ILPT
25.68,25.68,25.67,25.67,200,2021-10-06 14:55:00,ILPT
25.75,25.75,25.75,25.75,1000,2021-10-06 14:59:00,ILPT
25.72,25.72,25.72,25.72,100,2021-10-06 15:00:00,ILPT
25.75,25.75,25.75,25.75,100,2021-10-06 15:04:00,ILPT
25.66,25.66,25.66,25.66,100,2021-10-06 15:08:00,ILPT
25.64,25.64,25.63,25.63,450,2021-10-06 15:11:00,ILPT
25.65,25.65,25.65,25.65,300,2021-10-06 15:12:00,ILPT
25.65,25.65,25.64,25.64,205,2021-10-06 15:16:00,ILPT
25.65,25.65,25.64,25.64,700,2021-10-06 15:19:00,ILPT
25.63,25.65,25.63,25.65,300,2021-10-06 15:22:00,ILPT
25.65,25.65,25.65,25.65,200,2021-10-06 15:23:00,ILPT
25.61,25.61,25.61,25.61,400,2021-10-06 15:25:00,ILPT
25.6,25.6,25.6,25.6,100,2021-10-06 15:29:00,ILPT
25.56,25.58,25.56,25.58,300,2021-10-06 15:32:00,ILPT
25.59,25.59,25.59,25.59,100,2021-10-06 15:34:00,ILPT
25.566,25.566,25.566,25.566,100,2021-10-06 15:36:00,ILPT
25.56,25.56,25.56,25.56,100,2021-10-06 15:38:00,ILPT
25.56,25.56,25.56,25.56,200,2021-10-06 15:39:00,ILPT
25.58,25.595,25.58,25.58,889,2021-10-06 15:40:00,ILPT
25.5569,25.5569,25.5569,25.5569,100,2021-10-06 15:42:00,ILPT
25.5201,25.5201,25.5201,25.5201,1000,2021-10-06 15:48:00,ILPT
25.55,25.55,25.55,25.55,100,2021-10-06 15:49:00,ILPT
25.56,25.56,25.56,25.56,2100,2021-10-06 15:51:00,ILPT
25.63,25.63,25.63,25.63,105,2021-10-06 15:56:00,ILPT
25.68,25.68,25.67,25.67,300,2021-10-06 16:01:00,ILPT
25.64,25.64,25.64,25.64,100,2021-10-06 16:03:00,ILPT
25.63,25.63,25.63,25.63,100,2021-10-06 16:04:00,ILPT
25.625,25.64,25.625,25.629,500,2021-10-06 16:07:00,ILPT
25.62,25.62,25.62,25.62,100,2021-10-06 16:11:00,ILPT
25.59,25.59,25.59,25.59,100,2021-10-06 16:14:00,ILPT
25.62,25.62,25.62,25.62,200,2021-10-06 16:21:00,ILPT
25.62,25.62,25.62,25.62,100,2021-10-06 16:22:00,ILPT
25.59,25.59,25.59,25.59,100,2021-10-06 16:24:00,ILPT
25.595,25.595,25.595,25.595,105,2021-10-06 16:28:00,ILPT
25.59,25.59,25.59,25.59,1047,2021-10-06 16:29:00,ILPT
25.61,25.63,25.6,25.63,1100,2021-10-06 16:30:00,ILPT
25.63,25.63,25.63,25.63,200,2021-10-06 16:33:00,ILPT
25.64,25.64,25.64,25.64,200,2021-10-06 16:35:00,ILPT
25.63,25.63,25.63,25.63,300,2021-10-06 16:37:00,ILPT
25.63,25.63,25.63,25.63,100,2021-10-06 16:42:00,ILPT
25.65,25.66,25.6427,25.66,700,2021-10-06 16:44:00,ILPT
25.63,25.63,25.63,25.63,400,2021-10-06 16:45:00,ILPT
25.62,25.62,25.62,25.62,200,2021-10-06 16:46:00,ILPT
25.61,25.61,25.61,25.61,617,2021-10-06 16:54:00,ILPT
25.61,25.61,25.61,25.61,100,2021-10-06 16:58:00,ILPT
25.63,25.63,25.63,25.63,100,2021-10-06 16:59:00,ILPT
25.63,25.63,25.63,25.63,200,2021-10-06 17:04:00,ILPT
25.65,25.65,25.645,25.645,205,2021-10-06 17:05:00,ILPT
25.63,25.64,25.63,25.63,719,2021-10-06 17:07:00,ILPT
25.62,25.62,25.62,25.62,100,2021-10-06 17:08:00,ILPT
25.64,25.64,25.64,25.64,384,2021-10-06 17:09:00,ILPT
25.62,25.62,25.62,25.62,100,2021-10-06 17:11:00,ILPT
25.64,25.64,25.63,25.63,200,2021-10-06 17:12:00,ILPT
25.65,25.65,25.64,25.64,300,2021-10-06 17:14:00,ILPT
25.66,25.66,25.66,25.66,100,2021-10-06 17:15:00,ILPT
25.65,25.665,25.65,25.655,500,2021-10-06 17:16:00,ILPT
25.67,25.67,25.67,25.67,100,2021-10-06 17:17:00,ILPT
25.7,25.7,25.7,25.7,100,2021-10-06 17:19:00,ILPT
25.7,25.7,25.7,25.7,100,2021-10-06 17:22:00,ILPT
25.75,25.75,25.75,25.75,200,2021-10-06 17:26:00,ILPT
25.75,25.76,25.75,25.76,200,2021-10-06 17:28:00,ILPT
25.8,25.8,25.79,25.8,400,2021-10-06 17:29:00,ILPT
25.78,25.7999,25.78,25.7999,500,2021-10-06 17:30:00,ILPT
25.8208,25.8208,25.8208,25.8208,200,2021-10-06 17:31:00,ILPT
25.8,25.8,25.8,25.8,216,2021-10-06 17:32:00,ILPT
25.82,25.82,25.82,25.82,100,2021-10-06 17:35:00,ILPT
25.86,25.88,25.86,25.88,500,2021-10-06 17:38:00,ILPT
25.88,25.88,25.88,25.88,100,2021-10-06 17:39:00,ILPT
25.89,25.89,25.875,25.875,1100,2021-10-06 17:40:00,ILPT
25.88,25.91,25.88,25.91,200,2021-10-06 17:42:00,ILPT
25.87,25.87,25.87,25.87,131,2021-10-06 17:43:00,ILPT
25.88,25.88,25.88,25.88,100,2021-10-06 17:44:00,ILPT
25.89,25.89,25.89,25.89,200,2021-10-06 17:48:00,ILPT
25.875,25.875,25.875,25.875,100,2021-10-06 17:50:00,ILPT
25.875,25.875,25.875,25.875,100,2021-10-06 17:51:00,ILPT
25.87,25.876,25.87,25.876,400,2021-10-06 17:54:00,ILPT
25.875,25.875,25.875,25.875,500,2021-10-06 17:55:00,ILPT
25.89,25.9,25.89,25.9,1531,2021-10-06 17:58:00,ILPT
25.93,25.93,25.915,25.915,200,2021-10-06 17:59:00,ILPT
25.93,25.93,25.93,25.93,100,2021-10-06 18:00:00,ILPT
25.91,25.92,25.88,25.88,700,2021-10-06 18:01:00,ILPT
25.91,25.95,25.91,25.95,4424,2021-10-06 18:04:00,ILPT
25.94,25.94,25.94,25.94,313,2021-10-06 18:05:00,ILPT
25.93,25.93,25.93,25.93,100,2021-10-06 18:06:00,ILPT
25.96,25.96,25.96,25.96,100,2021-10-06 18:08:00,ILPT
25.96,25.96,25.96,25.96,100,2021-10-06 18:09:00,ILPT
25.989,26.0,25.989,25.989,1777,2021-10-06 18:11:00,ILPT
25.99,25.99,25.99,25.99,400,2021-10-06 18:12:00,ILPT
26.01,26.01,25.9917,25.9917,650,2021-10-06 18:17:00,ILPT
26.01,26.03,26.01,26.02,1036,2021-10-06 18:18:00,ILPT
26.05,26.05,26.05,26.05,100,2021-10-06 18:19:00,ILPT
26.02,26.02,26.02,26.02,100,2021-10-06 18:21:00,ILPT
26.035,26.035,26.035,26.035,100,2021-10-06 18:23:00,ILPT
26.01,26.0496,26.01,26.0496,1500,2021-10-06 18:24:00,ILPT
26.04,26.04,26.04,26.04,100,2021-10-06 18:25:00,ILPT
26.04,26.04,26.02,26.02,200,2021-10-06 18:26:00,ILPT
26.03,26.03,26.03,26.03,100,2021-10-06 18:28:00,ILPT
26.02,26.02,26.02,26.02,100,2021-10-06 18:30:00,ILPT
26.04,26.04,26.04,26.04,100,2021-10-06 18:31:00,ILPT
26.04,26.04,26.04,26.04,100,2021-10-06 18:32:00,ILPT
26.03,26.04,26.025,26.025,1100,2021-10-06 18:33:00,ILPT
26.04,26.05,26.04,26.05,606,2021-10-06 18:34:00,ILPT
26.05,26.05,26.05,26.05,200,2021-10-06 18:35:00,ILPT
26.05,26.05,26.0441,26.0441,302,2021-10-06 18:36:00,ILPT
26.05,26.05,26.05,26.05,100,2021-10-06 18:38:00,ILPT
26.06,26.06,26.06,26.06,100,2021-10-06 18:39:00,ILPT
26.07,26.075,26.07,26.075,200,2021-10-06 18:40:00,ILPT
26.08,26.08,26.08,26.08,100,2021-10-06 18:42:00,ILPT
26.0702,26.0702,26.0702,26.0702,889,2021-10-06 18:46:00,ILPT
26.08,26.083,26.075,26.075,601,2021-10-06 18:47:00,ILPT
26.07,26.07,26.07,26.07,200,2021-10-06 18:48:00,ILPT
26.05,26.05,26.05,26.05,100,2021-10-06 18:50:00,ILPT
26.06,26.06,26.06,26.06,100,2021-10-06 18:51:00,ILPT
26.04,26.05,26.02,26.05,1100,2021-10-06 18:52:00,ILPT
26.07,26.07,26.07,26.07,100,2021-10-06 18:53:00,ILPT
26.085,26.09,26.08,26.08,400,2021-10-06 18:55:00,ILPT
26.075,26.075,26.075,26.075,100,2021-10-06 18:57:00,ILPT
26.035,26.035,26.035,26.035,100,2021-10-06 19:00:00,ILPT
26.03,26.03,26.03,26.03,100,2021-10-06 19:02:00,ILPT
26.05,26.05,26.0362,26.0362,315,2021-10-06 19:05:00,ILPT
26.07,26.07,26.045,26.045,200,2021-10-06 19:06:00,ILPT
26.05,26.05,26.05,26.05,200,2021-10-06 19:09:00,ILPT
26.06,26.06,26.055,26.0557,320,2021-10-06 19:10:00,ILPT
26.06,26.1096,26.06,26.1096,1340,2021-10-06 19:12:00,ILPT
26.07,26.08,26.07,26.08,1100,2021-10-06 19:13:00,ILPT
26.08,26.08,26.08,26.08,100,2021-10-06 19:14:00,ILPT
26.115,26.13,26.115,26.12,1150,2021-10-06 19:15:00,ILPT
26.1,26.11,26.1,26.11,296,2021-10-06 19:17:00,ILPT
26.11,26.11,26.11,26.11,100,2021-10-06 19:18:00,ILPT
26.12,26.13,26.12,26.13,500,2021-10-06 19:19:00,ILPT
26.12,26.13,26.12,26.13,200,2021-10-06 19:20:00,ILPT
26.13,26.14,26.13,26.1396,500,2021-10-06 19:21:00,ILPT
26.14,26.15,26.14,26.15,500,2021-10-06 19:22:00,ILPT
26.14,26.145,26.14,26.145,200,2021-10-06 19:23:00,ILPT
26.145,26.145,26.14,26.14,200,2021-10-06 19:25:00,ILPT
26.115,26.115,26.105,26.105,200,2021-10-06 19:26:00,ILPT
26.1011,26.12,26.1011,26.12,326,2021-10-06 19:28:00,ILPT
26.12,26.15,26.12,26.15,700,2021-10-06 19:30:00,ILPT
26.16,26.18,26.16,26.18,602,2021-10-06 19:31:00,ILPT
26.22,26.22,26.22,26.22,100,2021-10-06 19:32:00,ILPT
26.18,26.18,26.18,26.18,100,2021-10-06 19:33:00,ILPT
26.19,26.19,26.19,26.19,704,2021-10-06 19:34:00,ILPT
26.2,26.23,26.2,26.23,800,2021-10-06 19:35:00,ILPT
26.25,26.25,26.22,26.22,600,2021-10-06 19:36:00,ILPT
26.23,26.23,26.22,26.225,672,2021-10-06 19:37:00,ILPT
26.24,26.24,26.24,26.24,100,2021-10-06 19:39:00,ILPT
26.27,26.29,26.27,26.285,600,2021-10-06 19:40:00,ILPT
26.29,26.3,26.28,26.29,2005,2021-10-06 19:42:00,ILPT
26.29,26.295,26.29,26.295,620,2021-10-06 19:43:00,ILPT
26.3,26.32,26.3,26.32,800,2021-10-06 19:44:00,ILPT
26.33,26.34,26.32,26.32,826,2021-10-06 19:45:00,ILPT
26.31,26.33,26.31,26.32,500,2021-10-06 19:46:00,ILPT
26.33,26.35,26.33,26.35,432,2021-10-06 19:47:00,ILPT
26.345,26.345,26.34,26.34,305,2021-10-06 19:48:00,ILPT
26.36,26.36,26.36,26.36,100,2021-10-06 19:49:00,ILPT
26.36,26.4,26.356,26.38,1000,2021-10-06 19:50:00,ILPT
26.4,26.4,26.375,26.375,200,2021-10-06 19:51:00,ILPT
26.36,26.365,26.34,26.35,1915,2021-10-06 19:52:00,ILPT
26.35,26.38,26.35,26.375,2321,2021-10-06 19:53:00,ILPT
26.36,26.365,26.36,26.365,300,2021-10-06 19:54:00,ILPT
26.37,26.37,26.34,26.37,1278,2021-10-06 19:55:00,ILPT
26.365,26.38,26.36,26.38,1023,2021-10-06 19:56:00,ILPT
26.39,26.4,26.37,26.385,3536,2021-10-06 19:57:00,ILPT
26.39,26.41,26.39,26.4,2283,2021-10-06 19:58:00,ILPT
26.4,26.43,26.4,26.425,3502,2021-10-06 19:59:00,ILPT
26.42,26.42,26.42,26.42,34297,2021-10-06 20:00:00,ILPT
26.42,26.42,26.42,26.42,1053,2021-10-06 20:01:00,ILPT
26.36,26.36,26.36,26.36,112,2021-10-06 21:41:00,ILPT
26.51,26.67,26.51,26.62,3428,2021-10-07 13:30:00,ILPT
26.57,26.57,26.57,26.57,100,2021-10-07 13:34:00,ILPT
26.58,26.59,26.58,26.59,450,2021-10-07 13:36:00,ILPT
26.555,26.555,26.555,26.555,257,2021-10-07 13:38:00,ILPT
26.5,26.5602,26.5,26.5,2153,2021-10-07 13:40:00,ILPT
26.535,26.535,26.535,26.535,100,2021-10-07 13:42:00,ILPT
26.5552,26.5552,26.5552,26.5552,100,2021-10-07 13:49:00,ILPT
26.5,26.56,26.5,26.56,200,2021-10-07 13:50:00,ILPT
26.54,26.54,26.53,26.53,400,2021-10-07 13:51:00,ILPT
26.565,26.6,26.5488,26.6,4575,2021-10-07 13:52:00,ILPT
26.53,26.53,26.52,26.53,300,2021-10-07 13:54:00,ILPT
26.56,26.56,26.5344,26.5344,300,2021-10-07 13:55:00,ILPT
26.59,26.63,26.59,26.63,500,2021-10-07 13:56:00,ILPT
26.58,26.6034,26.57,26.6034,1000,2021-10-07 13:57:00,ILPT
26.61,26.61,26.61,26.61,500,2021-10-07 14:04:00,ILPT
26.595,26.595,26.595,26.595,265,2021-10-07 14:06:00,ILPT
26.63,26.63,26.63,26.63,1200,2021-10-07 14:07:00,ILPT
26.66,26.66,26.635,26.635,300,2021-10-07 14:08:00,ILPT
26.66,26.66,26.66,26.66,200,2021-10-07 14:09:00,ILPT
26.65,26.65,26.65,26.65,400,2021-10-07 14:10:00,ILPT
26.63,26.65,26.601,26.601,530,2021-10-07 14:12:00,ILPT
26.59,26.6362,26.59,26.6362,1100,2021-10-07 14:21:00,ILPT
26.62,26.62,26.62,26.62,200,2021-10-07 14:22:00,ILPT
26.58,26.58,26.58,26.58,120,2021-10-07 14:24:00,ILPT
26.565,26.575,26.565,26.575,200,2021-10-07 14:25:00,ILPT
26.565,26.565,26.565,26.565,100,2021-10-07 14:26:00,ILPT
26.56,26.56,26.56,26.56,100,2021-10-07 14:27:00,ILPT
26.57,26.63,26.555,26.62,2384,2021-10-07 14:28:00,ILPT
26.64,26.64,26.62,26.62,300,2021-10-07 14:31:00,ILPT
26.64,26.64,26.64,26.64,200,2021-10-07 14:34:00,ILPT
26.6187,26.6187,26.6187,26.6187,900,2021-10-07 14:36:00,ILPT
26.6,26.6,26.6,26.6,100,2021-10-07 14:38:00,ILPT
26.595,26.595,26.595,26.595,100,2021-10-07 14:39:00,ILPT
26.612,26.612,26.612,26.612,904,2021-10-07 14:42:00,ILPT
26.605,26.63,26.605,26.6132,1300,2021-10-07 14:43:00,ILPT
26.63,26.63,26.63,26.63,100,2021-10-07 14:49:00,ILPT
26.63,26.63,26.62,26.62,200,2021-10-07 14:50:00,ILPT
26.63,26.64,26.63,26.63,500,2021-10-07 14:53:00,ILPT
26.66,26.66,26.66,26.66,100,2021-10-07 14:54:00,ILPT
26.64,26.64,26.64,26.64,100,2021-10-07 14:55:00,ILPT
26.64,26.64,26.64,26.64,600,2021-10-07 14:56:00,ILPT
26.6201,26.6201,26.6201,26.6201,910,2021-10-07 14:58:00,ILPT
26.64,26.65,26.635,26.65,1100,2021-10-07 15:02:00,ILPT
26.6523,26.6523,26.6523,26.6523,700,2021-10-07 15:07:00,ILPT
26.665,26.665,26.665,26.665,100,2021-10-07 15:10:00,ILPT
26.6324,26.6324,26.61,26.61,1550,2021-10-07 15:15:00,ILPT
26.5782,26.5782,26.5782,26.5782,100,2021-10-07 15:18:00,ILPT
26.58,26.59,26.58,26.59,200,2021-10-07 15:20:00,ILPT
26.61,26.61,26.61,26.61,100,2021-10-07 15:21:00,ILPT
26.62,26.62,26.62,26.62,222,2021-10-07 15:22:00,ILPT
26.63,26.63,26.63,26.63,100,2021-10-07 15:24:00,ILPT
26.615,26.615,26.615,26.615,136,2021-10-07 15:25:00,ILPT
26.64,26.67,26.64,26.67,1088,2021-10-07 15:27:00,ILPT
26.67,26.67,26.67,26.67,100,2021-10-07 15:34:00,ILPT
26.665,26.69,26.665,26.69,400,2021-10-07 15:40:00,ILPT
26.71,26.71,26.71,26.71,100,2021-10-07 15:41:00,ILPT
26.69,26.69,26.69,26.69,100,2021-10-07 15:42:00,ILPT
26.71,26.71,26.71,26.71,100,2021-10-07 15:44:00,ILPT
26.72,26.72,26.71,26.72,320,2021-10-07 15:47:00,ILPT
26.72,26.72,26.71,26.71,400,2021-10-07 15:48:00,ILPT
26.69,26.69,26.67,26.67,668,2021-10-07 15:50:00,ILPT
26.71,26.72,26.71,26.72,526,2021-10-07 15:53:00,ILPT
26.72,26.72,26.72,26.72,100,2021-10-07 15:54:00,ILPT
26.7,26.7,26.7,26.7,100,2021-10-07 15:56:00,ILPT
26.68,26.68,26.68,26.68,100,2021-10-07 16:02:00,ILPT
26.6928,26.6928,26.6928,26.6928,100,2021-10-07 16:04:00,ILPT
26.69,26.69,26.69,26.69,300,2021-10-07 16:05:00,ILPT
26.69,26.69,26.68,26.68,300,2021-10-07 16:09:00,ILPT
26.67,26.67,26.655,26.655,600,2021-10-07 16:10:00,ILPT
26.67,26.67,26.67,26.67,300,2021-10-07 16:13:00,ILPT
26.67,26.67,26.67,26.67,200,2021-10-07 16:15:00,ILPT
26.68,26.68,26.68,26.68,100,2021-10-07 16:17:00,ILPT
26.675,26.675,26.675,26.675,100,2021-10-07 16:18:00,ILPT
26.69,26.69,26.69,26.69,100,2021-10-07 16:19:00,ILPT
26.6892,26.7,26.6892,26.7,1350,2021-10-07 16:21:00,ILPT
26.71,26.72,26.71,26.72,231,2021-10-07 16:25:00,ILPT
26.71,26.71,26.7,26.7,500,2021-10-07 16:26:00,ILPT
26.695,26.695,26.695,26.695,100,2021-10-07 16:27:00,ILPT
26.69,26.69,26.69,26.69,100,2021-10-07 16:37:00,ILPT
26.69,26.7,26.69,26.7,600,2021-10-07 16:40:00,ILPT
26.71,26.71,26.71,26.71,100,2021-10-07 16:41:00,ILPT
26.7,26.7,26.7,26.7,100,2021-10-07 16:46:00,ILPT
26.68,26.68,26.68,26.68,100,2021-10-07 16:47:00,ILPT
26.67,26.6763,26.67,26.6763,687,2021-10-07 16:48:00,ILPT
26.69,26.69,26.69,26.69,200,2021-10-07 16:49:00,ILPT
26.69,26.69,26.69,26.69,100,2021-10-07 16:53:00,ILPT
26.69,26.69,26.69,26.69,100,2021-10-07 16:55:00,ILPT
26.7,26.73,26.7,26.73,1284,2021-10-07 16:56:00,ILPT
26.75,26.75,26.75,26.75,400,2021-10-07 16:58:00,ILPT
26.73,26.73,26.73,26.73,100,2021-10-07 17:01:00,ILPT
26.73,26.73,26.73,26.73,300,2021-10-07 17:02:00,ILPT
26.74,26.74,26.74,26.74,598,2021-10-07 17:05:00,ILPT
26.745,26.745,26.745,26.745,100,2021-10-07 17:06:00,ILPT
26.74,26.74,26.72,26.72,1222,2021-10-07 17:07:00,ILPT
26.71,26.71,26.71,26.71,100,2021-10-07 17:08:00,ILPT
26.725,26.725,26.725,26.725,381,2021-10-07 17:09:00,ILPT
26.74,26.74,26.74,26.74,100,2021-10-07 17:12:00,ILPT
26.75,26.75,26.75,26.75,222,2021-10-07 17:14:00,ILPT
26.74,26.754,26.74,26.754,200,2021-10-07 17:15:00,ILPT
26.76,26.76,26.7527,26.76,600,2021-10-07 17:18:00,ILPT
26.75,26.75,26.75,26.75,100,2021-10-07 17:22:00,ILPT
26.7401,26.7401,26.7401,26.7401,1000,2021-10-07 17:24:00,ILPT
26.76,26.76,26.76,26.76,100,2021-10-07 17:27:00,ILPT
26.77,26.77,26.77,26.77,100,2021-10-07 17:28:00,ILPT
26.765,26.765,26.765,26.765,100,2021-10-07 17:29:00,ILPT
26.75,26.75,26.75,26.75,100,2021-10-07 17:32:00,ILPT
26.75,26.75,26.75,26.75,100,2021-10-07 17:34:00,ILPT
26.77,26.77,26.77,26.77,100,2021-10-07 17:35:00,ILPT
26.74,26.74,26.74,26.74,100,2021-10-07 17:41:00,ILPT
26.745,26.745,26.745,26.745,100,2021-10-07 17:43:00,ILPT
26.715,26.715,26.715,26.715,100,2021-10-07 17:45:00,ILPT
26.7291,26.7291,26.7291,26.7291,150,2021-10-07 17:47:00,ILPT
26.7,26.7,26.7,26.7,100,2021-10-07 17:48:00,ILPT
26.71,26.71,26.71,26.71,100,2021-10-07 17:49:00,ILPT
26.7,26.7,26.7,26.7,300,2021-10-07 17:50:00,ILPT
26.71,26.71,26.71,26.71,100,2021-10-07 17:51:00,ILPT
26.68,26.68,26.68,26.68,112,2021-10-07 17:52:00,ILPT
26.69,26.69,26.69,26.69,100,2021-10-07 17:54:00,ILPT
26.685,26.685,26.685,26.685,100,2021-10-07 17:56:00,ILPT
26.69,26.7,26.69,26.7,200,2021-10-07 17:57:00,ILPT
26.69,26.69,26.69,26.69,113,2021-10-07 17:58:00,ILPT
26.685,26.685,26.685,26.685,100,2021-10-07 18:00:00,ILPT
26.67,26.67,26.67,26.67,250,2021-10-07 18:02:00,ILPT
26.678,26.69,26.678,26.69,778,2021-10-07 18:04:00,ILPT
26.68,26.68,26.68,26.68,200,2021-10-07 18:05:00,ILPT
26.69,26.69,26.6827,26.6827,200,2021-10-07 18:09:00,ILPT
26.69,26.69,26.69,26.69,100,2021-10-07 18:10:00,ILPT
26.68,26.68,26.67,26.67,400,2021-10-07 18:11:00,ILPT
26.66,26.66,26.66,26.66,500,2021-10-07 18:14:00,ILPT
26.67,26.67,26.67,26.67,274,2021-10-07 18:18:00,ILPT
26.6558,26.6558,26.6558,26.6558,100,2021-10-07 18:21:00,ILPT
26.665,26.665,26.65,26.65,389,2021-10-07 18:22:00,ILPT
26.635,26.635,26.635,26.635,100,2021-10-07 18:23:00,ILPT
26.64,26.64,26.64,26.64,100,2021-10-07 18:24:00,ILPT
26.635,26.635,26.635,26.635,200,2021-10-07 18:25:00,ILPT
26.61,26.61,26.61,26.61,100,2021-10-07 18:26:00,ILPT
26.6228,26.63,26.6228,26.63,450,2021-10-07 18:27:00,ILPT
26.62,26.62,26.62,26.62,100,2021-10-07 18:28:00,ILPT
26.62,26.62,26.62,26.62,286,2021-10-07 18:29:00,ILPT
26.62,26.62,26.62,26.62,400,2021-10-07 18:31:00,ILPT
26.62,26.62,26.62,26.62,100,2021-10-07 18:33:00,ILPT
26.59,26.59,26.57,26.57,200,2021-10-07 18:35:00,ILPT
26.57,26.57,26.56,26.56,378,2021-10-07 18:38:00,ILPT
26.56,26.56,26.56,26.56,100,2021-10-07 18:42:00,ILPT
26.55,26.55,26.54,26.54,1339,2021-10-07 18:46:00,ILPT
26.5348,26.5348,26.5348,26.5348,159,2021-10-07 18:48:00,ILPT
26.53,26.53,26.525,26.525,300,2021-10-07 18:50:00,ILPT
26.51,26.525,26.51,26.51,300,2021-10-07 18:52:00,ILPT
26.49,26.49,26.49,26.49,200,2021-10-07 18:54:00,ILPT
26.48,26.48,26.48,26.48,481,2021-10-07 18:56:00,ILPT
26.49,26.5,26.49,26.5,1000,2021-10-07 18:57:00,ILPT
26.49,26.49,26.48,26.48,300,2021-10-07 18:58:00,ILPT
26.48,26.48,26.45,26.45,400,2021-10-07 19:01:00,ILPT
26.47,26.47,26.445,26.46,600,2021-10-07 19:05:00,ILPT
26.47,26.49,26.47,26.49,844,2021-10-07 19:06:00,ILPT
26.5,26.5,26.5,26.5,200,2021-10-07 19:08:00,ILPT
26.5,26.5,26.5,26.5,200,2021-10-07 19:09:00,ILPT
26.49,26.49,26.49,26.49,100,2021-10-07 19:10:00,ILPT
26.51,26.52,26.51,26.52,425,2021-10-07 19:11:00,ILPT
26.53,26.53,26.53,26.53,376,2021-10-07 19:12:00,ILPT
26.535,26.535,26.535,26.535,100,2021-10-07 19:13:00,ILPT
26.525,26.525,26.525,26.525,100,2021-10-07 19:15:00,ILPT
26.54,26.54,26.54,26.54,558,2021-10-07 19:17:00,ILPT
26.53,26.54,26.53,26.54,200,2021-10-07 19:18:00,ILPT
26.55,26.55,26.55,26.55,100,2021-10-07 19:20:00,ILPT
26.55,26.55,26.53,26.53,400,2021-10-07 19:21:00,ILPT
26.53,26.54,26.52,26.52,300,2021-10-07 19:22:00,ILPT
26.53,26.53,26.515,26.515,300,2021-10-07 19:23:00,ILPT
26.51,26.51,26.5,26.5,900,2021-10-07 19:25:00,ILPT
26.5,26.525,26.5,26.515,700,2021-10-07 19:26:00,ILPT
26.49,26.49,26.49,26.49,456,2021-10-07 19:27:00,ILPT
26.51,26.545,26.51,26.545,800,2021-10-07 19:30:00,ILPT
26.55,26.55,26.55,26.55,100,2021-10-07 19:31:00,ILPT
26.555,26.555,26.54,26.54,300,2021-10-07 19:32:00,ILPT
26.555,26.555,26.55,26.55,300,2021-10-07 19:33:00,ILPT
26.55,26.55,26.54,26.54,700,2021-10-07 19:34:00,ILPT
26.55,26.55,26.53,26.535,600,2021-10-07 19:35:00,ILPT
26.53,26.54,26.52,26.54,1200,2021-10-07 19:36:00,ILPT
26.547,26.55,26.535,26.535,800,2021-10-07 19:37:00,ILPT
26.525,26.525,26.525,26.525,200,2021-10-07 19:38:00,ILPT
26.53,26.53,26.53,26.53,100,2021-10-07 19:39:00,ILPT
26.53,26.54,26.53,26.54,800,2021-10-07 19:40:00,ILPT
26.55,26.55,26.54,26.545,800,2021-10-07 19:41:00,ILPT
26.54,26.54,26.53,26.54,864,2021-10-07 19:42:00,ILPT
26.54,26.54,26.53,26.53,400,2021-10-07 19:43:00,ILPT
26.53,26.53,26.52,26.52,991,2021-10-07 19:44:00,ILPT
26.51,26.51,26.5,26.5,700,2021-10-07 19:45:00,ILPT
26.515,26.52,26.515,26.52,300,2021-10-07 19:46:00,ILPT
26.53,26.53,26.53,26.53,400,2021-10-07 19:47:00,ILPT
26.54,26.547,26.54,26.547,1200,2021-10-07 19:48:00,ILPT
26.53,26.54,26.525,26.53,1100,2021-10-07 19:49:00,ILPT
26.55,26.59,26.55,26.59,1430,2021-10-07 19:50:00,ILPT
26.58,26.59,26.57,26.57,1133,2021-10-07 19:51:00,ILPT
26.555,26.57,26.555,26.57,800,2021-10-07 19:52:00,ILPT
26.58,26.6,26.58,26.6,1900,2021-10-07 19:53:00,ILPT
26.595,26.595,26.58,26.59,1813,2021-10-07 19:54:00,ILPT
26.59,26.6,26.58,26.585,1200,2021-10-07 19:55:00,ILPT
26.585,26.61,26.58,26.6,2389,2021-10-07 19:56:00,ILPT
26.595,26.595,26.57,26.57,3685,2021-10-07 19:57:00,ILPT
26.57,26.59,26.56,26.58,4681,2021-10-07 19:58:00,ILPT
26.58,26.61,26.57,26.6,9065,2021-10-07 19:59:00,ILPT
26.6,26.6,26.6,26.6,84819,2021-10-07 20:00:00,ILPT
26.6,26.6,26.6,26.6,1547,2021-10-07 20:01:00,ILPT
26.6,26.6,26.6,26.6,5963,2021-10-07 20:03:00,ILPT
26.62,26.62,26.62,26.62,1361,2021-10-08 13:30:00,ILPT
26.67,26.67,26.66,26.66,300,2021-10-08 13:31:00,ILPT
26.53,26.53,26.53,26.53,500,2021-10-08 13:36:00,ILPT
26.56,26.56,26.56,26.56,100,2021-10-08 13:43:00,ILPT
26.55,26.55,26.55,26.55,100,2021-10-08 13:50:00,ILPT
26.54,26.54,26.54,26.54,375,2021-10-08 13:51:00,ILPT
26.54,26.55,26.52,26.52,415,2021-10-08 13:56:00,ILPT
26.56,26.56,26.56,26.56,100,2021-10-08 13:58:00,ILPT
26.59,26.6,26.59,26.6,300,2021-10-08 14:02:00,ILPT
26.6232,26.6232,26.6232,26.6232,150,2021-10-08 14:10:00,ILPT
26.61,26.61,26.61,26.61,100,2021-10-08 14:17:00,ILPT
26.62,26.62,26.62,26.62,100,2021-10-08 14:18:00,ILPT
26.59,26.59,26.58,26.58,600,2021-10-08 14:20:00,ILPT
26.6,26.6,26.596,26.596,200,2021-10-08 14:28:00,ILPT
26.6,26.6,26.5781,26.5781,496,2021-10-08 14:29:00,ILPT
26.56,26.56,26.56,26.56,100,2021-10-08 14:30:00,ILPT
26.56,26.56,26.56,26.56,1000,2021-10-08 14:38:00,ILPT
26.6,26.6,26.59,26.595,1299,2021-10-08 14:44:00,ILPT
26.61,26.63,26.61,26.63,700,2021-10-08 14:45:00,ILPT
26.61,26.61,26.61,26.61,152,2021-10-08 14:46:00,ILPT
26.635,26.65,26.635,26.6417,400,2021-10-08 14:48:00,ILPT
26.6031,26.6031,26.6031,26.6031,300,2021-10-08 14:53:00,ILPT
26.63,26.66,26.6233,26.63,2164,2021-10-08 15:00:00,ILPT
26.62,26.62,26.62,26.62,100,2021-10-08 15:09:00,ILPT
26.639,26.639,26.639,26.639,375,2021-10-08 15:11:00,ILPT
26.65,26.65,26.65,26.65,100,2021-10-08 15:18:00,ILPT
26.665,26.67,26.66,26.67,1400,2021-10-08 15:27:00,ILPT
26.67,26.67,26.67,26.67,2139,2021-10-08 15:28:00,ILPT
26.69,26.69,26.69,26.69,100,2021-10-08 15:29:00,ILPT
26.72,26.72,26.72,26.72,227,2021-10-08 15:31:00,ILPT
26.6727,26.6727,26.6727,26.6727,150,2021-10-08 15:41:00,ILPT
26.67,26.67,26.67,26.67,700,2021-10-08 15:45:00,ILPT
26.68,26.68,26.68,26.68,660,2021-10-08 15:49:00,ILPT
26.68,26.69,26.68,26.6833,1600,2021-10-08 15:52:00,ILPT
26.7,26.7,26.69,26.69,500,2021-10-08 15:54:00,ILPT
26.6965,26.6965,26.6965,26.6965,700,2021-10-08 15:55:00,ILPT
26.68,26.68,26.68,26.68,200,2021-10-08 16:03:00,ILPT
26.67,26.67,26.67,26.67,200,2021-10-08 16:04:00,ILPT
26.6693,26.6693,26.6693,26.6693,400,2021-10-08 16:09:00,ILPT
26.665,26.665,26.66,26.66,375,2021-10-08 16:10:00,ILPT
26.6552,26.6552,26.6552,26.6552,114,2021-10-08 16:11:00,ILPT
26.65,26.65,26.65,26.65,100,2021-10-08 16:22:00,ILPT
26.64,26.655,26.64,26.655,200,2021-10-08 16:24:00,ILPT
26.65,26.65,26.6427,26.65,800,2021-10-08 16:27:00,ILPT
26.65,26.65,26.63,26.63,296,2021-10-08 16:28:00,ILPT
26.64,26.64,26.64,26.64,100,2021-10-08 16:30:00,ILPT
26.64,26.64,26.64,26.64,200,2021-10-08 16:32:00,ILPT
26.63,26.63,26.63,26.63,300,2021-10-08 16:33:00,ILPT
26.62,26.62,26.62,26.62,100,2021-10-08 16:38:00,ILPT
26.615,26.615,26.615,26.615,390,2021-10-08 16:42:00,ILPT
26.62,26.62,26.62,26.62,100,2021-10-08 16:46:00,ILPT
26.62,26.63,26.62,26.63,300,2021-10-08 16:52:00,ILPT
26.61,26.63,26.61,26.63,2328,2021-10-08 16:55:00,ILPT
26.635,26.635,26.635,26.635,100,2021-10-08 16:56:00,ILPT
26.65,26.65,26.65,26.65,200,2021-10-08 16:57:00,ILPT
26.6497,26.6497,26.6497,26.6497,400,2021-10-08 16:58:00,ILPT
26.62,26.63,26.62,26.63,500,2021-10-08 17:01:00,ILPT
26.63,26.635,26.6266,26.635,2456,2021-10-08 17:07:00,ILPT
26.63,26.635,26.63,26.635,300,2021-10-08 17:08:00,ILPT
26.635,26.64,26.635,26.635,600,2021-10-08 17:09:00,ILPT
26.63,26.63,26.63,26.63,100,2021-10-08 17:12:00,ILPT
26.63,26.64,26.63,26.64,643,2021-10-08 17:16:00,ILPT
26.63,26.65,26.63,26.65,1062,2021-10-08 17:17:00,ILPT
26.611,26.611,26.611,26.611,100,2021-10-08 17:18:00,ILPT
26.64,26.64,26.64,26.64,200,2021-10-08 17:24:00,ILPT
26.65,26.65,26.65,26.65,500,2021-10-08 17:33:00,ILPT
26.64,26.64,26.64,26.64,300,2021-10-08 17:40:00,ILPT
26.64,26.64,26.64,26.64,100,2021-10-08 17:53:00,ILPT
26.645,26.645,26.645,26.645,100,2021-10-08 18:00:00,ILPT
26.63,26.63,26.63,26.63,100,2021-10-08 18:01:00,ILPT
26.65,26.65,26.65,26.65,100,2021-10-08 18:02:00,ILPT
26.66,26.67,26.66,26.67,598,2021-10-08 18:03:00,ILPT
26.69,26.69,26.69,26.69,405,2021-10-08 18:10:00,ILPT
26.7,26.7068,26.7,26.7068,400,2021-10-08 18:13:00,ILPT
26.71,26.71,26.71,26.71,200,2021-10-08 18:19:00,ILPT
26.69,26.69,26.69,26.69,404,2021-10-08 18:20:00,ILPT
26.7,26.7,26.7,26.7,100,2021-10-08 18:22:00,ILPT
26.705,26.705,26.705,26.705,100,2021-10-08 18:23:00,ILPT
26.71,26.71,26.71,26.71,100,2021-10-08 18:27:00,ILPT
26.73,26.73,26.73,26.73,200,2021-10-08 18:28:00,ILPT
26.73,26.73,26.73,26.73,100,2021-10-08 18:31:00,ILPT
26.735,26.735,26.735,26.735,100,2021-10-08 18:34:00,ILPT
26.735,26.735,26.725,26.725,300,2021-10-08 18:36:00,ILPT
26.71,26.71,26.71,26.71,200,2021-10-08 18:41:00,ILPT
26.7,26.7,26.7,26.7,416,2021-10-08 18:48:00,ILPT
26.7,26.7,26.7,26.7,200,2021-10-08 18:52:00,ILPT
26.69,26.69,26.69,26.69,300,2021-10-08 18:55:00,ILPT
26.685,26.685,26.685,26.685,100,2021-10-08 18:57:00,ILPT
26.69,26.69,26.69,26.69,200,2021-10-08 19:01:00,ILPT
26.67,26.67,26.67,26.67,100,2021-10-08 19:02:00,ILPT
26.67,26.67,26.67,26.67,205,2021-10-08 19:05:00,ILPT
26.68,26.69,26.6733,26.6733,1000,2021-10-08 19:08:00,ILPT
26.68,26.68,26.67,26.67,520,2021-10-08 19:10:00,ILPT
26.6717,26.6717,26.6717,26.6717,400,2021-10-08 19:11:00,ILPT
26.67,26.67,26.67,26.67,100,2021-10-08 19:14:00,ILPT
26.69,26.705,26.681,26.705,2196,2021-10-08 19:19:00,ILPT
26.7,26.7,26.7,26.7,300,2021-10-08 19:20:00,ILPT
26.71,26.71,26.7,26.71,300,2021-10-08 19:21:00,ILPT
26.69,26.69,26.69,26.69,877,2021-10-08 19:23:00,ILPT
26.69,26.69,26.69,26.69,321,2021-10-08 19:24:00,ILPT
26.685,26.685,26.685,26.685,400,2021-10-08 19:26:00,ILPT
26.67,26.67,26.67,26.67,100,2021-10-08 19:27:00,ILPT
26.66,26.66,26.66,26.66,100,2021-10-08 19:30:00,ILPT
26.66,26.66,26.655,26.655,300,2021-10-08 19:31:00,ILPT
26.64,26.66,26.64,26.66,500,2021-10-08 19:32:00,ILPT
26.65,26.65,26.65,26.65,100,2021-10-08 19:33:00,ILPT
26.63,26.63,26.63,26.63,100,2021-10-08 19:34:00,ILPT
26.61,26.61,26.61,26.61,100,2021-10-08 19:35:00,ILPT
26.6,26.6,26.585,26.585,300,2021-10-08 19:36:00,ILPT
26.595,26.595,26.59,26.59,200,2021-10-08 19:37:00,ILPT
26.59,26.595,26.59,26.595,800,2021-10-08 19:38:00,ILPT
26.6,26.6,26.59,26.595,400,2021-10-08 19:41:00,ILPT
26.57,26.57,26.5633,26.5633,800,2021-10-08 19:45:00,ILPT
26.56,26.56,26.56,26.56,100,2021-10-08 19:47:00,ILPT
26.57,26.57,26.5633,26.5633,884,2021-10-08 19:48:00,ILPT
26.56,26.56,26.56,26.56,401,2021-10-08 19:49:00,ILPT
26.54,26.54,26.53,26.53,1100,2021-10-08 19:50:00,ILPT
26.55,26.56,26.55,26.56,903,2021-10-08 19:51:00,ILPT
26.565,26.565,26.565,26.565,100,2021-10-08 19:52:00,ILPT
26.56,26.56,26.56,26.56,692,2021-10-08 19:53:00,ILPT
26.56,26.5899,26.55,26.56,1808,2021-10-08 19:54:00,ILPT
26.56,26.57,26.56,26.57,200,2021-10-08 19:55:00,ILPT
26.57,26.57,26.56,26.56,400,2021-10-08 19:56:00,ILPT
26.56,26.59,26.56,26.59,903,2021-10-08 19:57:00,ILPT
26.575,26.59,26.575,26.58,400,2021-10-08 19:58:00,ILPT
26.56,26.58,26.56,26.58,1587,2021-10-08 19:59:00,ILPT
26.57,26.57,26.57,26.57,22201,2021-10-08 20:00:00,ILPT
26.57,26.57,26.57,26.57,981,2021-10-08 20:02:00,ILPT
