open,high,low,close,volume,datetime,symbol
89.29,89.29,89.29,89.29,259,2021-04-13 13:30:00,PEZ
88.6,88.6,88.6,88.6,200,2021-04-13 13:47:00,PEZ
88.141,88.141,88.141,88.141,215,2021-04-13 13:59:00,PEZ
87.525,87.525,87.525,87.525,115,2021-04-13 14:15:00,PEZ
88.645,88.645,88.645,88.645,100,2021-04-13 14:29:00,PEZ
88.7997,88.7997,88.7997,88.7997,391,2021-04-13 14:43:00,PEZ
88.49,88.49,88.49,88.49,293,2021-04-13 15:32:00,PEZ
88.2835,88.2835,88.2835,88.2835,170,2021-04-13 15:57:00,PEZ
88.44,88.457,88.44,88.457,1200,2021-04-13 16:19:00,PEZ
87.92,87.92,87.92,87.92,200,2021-04-13 16:54:00,PEZ
88.08,88.08,88.08,88.08,100,2021-04-13 17:10:00,PEZ
88.53,88.53,88.53,88.53,254,2021-04-13 17:35:00,PEZ
88.3334,88.3334,88.3334,88.3334,793,2021-04-13 17:41:00,PEZ
88.5739,88.5739,88.5739,88.5739,352,2021-04-13 18:30:00,PEZ
88.635,88.635,88.635,88.635,100,2021-04-13 18:35:00,PEZ
88.98,88.98,88.8,88.8,500,2021-04-13 19:16:00,PEZ
88.74,88.74,88.74,88.74,178,2021-04-13 19:22:00,PEZ
88.6608,88.705,88.6608,88.705,915,2021-04-13 19:34:00,PEZ
88.77,88.77,88.77,88.77,100,2021-04-13 19:57:00,PEZ
88.86,88.88,88.86,88.88,200,2021-04-13 19:59:00,PEZ
88.61,88.61,88.61,88.61,100,2021-04-13 20:47:00,PEZ
89.25,89.25,89.25,89.25,100,2021-04-14 13:40:00,PEZ
89.143,89.143,89.143,89.143,100,2021-04-14 13:42:00,PEZ
89.555,89.555,89.555,89.555,110,2021-04-14 13:48:00,PEZ
90.21,90.21,90.21,90.21,100,2021-04-14 13:58:00,PEZ
90.22,90.22,90.22,90.22,100,2021-04-14 14:06:00,PEZ
89.7197,89.7197,89.7197,89.7197,267,2021-04-14 14:18:00,PEZ
89.686,89.686,89.686,89.686,670,2021-04-14 15:07:00,PEZ
89.92,89.92,89.92,89.92,220,2021-04-14 15:14:00,PEZ
89.71,89.71,89.71,89.71,100,2021-04-14 15:49:00,PEZ
89.57,89.57,89.57,89.57,225,2021-04-14 16:05:00,PEZ
89.57,89.57,89.57,89.57,475,2021-04-14 16:08:00,PEZ
90.1699,90.1699,90.1699,90.1699,417,2021-04-14 16:57:00,PEZ
89.6236,89.6236,89.6236,89.6236,1592,2021-04-14 17:04:00,PEZ
88.9,88.9,88.9,88.9,137,2021-04-14 18:06:00,PEZ
89.045,89.045,89.045,89.045,200,2021-04-14 18:50:00,PEZ
88.34,88.34,88.34,88.34,100,2021-04-14 19:08:00,PEZ
88.57,88.58,88.57,88.57,423,2021-04-14 19:18:00,PEZ
88.75,88.77,88.75,88.75,448,2021-04-14 19:32:00,PEZ
88.596,88.596,88.596,88.596,178,2021-04-14 19:35:00,PEZ
88.405,88.405,88.405,88.405,100,2021-04-14 19:41:00,PEZ
88.29,88.29,88.28,88.28,300,2021-04-14 19:42:00,PEZ
88.2819,88.2819,88.2819,88.2819,214,2021-04-14 19:50:00,PEZ
88.28,88.34,88.14,88.14,487,2021-04-14 19:59:00,PEZ
88.43,88.43,88.43,88.43,116,2021-04-14 20:00:00,PEZ
89.26,89.26,89.26,89.26,240,2021-04-15 13:30:00,PEZ
88.05,88.05,88.05,88.05,200,2021-04-15 13:47:00,PEZ
88.04,88.04,88.04,88.04,115,2021-04-15 13:56:00,PEZ
88.0532,88.0532,88.0532,88.0532,113,2021-04-15 13:57:00,PEZ
87.79,87.79,87.79,87.79,100,2021-04-15 13:58:00,PEZ
88.0355,88.0355,88.0355,88.0355,500,2021-04-15 14:47:00,PEZ
88.0445,88.0445,88.0445,88.0445,400,2021-04-15 14:48:00,PEZ
87.9985,87.9985,87.9985,87.9985,400,2021-04-15 14:49:00,PEZ
87.9778,87.9778,87.9778,87.9778,360,2021-04-15 14:51:00,PEZ
88.005,88.005,88.005,88.005,300,2021-04-15 14:54:00,PEZ
88.005,88.005,88.005,88.005,300,2021-04-15 14:55:00,PEZ
88.0067,88.0067,88.0067,88.0067,300,2021-04-15 14:56:00,PEZ
88.015,88.015,88.015,88.015,300,2021-04-15 14:57:00,PEZ
87.84,87.84,87.82,87.82,300,2021-04-15 14:58:00,PEZ
87.9247,87.9247,87.9247,87.9247,300,2021-04-15 14:59:00,PEZ
87.82,87.82,87.815,87.815,200,2021-04-15 15:00:00,PEZ
87.935,87.935,87.935,87.935,200,2021-04-15 15:01:00,PEZ
87.95,87.95,87.95,87.95,160,2021-04-15 15:02:00,PEZ
87.8844,87.8844,87.79,87.79,550,2021-04-15 15:03:00,PEZ
87.71,87.71,87.71,87.71,150,2021-04-15 15:04:00,PEZ
87.85,87.85,87.85,87.85,120,2021-04-15 15:06:00,PEZ
87.86,87.86,87.86,87.86,100,2021-04-15 15:07:00,PEZ
87.74,87.74,87.74,87.74,100,2021-04-15 15:08:00,PEZ
87.87,87.87,87.87,87.87,100,2021-04-15 15:09:00,PEZ
87.82,87.82,87.82,87.82,100,2021-04-15 15:10:00,PEZ
87.62,87.62,87.62,87.62,100,2021-04-15 15:11:00,PEZ
87.6881,87.6881,87.6881,87.6881,100,2021-04-15 15:12:00,PEZ
87.75,87.75,87.75,87.75,100,2021-04-15 15:13:00,PEZ
87.78,87.78,87.78,87.78,100,2021-04-15 15:14:00,PEZ
87.6914,87.6914,87.5589,87.5589,812,2021-04-15 15:26:00,PEZ
87.592,87.592,87.592,87.592,125,2021-04-15 15:28:00,PEZ
87.54,87.54,87.54,87.54,140,2021-04-15 15:33:00,PEZ
87.74,87.74,87.74,87.74,100,2021-04-15 15:37:00,PEZ
87.835,87.835,87.835,87.835,465,2021-04-15 15:39:00,PEZ
88.1289,88.1289,88.1289,88.1289,121,2021-04-15 15:46:00,PEZ
87.73,87.73,87.73,87.73,100,2021-04-15 16:28:00,PEZ
87.685,87.685,87.685,87.685,100,2021-04-15 16:38:00,PEZ
87.4352,87.4522,87.37,87.4522,730,2021-04-15 17:04:00,PEZ
87.47,87.47,87.47,87.47,100,2021-04-15 17:51:00,PEZ
87.85,87.85,87.85,87.85,127,2021-04-15 18:02:00,PEZ
87.7999,87.7999,87.7999,87.7999,400,2021-04-15 18:07:00,PEZ
87.5107,87.5107,87.5107,87.5107,285,2021-04-15 18:19:00,PEZ
87.87,87.87,87.87,87.87,100,2021-04-15 18:28:00,PEZ
87.77,87.77,87.77,87.77,325,2021-04-15 18:37:00,PEZ
87.7633,87.7633,87.7633,87.7633,305,2021-04-15 18:40:00,PEZ
87.83,87.83,87.83,87.83,191,2021-04-15 18:47:00,PEZ
87.8,87.8,87.8,87.8,100,2021-04-15 18:55:00,PEZ
87.8406,87.8406,87.8406,87.8406,215,2021-04-15 19:08:00,PEZ
87.375,87.375,87.375,87.375,368,2021-04-15 19:18:00,PEZ
87.58,87.66,87.58,87.66,1375,2021-04-15 19:19:00,PEZ
87.4068,87.4068,87.4068,87.4068,708,2021-04-15 19:21:00,PEZ
87.6403,87.6403,87.5284,87.5284,278,2021-04-15 19:22:00,PEZ
87.3511,87.3511,87.3511,87.3511,276,2021-04-15 19:24:00,PEZ
87.2948,87.2948,87.2948,87.2948,523,2021-04-15 19:27:00,PEZ
87.2862,87.2862,87.2862,87.2862,433,2021-04-15 19:30:00,PEZ
87.3331,87.3331,87.3331,87.3331,117,2021-04-15 19:34:00,PEZ
87.59,87.59,87.59,87.59,100,2021-04-15 19:56:00,PEZ
87.76,87.76,87.76,87.76,100,2021-04-15 19:59:00,PEZ
88.48,88.48,88.48,88.48,541,2021-04-16 13:30:00,PEZ
87.69,87.69,87.69,87.69,100,2021-04-16 13:38:00,PEZ
87.77,87.77,87.73,87.73,211,2021-04-16 13:51:00,PEZ
87.0704,87.0704,87.0704,87.0704,209,2021-04-16 14:03:00,PEZ
87.62,87.62,87.62,87.62,261,2021-04-16 14:26:00,PEZ
87.7884,87.7884,87.7884,87.7884,251,2021-04-16 15:11:00,PEZ
87.937,87.937,87.937,87.937,237,2021-04-16 15:12:00,PEZ
87.755,87.755,87.755,87.755,222,2021-04-16 15:28:00,PEZ
88.035,88.035,88.035,88.035,115,2021-04-16 15:55:00,PEZ
87.82,87.82,87.82,87.82,1498,2021-04-16 16:45:00,PEZ
87.69,87.69,87.69,87.69,389,2021-04-16 17:19:00,PEZ
87.82,87.82,87.82,87.82,4350,2021-04-16 17:24:00,PEZ
87.865,87.865,87.865,87.865,204,2021-04-16 18:11:00,PEZ
87.8483,87.8483,87.8483,87.8483,140,2021-04-16 18:31:00,PEZ
87.87,87.87,87.87,87.87,120,2021-04-16 18:34:00,PEZ
88.07,88.08,88.07,88.08,200,2021-04-16 19:00:00,PEZ
88.0407,88.0407,88.0407,88.0407,215,2021-04-16 19:08:00,PEZ
88.073,88.073,88.073,88.073,160,2021-04-16 19:10:00,PEZ
88.1026,88.1026,88.1026,88.1026,110,2021-04-16 19:12:00,PEZ
88.04,88.04,88.04,88.04,184,2021-04-16 19:52:00,PEZ
87.62,87.62,87.1,87.1,296,2021-04-19 13:30:00,PEZ
87.1,87.1,87.1,87.1,930,2021-04-19 13:34:00,PEZ
86.84,86.84,86.84,86.84,100,2021-04-19 13:37:00,PEZ
87.4926,87.4926,87.4926,87.4926,200,2021-04-19 13:41:00,PEZ
87.36,87.36,87.36,87.36,300,2021-04-19 13:50:00,PEZ
87.3501,87.3501,87.3501,87.3501,100,2021-04-19 13:51:00,PEZ
87.45,87.45,87.45,87.45,169,2021-04-19 13:59:00,PEZ
87.225,87.225,87.225,87.225,114,2021-04-19 14:00:00,PEZ
86.9794,86.9794,86.9794,86.9794,100,2021-04-19 14:18:00,PEZ
86.085,86.085,86.085,86.085,514,2021-04-19 14:51:00,PEZ
86.03,86.03,86.03,86.03,100,2021-04-19 14:52:00,PEZ
85.9569,85.9569,85.8659,85.8659,686,2021-04-19 15:12:00,PEZ
86.2851,86.2851,86.2851,86.2851,250,2021-04-19 15:18:00,PEZ
86.27,86.27,86.27,86.27,411,2021-04-19 15:27:00,PEZ
86.06,86.06,86.06,86.06,115,2021-04-19 16:20:00,PEZ
85.81,85.81,85.81,85.81,100,2021-04-19 16:45:00,PEZ
86.22,86.22,86.1,86.1,455,2021-04-19 17:20:00,PEZ
86.0509,86.0509,86.0509,86.0509,110,2021-04-19 17:44:00,PEZ
86.1024,86.1024,86.1024,86.1024,105,2021-04-19 17:50:00,PEZ
86.0878,86.0878,86.0878,86.0878,215,2021-04-19 17:52:00,PEZ
86.3083,86.3083,86.3083,86.3083,130,2021-04-19 18:08:00,PEZ
86.3335,86.3335,86.3335,86.3335,160,2021-04-19 18:12:00,PEZ
86.3944,86.3944,86.3944,86.3944,130,2021-04-19 18:18:00,PEZ
86.3649,86.3649,86.3649,86.3649,160,2021-04-19 18:22:00,PEZ
86.3943,86.3943,86.3943,86.3943,100,2021-04-19 18:30:00,PEZ
86.107,86.107,86.107,86.107,245,2021-04-19 18:36:00,PEZ
86.285,86.285,86.285,86.285,100,2021-04-19 18:40:00,PEZ
86.108,86.108,86.108,86.108,240,2021-04-19 18:42:00,PEZ
86.167,86.167,86.167,86.167,230,2021-04-19 18:46:00,PEZ
86.274,86.274,86.274,86.274,239,2021-04-19 18:54:00,PEZ
86.3799,86.3799,86.3799,86.3799,140,2021-04-19 18:58:00,PEZ
85.99,85.99,85.99,85.99,100,2021-04-19 19:48:00,PEZ
85.9,85.9,85.9,85.9,100,2021-04-19 19:50:00,PEZ
86.12,86.12,86.12,86.12,100,2021-04-19 19:59:00,PEZ
86.25,86.25,86.25,86.25,100,2021-04-20 13:21:00,PEZ
85.63,85.63,85.63,85.63,300,2021-04-20 13:30:00,PEZ
85.96,85.96,85.96,85.96,100,2021-04-20 13:36:00,PEZ
85.035,85.035,84.91,84.91,1000,2021-04-20 14:06:00,PEZ
84.865,84.865,84.865,84.865,100,2021-04-20 14:08:00,PEZ
84.84,84.84,84.84,84.84,135,2021-04-20 14:10:00,PEZ
84.2,84.2,84.2,84.2,238,2021-04-20 14:30:00,PEZ
84.2,84.2,84.2,84.2,200,2021-04-20 14:33:00,PEZ
83.97,83.97,83.97,83.97,200,2021-04-20 14:35:00,PEZ
83.25,83.25,83.25,83.25,100,2021-04-20 14:44:00,PEZ
82.79,82.855,82.7126,82.7126,464,2021-04-20 14:51:00,PEZ
82.66,82.75,82.66,82.75,300,2021-04-20 14:52:00,PEZ
82.665,82.665,82.665,82.665,100,2021-04-20 14:53:00,PEZ
83.05,83.05,83.05,83.05,257,2021-04-20 15:01:00,PEZ
82.92,82.92,82.92,82.92,100,2021-04-20 15:02:00,PEZ
82.955,82.99,82.92,82.99,745,2021-04-20 15:09:00,PEZ
82.7868,82.7868,82.7868,82.7868,379,2021-04-20 15:11:00,PEZ
82.3353,82.3353,82.3353,82.3353,240,2021-04-20 15:16:00,PEZ
82.32,82.32,82.32,82.32,560,2021-04-20 15:30:00,PEZ
82.46,82.46,82.46,82.46,500,2021-04-20 15:32:00,PEZ
82.302,82.302,82.302,82.302,120,2021-04-20 15:33:00,PEZ
81.8218,81.8218,81.8218,81.8218,500,2021-04-20 15:38:00,PEZ
82.3008,82.3008,82.3008,82.3008,1300,2021-04-20 15:52:00,PEZ
82.96,82.96,82.96,82.96,100,2021-04-20 16:18:00,PEZ
82.8933,82.925,82.8933,82.9085,1406,2021-04-20 16:23:00,PEZ
82.8371,82.925,82.82,82.8534,1937,2021-04-20 16:24:00,PEZ
82.96,82.96,82.96,82.96,100,2021-04-20 16:26:00,PEZ
82.77,82.77,82.77,82.77,1385,2021-04-20 16:28:00,PEZ
82.865,82.865,82.865,82.865,400,2021-04-20 16:31:00,PEZ
82.64,82.7459,82.64,82.72,366,2021-04-20 16:36:00,PEZ
82.47,82.47,82.47,82.47,100,2021-04-20 16:58:00,PEZ
82.48,82.48,82.48,82.48,100,2021-04-20 17:34:00,PEZ
82.51,82.51,82.51,82.51,144,2021-04-20 17:55:00,PEZ
82.59,82.59,82.59,82.59,910,2021-04-20 18:07:00,PEZ
82.5,82.5,82.5,82.5,200,2021-04-20 18:15:00,PEZ
82.7791,82.7791,82.7791,82.7791,6029,2021-04-20 19:20:00,PEZ
82.82,82.82,82.82,82.82,100,2021-04-20 19:23:00,PEZ
82.85,82.85,82.85,82.85,123,2021-04-20 19:30:00,PEZ
83.1,83.1,83.1,83.1,100,2021-04-20 19:34:00,PEZ
83.11,83.11,83.11,83.11,100,2021-04-20 19:35:00,PEZ
83.18,83.18,83.18,83.18,100,2021-04-20 19:37:00,PEZ
83.0362,83.0362,83.0362,83.0362,100,2021-04-20 19:41:00,PEZ
83.4089,83.4089,83.4089,83.4089,220,2021-04-20 19:44:00,PEZ
83.4,83.4497,83.315,83.315,695,2021-04-20 19:46:00,PEZ
83.53,83.53,83.53,83.53,100,2021-04-20 19:49:00,PEZ
83.6,83.61,83.6,83.61,206,2021-04-20 19:59:00,PEZ
83.43,83.43,83.43,83.43,218,2021-04-21 13:30:00,PEZ
82.45,82.45,82.45,82.45,100,2021-04-21 13:32:00,PEZ
83.31,83.31,83.31,83.31,200,2021-04-21 13:37:00,PEZ
83.39,83.39,83.39,83.39,400,2021-04-21 13:44:00,PEZ
84.7578,84.7578,84.7578,84.7578,100,2021-04-21 14:07:00,PEZ
85.09,85.09,85.09,85.09,100,2021-04-21 14:21:00,PEZ
85.27,85.27,85.27,85.27,300,2021-04-21 14:32:00,PEZ
85.5,85.5,85.5,85.5,100,2021-04-21 14:40:00,PEZ
85.9473,85.9473,85.9473,85.9473,232,2021-04-21 14:49:00,PEZ
85.23,85.23,85.21,85.21,3923,2021-04-21 15:13:00,PEZ
84.9149,84.9149,84.9149,84.9149,1928,2021-04-21 15:36:00,PEZ
85.0024,85.0024,85.0024,85.0024,283,2021-04-21 15:42:00,PEZ
85.42,85.42,85.42,85.42,100,2021-04-21 15:51:00,PEZ
85.525,85.525,85.525,85.525,114,2021-04-21 16:03:00,PEZ
85.71,85.71,85.71,85.71,100,2021-04-21 17:11:00,PEZ
85.7936,85.7936,85.7936,85.7936,200,2021-04-21 17:36:00,PEZ
85.89,85.89,85.89,85.89,18385,2021-04-21 17:44:00,PEZ
85.99,85.99,85.99,85.99,100,2021-04-21 17:48:00,PEZ
86.0,86.0,86.0,86.0,100,2021-04-21 17:50:00,PEZ
86.0,86.0,86.0,86.0,100,2021-04-21 17:53:00,PEZ
86.0267,86.0267,85.8876,85.8876,642,2021-04-21 18:10:00,PEZ
86.03,86.03,86.03,86.03,165,2021-04-21 18:33:00,PEZ
86.04,86.04,86.04,86.04,100,2021-04-21 18:37:00,PEZ
86.0181,86.0181,86.0181,86.0181,168,2021-04-21 18:43:00,PEZ
85.895,85.895,85.895,85.895,100,2021-04-21 18:51:00,PEZ
86.3813,86.3813,86.3813,86.3813,117,2021-04-21 19:20:00,PEZ
86.2916,86.2916,86.2916,86.2916,132,2021-04-21 19:21:00,PEZ
86.435,86.435,86.435,86.435,278,2021-04-21 19:35:00,PEZ
86.51,86.51,86.51,86.51,200,2021-04-21 19:45:00,PEZ
86.52,86.53,86.52,86.53,300,2021-04-21 19:47:00,PEZ
86.54,86.54,86.54,86.54,500,2021-04-21 19:48:00,PEZ
86.605,86.605,86.605,86.605,100,2021-04-21 19:50:00,PEZ
86.85,86.85,86.85,86.85,264,2021-04-21 19:59:00,PEZ
87.14,87.14,87.14,87.14,176,2021-04-22 13:30:00,PEZ
87.74,87.74,87.74,87.74,100,2021-04-22 13:35:00,PEZ
87.35,87.35,87.35,87.35,160,2021-04-22 13:42:00,PEZ
87.31,87.31,87.31,87.31,111,2021-04-22 14:09:00,PEZ
87.5495,87.5495,87.5495,87.5495,118,2021-04-22 14:37:00,PEZ
87.8482,87.8482,87.8482,87.8482,1300,2021-04-22 15:00:00,PEZ
87.7779,87.7779,87.7779,87.7779,138,2021-04-22 15:11:00,PEZ
87.6428,87.6428,87.6428,87.6428,149,2021-04-22 15:12:00,PEZ
87.93,87.93,87.93,87.93,108,2021-04-22 15:26:00,PEZ
87.99,87.99,87.99,87.99,100,2021-04-22 15:31:00,PEZ
88.07,88.08,88.07,88.08,200,2021-04-22 15:35:00,PEZ
88.0301,88.0301,88.0301,88.0301,152,2021-04-22 15:49:00,PEZ
88.0384,88.0384,88.0384,88.0384,739,2021-04-22 16:21:00,PEZ
88.22,88.22,88.22,88.22,568,2021-04-22 16:50:00,PEZ
88.3146,88.3146,88.3146,88.3146,142,2021-04-22 17:01:00,PEZ
87.91,87.91,87.91,87.91,300,2021-04-22 17:07:00,PEZ
87.0838,87.0838,87.0838,87.0838,2432,2021-04-22 17:25:00,PEZ
87.61,87.61,87.61,87.61,457,2021-04-22 17:30:00,PEZ
86.43,86.43,86.43,86.43,201,2021-04-22 17:48:00,PEZ
86.36,86.36,86.36,86.36,100,2021-04-22 17:50:00,PEZ
86.146,86.146,86.146,86.146,250,2021-04-22 17:53:00,PEZ
85.81,85.81,85.81,85.81,200,2021-04-22 18:07:00,PEZ
86.295,86.295,86.295,86.295,100,2021-04-22 18:20:00,PEZ
86.23,86.23,86.23,86.23,100,2021-04-22 18:23:00,PEZ
86.26,86.26,86.26,86.26,19905,2021-04-22 18:26:00,PEZ
86.4,86.4,86.4,86.4,300,2021-04-22 18:54:00,PEZ
86.82,86.82,86.82,86.82,100,2021-04-22 19:01:00,PEZ
86.82,86.82,86.82,86.82,100,2021-04-22 19:05:00,PEZ
86.6822,86.6822,86.6822,86.6822,150,2021-04-22 19:06:00,PEZ
86.17,86.17,86.17,86.17,100,2021-04-22 19:21:00,PEZ
86.445,86.445,86.445,86.445,120,2021-04-22 19:40:00,PEZ
86.29,86.29,86.29,86.29,179,2021-04-22 19:59:00,PEZ
87.03,87.03,87.03,87.03,244,2021-04-23 13:30:00,PEZ
87.76,87.76,87.76,87.76,100,2021-04-23 14:12:00,PEZ
87.3941,87.3941,87.3941,87.3941,250,2021-04-23 14:20:00,PEZ
87.985,87.985,87.985,87.985,381,2021-04-23 14:34:00,PEZ
87.7,87.7,87.7,87.7,276,2021-04-23 14:54:00,PEZ
88.0,88.0,88.0,88.0,100,2021-04-23 15:07:00,PEZ
87.81,87.815,87.69,87.81,1055,2021-04-23 15:12:00,PEZ
87.99,87.99,87.99,87.99,100,2021-04-23 15:34:00,PEZ
87.9786,87.9786,87.9786,87.9786,586,2021-04-23 15:43:00,PEZ
88.09,88.09,88.09,88.09,1097,2021-04-23 15:52:00,PEZ
88.03,88.0985,88.03,88.0985,200,2021-04-23 16:21:00,PEZ
87.982,87.982,87.982,87.982,125,2021-04-23 16:32:00,PEZ
88.06,88.06,88.06,88.06,100,2021-04-23 16:33:00,PEZ
88.195,88.195,88.195,88.195,367,2021-04-23 17:14:00,PEZ
88.58,88.58,88.58,88.58,100,2021-04-23 18:13:00,PEZ
88.57,88.57,88.57,88.57,100,2021-04-23 18:55:00,PEZ
88.6,88.6,88.6,88.6,100,2021-04-23 19:00:00,PEZ
88.4474,88.4474,88.4474,88.4474,216,2021-04-23 19:11:00,PEZ
88.72,88.72,88.72,88.72,161,2021-04-23 19:47:00,PEZ
88.72,88.72,88.72,88.72,100,2021-04-23 19:48:00,PEZ
88.9,88.9,88.9,88.9,100,2021-04-26 12:59:00,PEZ
89.56,89.56,89.56,89.56,206,2021-04-26 13:30:00,PEZ
90.0,90.0,90.0,90.0,100,2021-04-26 13:33:00,PEZ
90.0,90.0,90.0,90.0,100,2021-04-26 13:36:00,PEZ
90.005,90.1799,90.005,90.1799,1666,2021-04-26 13:40:00,PEZ
89.749,89.749,89.749,89.749,580,2021-04-26 13:48:00,PEZ
89.22,89.22,89.22,89.22,100,2021-04-26 13:57:00,PEZ
89.6357,89.6357,89.605,89.605,3079,2021-04-26 14:06:00,PEZ
89.6704,89.6704,89.6437,89.6437,8000,2021-04-26 14:07:00,PEZ
89.425,89.425,89.425,89.425,130,2021-04-26 14:25:00,PEZ
89.4745,89.4745,89.4745,89.4745,150,2021-04-26 14:28:00,PEZ
89.066,89.066,89.066,89.066,112,2021-04-26 14:51:00,PEZ
89.315,89.315,89.315,89.315,132,2021-04-26 15:02:00,PEZ
89.335,89.335,89.335,89.335,100,2021-04-26 15:06:00,PEZ
89.38,89.38,89.38,89.38,104,2021-04-26 15:27:00,PEZ
89.408,89.408,89.408,89.408,120,2021-04-26 16:44:00,PEZ
89.495,89.495,89.495,89.495,300,2021-04-26 17:07:00,PEZ
89.55,89.55,89.55,89.55,1065,2021-04-26 17:28:00,PEZ
89.24,89.24,89.21,89.21,200,2021-04-26 17:36:00,PEZ
89.479,89.479,89.479,89.479,254,2021-04-26 17:49:00,PEZ
89.3701,89.3701,89.3701,89.3701,326,2021-04-26 18:21:00,PEZ
89.64,89.64,89.64,89.64,100,2021-04-26 18:27:00,PEZ
89.6257,89.6257,89.6257,89.6257,300,2021-04-26 18:45:00,PEZ
89.6601,89.6601,89.6601,89.6601,135,2021-04-26 19:23:00,PEZ
89.6,89.6,89.6,89.6,100,2021-04-26 19:29:00,PEZ
89.9899,89.9899,89.9899,89.9899,111,2021-04-26 19:46:00,PEZ
89.9301,89.9301,89.9301,89.9301,100,2021-04-26 19:48:00,PEZ
89.845,89.845,89.845,89.845,100,2021-04-26 19:53:00,PEZ
89.97,89.99,89.97,89.99,340,2021-04-26 19:59:00,PEZ
90.86,90.86,90.86,90.86,372,2021-04-27 13:30:00,PEZ
90.988,90.988,90.988,90.988,220,2021-04-27 13:50:00,PEZ
91.1112,91.1112,91.1112,91.1112,274,2021-04-27 13:54:00,PEZ
91.3301,91.3301,91.3301,91.3301,500,2021-04-27 14:05:00,PEZ
91.0875,91.0875,91.0875,91.0875,284,2021-04-27 14:20:00,PEZ
91.2499,91.2499,91.13,91.13,300,2021-04-27 14:21:00,PEZ
91.47,91.47,91.47,91.47,100,2021-04-27 14:31:00,PEZ
91.93,91.93,91.93,91.93,200,2021-04-27 15:09:00,PEZ
91.942,91.942,91.942,91.942,619,2021-04-27 15:13:00,PEZ
92.28,92.28,92.28,92.28,100,2021-04-27 15:21:00,PEZ
91.83,91.83,91.83,91.83,100,2021-04-27 15:50:00,PEZ
91.786,91.786,91.786,91.786,525,2021-04-27 15:52:00,PEZ
91.7976,91.7976,91.7976,91.7976,220,2021-04-27 15:56:00,PEZ
91.6502,91.6502,91.6502,91.6502,500,2021-04-27 16:09:00,PEZ
91.5822,91.5822,91.5822,91.5822,172,2021-04-27 16:26:00,PEZ
91.48,91.48,91.48,91.48,400,2021-04-27 16:31:00,PEZ
90.73,90.73,90.72,90.72,300,2021-04-27 16:54:00,PEZ
91.1514,91.1514,91.1514,91.1514,997,2021-04-27 17:38:00,PEZ
91.1104,91.1104,91.1104,91.1104,371,2021-04-27 18:09:00,PEZ
91.31,91.33,91.31,91.33,200,2021-04-27 18:53:00,PEZ
91.3324,91.3324,91.3324,91.3324,100,2021-04-27 18:57:00,PEZ
91.226,91.226,91.226,91.226,511,2021-04-27 19:15:00,PEZ
91.235,91.235,91.235,91.235,325,2021-04-27 19:16:00,PEZ
91.285,91.285,91.285,91.285,100,2021-04-27 19:19:00,PEZ
91.32,91.32,91.32,91.32,100,2021-04-27 19:54:00,PEZ
91.23,91.23,91.23,91.23,113,2021-04-27 19:58:00,PEZ
91.31,91.31,91.31,91.31,100,2021-04-27 19:59:00,PEZ
91.41,91.41,91.41,91.41,268,2021-04-27 20:00:00,PEZ
90.38,90.38,90.38,90.38,100,2021-04-28 13:33:00,PEZ
90.835,90.835,90.835,90.835,100,2021-04-28 13:44:00,PEZ
91.41,91.41,91.41,91.41,150,2021-04-28 14:19:00,PEZ
91.2822,91.2822,91.2822,91.2822,155,2021-04-28 15:18:00,PEZ
91.32,91.32,91.32,91.32,100,2021-04-28 16:33:00,PEZ
91.4565,91.4565,91.4565,91.4565,7897,2021-04-28 16:36:00,PEZ
91.7316,91.7316,91.704,91.704,349,2021-04-28 17:22:00,PEZ
91.38,91.38,91.38,91.38,100,2021-04-28 17:55:00,PEZ
92.32,92.32,92.32,92.32,122,2021-04-29 13:30:00,PEZ
91.64,91.7136,91.64,91.7136,250,2021-04-29 13:51:00,PEZ
91.62,91.62,91.53,91.53,340,2021-04-29 14:08:00,PEZ
90.32,90.32,90.32,90.32,100,2021-04-29 14:38:00,PEZ
90.44,90.44,90.44,90.44,212,2021-04-29 14:40:00,PEZ
90.725,90.725,90.725,90.725,112,2021-04-29 14:56:00,PEZ
91.0725,91.0725,91.0725,91.0725,331,2021-04-29 15:15:00,PEZ
90.935,91.0,90.935,91.0,901,2021-04-29 15:17:00,PEZ
89.4,89.4,89.4,89.4,262,2021-04-29 16:30:00,PEZ
90.03,90.03,90.03,90.03,400,2021-04-29 17:39:00,PEZ
90.3197,90.3197,90.3197,90.3197,274,2021-04-29 18:10:00,PEZ
90.608,90.608,90.608,90.608,111,2021-04-29 18:26:00,PEZ
90.97,90.97,90.97,90.97,110,2021-04-29 19:02:00,PEZ
90.96,90.96,90.96,90.96,107,2021-04-29 19:06:00,PEZ
90.5187,90.5187,90.5187,90.5187,175,2021-04-29 19:36:00,PEZ
90.5614,90.5614,90.5614,90.5614,354,2021-04-29 19:39:00,PEZ
90.535,90.535,90.535,90.535,104,2021-04-29 19:44:00,PEZ
90.75,90.75,90.75,90.75,100,2021-04-29 19:59:00,PEZ
89.86,89.86,89.86,89.86,111,2021-04-30 13:30:00,PEZ
90.275,90.275,90.275,90.275,100,2021-04-30 13:56:00,PEZ
90.535,90.535,90.535,90.535,100,2021-04-30 14:18:00,PEZ
90.3797,90.3797,90.3797,90.3797,111,2021-04-30 14:36:00,PEZ
89.96,89.96,89.96,89.96,100,2021-04-30 14:37:00,PEZ
89.2481,89.2481,89.2481,89.2481,272,2021-04-30 15:01:00,PEZ
89.51,89.52,89.51,89.52,267,2021-04-30 15:15:00,PEZ
89.61,89.61,89.61,89.61,200,2021-04-30 15:34:00,PEZ
89.94,89.94,89.94,89.94,252,2021-04-30 15:58:00,PEZ
90.11,90.11,90.11,90.11,280,2021-04-30 16:07:00,PEZ
89.77,89.77,89.77,89.77,200,2021-04-30 17:16:00,PEZ
89.756,89.756,89.755,89.755,515,2021-04-30 17:20:00,PEZ
89.7992,89.7992,89.7992,89.7992,183,2021-04-30 17:30:00,PEZ
89.75,89.75,89.75,89.75,1000,2021-04-30 17:43:00,PEZ
89.6,89.6,89.6,89.6,280,2021-04-30 18:47:00,PEZ
89.164,89.17,89.164,89.17,500,2021-04-30 19:20:00,PEZ
89.4984,89.4984,89.4984,89.4984,400,2021-04-30 19:35:00,PEZ
89.522,89.528,89.522,89.524,1455,2021-04-30 19:36:00,PEZ
89.31,89.31,89.31,89.31,100,2021-04-30 19:43:00,PEZ
89.54,89.54,89.54,89.54,205,2021-04-30 19:59:00,PEZ
89.764,89.764,89.764,89.764,375,2021-05-03 13:49:00,PEZ
90.165,90.165,90.165,90.165,100,2021-05-03 14:24:00,PEZ
90.1544,90.1544,90.1544,90.1544,555,2021-05-03 14:25:00,PEZ
90.04,90.04,90.04,90.04,400,2021-05-03 14:34:00,PEZ
89.7001,89.7001,89.7001,89.7001,300,2021-05-03 14:41:00,PEZ
89.47,89.47,89.47,89.47,200,2021-05-03 14:54:00,PEZ
89.7343,89.7343,89.7343,89.7343,115,2021-05-03 15:08:00,PEZ
89.7411,89.7411,89.7411,89.7411,211,2021-05-03 15:14:00,PEZ
89.7916,89.7916,89.7916,89.7916,349,2021-05-03 15:21:00,PEZ
89.675,89.675,89.675,89.675,690,2021-05-03 15:36:00,PEZ
89.325,89.325,89.325,89.325,107,2021-05-03 15:55:00,PEZ
89.46,89.46,89.46,89.46,156,2021-05-03 15:57:00,PEZ
89.64,89.64,89.64,89.64,100,2021-05-03 16:09:00,PEZ
89.635,89.635,89.635,89.635,104,2021-05-03 16:15:00,PEZ
90.0045,90.0045,90.0045,90.0045,358,2021-05-03 16:23:00,PEZ
90.0033,90.0033,90.0033,90.0033,150,2021-05-03 16:26:00,PEZ
89.8,89.8,89.8,89.8,100,2021-05-03 16:53:00,PEZ
89.57,89.57,89.57,89.57,100,2021-05-03 17:26:00,PEZ
89.595,89.595,89.595,89.595,100,2021-05-03 17:55:00,PEZ
89.675,89.675,89.675,89.675,567,2021-05-03 18:06:00,PEZ
89.6377,89.6377,89.6377,89.6377,375,2021-05-03 18:11:00,PEZ
89.6302,89.6302,89.6302,89.6302,193,2021-05-03 18:13:00,PEZ
89.6,89.6,89.6,89.6,7897,2021-05-03 18:16:00,PEZ
89.7,89.7,89.7,89.7,125,2021-05-03 19:47:00,PEZ
89.66,89.66,89.66,89.66,400,2021-05-03 19:58:00,PEZ
89.4401,89.4401,89.4401,89.4401,178,2021-05-03 19:59:00,PEZ
88.1355,88.1355,88.1355,88.1355,100,2021-05-04 13:33:00,PEZ
88.0,88.0,88.0,88.0,100,2021-05-04 13:37:00,PEZ
88.2767,88.2767,88.2767,88.2767,528,2021-05-04 13:39:00,PEZ
87.6844,87.6844,87.6844,87.6844,269,2021-05-04 13:44:00,PEZ
86.8594,86.8594,86.8594,86.8594,625,2021-05-04 13:52:00,PEZ
87.015,87.015,87.015,87.015,100,2021-05-04 13:56:00,PEZ
88.0513,88.0513,88.0513,88.0513,250,2021-05-04 14:40:00,PEZ
88.04,88.065,88.04,88.065,560,2021-05-04 14:46:00,PEZ
87.0071,87.0071,86.98,86.98,563,2021-05-04 15:11:00,PEZ
86.89,86.89,86.7069,86.7069,565,2021-05-04 15:16:00,PEZ
87.0,87.0,87.0,87.0,100,2021-05-04 15:33:00,PEZ
86.69,86.698,86.69,86.698,389,2021-05-04 15:50:00,PEZ
87.075,87.075,87.075,87.075,112,2021-05-04 16:23:00,PEZ
87.155,87.155,87.155,87.155,105,2021-05-04 16:50:00,PEZ
86.9723,86.9723,86.9723,86.9723,270,2021-05-04 16:55:00,PEZ
87.4,87.4,87.4,87.4,800,2021-05-04 17:26:00,PEZ
87.585,87.585,87.585,87.585,280,2021-05-04 17:34:00,PEZ
87.4718,87.4718,87.4718,87.4718,200,2021-05-04 17:46:00,PEZ
87.485,87.485,87.485,87.485,125,2021-05-04 17:47:00,PEZ
88.06,88.06,88.06,88.06,125,2021-05-04 19:09:00,PEZ
88.29,88.5267,88.29,88.5267,460,2021-05-04 19:59:00,PEZ
88.61,88.61,88.61,88.61,100,2021-05-04 20:00:00,PEZ
89.54,89.54,89.54,89.54,183,2021-05-05 13:30:00,PEZ
89.8166,89.8166,89.8166,89.8166,223,2021-05-05 13:34:00,PEZ
88.53,88.53,88.53,88.53,150,2021-05-05 14:07:00,PEZ
89.5479,89.5479,89.5479,89.5479,242,2021-05-05 15:18:00,PEZ
89.5464,89.5464,89.5464,89.5464,305,2021-05-05 15:36:00,PEZ
89.5132,89.5132,89.5132,89.5132,200,2021-05-05 15:37:00,PEZ
89.84,89.84,89.84,89.84,200,2021-05-05 16:05:00,PEZ
89.99,89.99,89.99,89.99,185,2021-05-05 16:07:00,PEZ
90.05,90.05,89.915,89.915,1490,2021-05-05 16:13:00,PEZ
89.495,89.495,89.495,89.495,111,2021-05-05 16:34:00,PEZ
89.24,89.24,89.24,89.24,100,2021-05-05 16:52:00,PEZ
89.25,89.25,89.25,89.25,109,2021-05-05 17:39:00,PEZ
89.375,89.375,89.375,89.375,930,2021-05-05 17:47:00,PEZ
89.29,89.29,89.24,89.24,328,2021-05-05 17:58:00,PEZ
89.16,89.16,89.16,89.16,103,2021-05-05 18:09:00,PEZ
89.41,89.41,89.3,89.3,600,2021-05-05 18:21:00,PEZ
89.57,89.57,89.57,89.57,100,2021-05-05 18:22:00,PEZ
88.67,88.67,88.67,88.67,120,2021-05-05 19:18:00,PEZ
88.93,88.93,88.92,88.92,1152,2021-05-05 19:56:00,PEZ
88.81,88.81,88.81,88.81,100,2021-05-05 19:57:00,PEZ
88.97,88.97,88.97,88.97,100,2021-05-05 19:59:00,PEZ
89.09,89.09,89.09,89.09,137,2021-05-05 20:00:00,PEZ
88.74,88.74,88.74,88.74,105,2021-05-06 13:30:00,PEZ
87.615,87.615,87.615,87.615,150,2021-05-06 13:56:00,PEZ
87.165,87.165,87.05,87.05,223,2021-05-06 14:01:00,PEZ
87.015,87.015,87.015,87.015,305,2021-05-06 14:07:00,PEZ
86.84,86.84,86.84,86.84,200,2021-05-06 14:11:00,PEZ
86.99,86.99,86.99,86.99,115,2021-05-06 14:14:00,PEZ
87.0135,87.0135,87.0135,87.0135,350,2021-05-06 14:46:00,PEZ
86.9156,86.9156,86.9156,86.9156,110,2021-05-06 14:49:00,PEZ
86.69,86.69,86.69,86.69,100,2021-05-06 15:07:00,PEZ
86.6847,86.6847,86.6847,86.6847,450,2021-05-06 15:11:00,PEZ
86.9,86.9,86.9,86.9,102,2021-05-06 15:32:00,PEZ
87.3519,87.3519,87.3519,87.3519,1438,2021-05-06 15:49:00,PEZ
87.49,87.49,87.49,87.49,131,2021-05-06 15:54:00,PEZ
87.36,87.36,87.36,87.36,1935,2021-05-06 16:19:00,PEZ
87.4939,87.4939,87.4939,87.4939,140,2021-05-06 16:41:00,PEZ
87.2542,87.2542,87.2542,87.2542,140,2021-05-06 16:49:00,PEZ
87.1,87.1,87.1,87.1,250,2021-05-06 17:26:00,PEZ
87.2084,87.2084,87.2084,87.2084,104,2021-05-06 17:31:00,PEZ
87.1379,87.1379,87.1379,87.1379,178,2021-05-06 17:35:00,PEZ
87.115,87.115,87.115,87.115,3000,2021-05-06 17:44:00,PEZ
86.9801,86.9826,86.96,86.96,4710,2021-05-06 17:45:00,PEZ
86.93,86.93,86.85,86.85,2112,2021-05-06 17:50:00,PEZ
86.93,86.93,86.93,86.93,2000,2021-05-06 17:51:00,PEZ
86.87,86.87,86.87,86.87,200,2021-05-06 18:12:00,PEZ
86.7215,86.7215,86.7215,86.7215,193,2021-05-06 19:32:00,PEZ
86.6031,86.6031,86.6031,86.6031,138,2021-05-06 19:33:00,PEZ
87.24,87.3,87.05,87.07,78688,2021-05-06 19:51:00,PEZ
87.39,87.39,87.39,87.39,100,2021-05-06 19:54:00,PEZ
87.4,87.4,87.2,87.2,200,2021-05-06 19:57:00,PEZ
87.4999,87.4999,87.4999,87.4999,3100,2021-05-06 19:58:00,PEZ
87.41,87.505,87.41,87.505,200,2021-05-06 19:59:00,PEZ
87.52,87.52,87.52,87.52,200,2021-05-06 20:00:00,PEZ
87.65,87.65,87.65,87.65,229,2021-05-07 13:31:00,PEZ
88.655,88.655,88.655,88.655,205,2021-05-07 13:37:00,PEZ
88.875,89.0,88.875,88.915,1440,2021-05-07 13:40:00,PEZ
88.96,88.96,88.96,88.96,450,2021-05-07 13:59:00,PEZ
89.17,89.17,89.17,89.17,146,2021-05-07 14:04:00,PEZ
89.52,89.52,89.52,89.52,400,2021-05-07 14:21:00,PEZ
89.95,89.95,89.95,89.95,115,2021-05-07 14:47:00,PEZ
89.85,89.85,89.85,89.85,342,2021-05-07 15:10:00,PEZ
89.635,89.635,89.635,89.635,177,2021-05-07 15:12:00,PEZ
89.48,89.48,89.48,89.48,114,2021-05-07 15:20:00,PEZ
89.5583,89.5583,89.4714,89.4714,903,2021-05-07 15:23:00,PEZ
89.365,89.365,89.365,89.365,150,2021-05-07 15:32:00,PEZ
89.445,89.445,89.445,89.445,214,2021-05-07 15:57:00,PEZ
89.7569,89.7569,89.7569,89.7569,620,2021-05-07 17:15:00,PEZ
89.4383,89.4383,89.4383,89.4383,978,2021-05-07 18:27:00,PEZ
89.4799,89.4799,89.4799,89.4799,200,2021-05-07 18:30:00,PEZ
89.3682,89.3682,89.3682,89.3682,200,2021-05-07 18:31:00,PEZ
89.23,89.23,89.23,89.23,102,2021-05-07 18:38:00,PEZ
89.16,89.16,89.16,89.16,100,2021-05-07 18:40:00,PEZ
89.37,89.4,89.37,89.37,300,2021-05-07 18:55:00,PEZ
89.54,89.54,89.54,89.54,100,2021-05-07 19:23:00,PEZ
89.31,89.37,89.27,89.37,4069,2021-05-07 19:40:00,PEZ
89.42,89.42,89.42,89.42,200,2021-05-07 19:44:00,PEZ
89.47,89.47,89.47,89.47,200,2021-05-07 19:47:00,PEZ
89.44,89.57,89.44,89.57,6200,2021-05-07 19:52:00,PEZ
89.58,89.58,89.52,89.52,300,2021-05-07 19:55:00,PEZ
89.44,89.52,89.44,89.44,4500,2021-05-07 19:56:00,PEZ
89.44,89.575,89.44,89.56,5613,2021-05-07 19:57:00,PEZ
89.51,89.56,89.47,89.55,1400,2021-05-07 19:58:00,PEZ
89.38,89.38,89.38,89.38,500,2021-05-10 13:33:00,PEZ
88.585,88.585,88.585,88.585,125,2021-05-10 13:43:00,PEZ
88.6,88.6,88.6,88.6,100,2021-05-10 13:53:00,PEZ
88.35,88.35,88.35,88.35,325,2021-05-10 14:28:00,PEZ
88.2967,88.2967,88.29,88.29,1332,2021-05-10 14:40:00,PEZ
88.208,88.208,88.208,88.208,100,2021-05-10 14:54:00,PEZ
88.4215,88.4215,88.4215,88.4215,271,2021-05-10 15:11:00,PEZ
88.7,88.7,88.7,88.7,924,2021-05-10 15:42:00,PEZ
88.65,88.7,88.65,88.7,364,2021-05-10 15:55:00,PEZ
88.7501,88.7501,88.7501,88.7501,100,2021-05-10 15:59:00,PEZ
89.06,89.06,89.06,89.06,100,2021-05-10 16:10:00,PEZ
88.42,88.42,88.42,88.42,170,2021-05-10 16:57:00,PEZ
88.3956,88.3956,88.3956,88.3956,510,2021-05-10 17:01:00,PEZ
87.72,87.72,87.72,87.72,100,2021-05-10 18:15:00,PEZ
87.54,87.66,87.54,87.66,1219,2021-05-10 18:21:00,PEZ
86.9417,86.9417,86.9417,86.9417,4619,2021-05-10 18:36:00,PEZ
86.76,86.76,86.76,86.76,150,2021-05-10 19:08:00,PEZ
86.6728,86.6728,86.6728,86.6728,290,2021-05-10 19:25:00,PEZ
86.6951,86.6951,86.6951,86.6951,100,2021-05-10 19:28:00,PEZ
86.71,86.71,86.71,86.71,100,2021-05-10 19:41:00,PEZ
86.61,86.61,86.61,86.61,100,2021-05-10 19:42:00,PEZ
86.59,86.59,86.57,86.57,300,2021-05-10 19:43:00,PEZ
86.56,86.56,86.56,86.56,200,2021-05-10 19:44:00,PEZ
86.56,86.56,86.56,86.56,300,2021-05-10 19:45:00,PEZ
86.56,86.56,86.56,86.56,200,2021-05-10 19:46:00,PEZ
86.42,86.42,86.4,86.4,200,2021-05-10 19:47:00,PEZ
86.3,86.3,86.28,86.28,300,2021-05-10 19:48:00,PEZ
86.28,86.28,86.28,86.28,200,2021-05-10 19:49:00,PEZ
86.25,86.31,86.25,86.31,300,2021-05-10 19:50:00,PEZ
86.31,86.32,86.31,86.31,300,2021-05-10 19:51:00,PEZ
86.31,86.31,86.31,86.31,300,2021-05-10 19:52:00,PEZ
86.31,86.31,86.17,86.17,300,2021-05-10 19:53:00,PEZ
86.21,86.26,86.13,86.13,500,2021-05-10 19:54:00,PEZ
86.11,86.15,86.11,86.15,400,2021-05-10 19:55:00,PEZ
86.34,86.37,86.34,86.37,3700,2021-05-10 19:56:00,PEZ
86.25,86.25,86.25,86.25,100,2021-05-10 19:57:00,PEZ
86.09,86.09,86.05,86.06,1100,2021-05-10 19:59:00,PEZ
83.15,83.15,81.87,81.87,1164,2021-05-11 13:30:00,PEZ
83.86,83.86,83.85,83.85,1070,2021-05-11 13:42:00,PEZ
82.755,82.755,82.755,82.755,551,2021-05-11 14:36:00,PEZ
82.98,82.98,82.78,82.91,1442,2021-05-11 14:43:00,PEZ
82.7862,82.7862,82.7862,82.7862,1032,2021-05-11 14:44:00,PEZ
82.79,82.79,82.79,82.79,1000,2021-05-11 14:48:00,PEZ
82.962,82.962,82.962,82.962,100,2021-05-11 14:49:00,PEZ
83.72,83.72,83.72,83.72,118,2021-05-11 14:59:00,PEZ
83.538,83.538,83.538,83.538,100,2021-05-11 15:09:00,PEZ
83.7941,83.7941,83.7941,83.7941,316,2021-05-11 15:14:00,PEZ
84.305,84.305,84.305,84.305,525,2021-05-11 15:34:00,PEZ
84.6121,84.6121,84.4448,84.4448,740,2021-05-11 15:42:00,PEZ
84.632,84.632,84.632,84.632,220,2021-05-11 15:47:00,PEZ
84.66,84.66,84.66,84.66,102,2021-05-11 16:01:00,PEZ
84.83,84.83,84.6079,84.6079,396,2021-05-11 16:11:00,PEZ
84.7714,84.7714,84.71,84.71,618,2021-05-11 16:24:00,PEZ
84.6,84.6,84.6,84.6,3200,2021-05-11 16:26:00,PEZ
84.99,84.99,84.99,84.99,230,2021-05-11 16:37:00,PEZ
84.95,84.95,84.95,84.95,170,2021-05-11 16:40:00,PEZ
85.4869,85.4869,85.4869,85.4869,110,2021-05-11 17:51:00,PEZ
85.4727,85.4727,85.3669,85.3669,748,2021-05-11 18:07:00,PEZ
85.4175,85.4175,85.4175,85.4175,367,2021-05-11 18:31:00,PEZ
85.69,85.69,85.69,85.69,1600,2021-05-11 18:49:00,PEZ
85.67,85.67,85.67,85.67,1500,2021-05-11 18:53:00,PEZ
85.42,85.42,85.42,85.42,100,2021-05-11 19:01:00,PEZ
85.42,85.43,85.42,85.43,400,2021-05-11 19:02:00,PEZ
85.43,85.43,85.43,85.43,300,2021-05-11 19:03:00,PEZ
85.43,85.43,85.43,85.43,400,2021-05-11 19:04:00,PEZ
85.43,85.43,85.43,85.43,300,2021-05-11 19:05:00,PEZ
85.43,85.43,85.43,85.43,300,2021-05-11 19:06:00,PEZ
85.43,85.43,85.43,85.43,200,2021-05-11 19:07:00,PEZ
85.41,85.41,85.25,85.26,400,2021-05-11 19:08:00,PEZ
85.26,85.26,85.25,85.25,300,2021-05-11 19:09:00,PEZ
85.27,85.27,85.26,85.26,400,2021-05-11 19:10:00,PEZ
85.28,85.28,85.28,85.28,300,2021-05-11 19:11:00,PEZ
85.27,85.28,85.27,85.28,400,2021-05-11 19:12:00,PEZ
85.27,85.27,85.26,85.26,300,2021-05-11 19:13:00,PEZ
85.21,85.21,85.14,85.14,400,2021-05-11 19:14:00,PEZ
85.14,85.14,85.14,85.14,400,2021-05-11 19:15:00,PEZ
85.14,85.14,85.14,85.14,400,2021-05-11 19:16:00,PEZ
85.14,85.51,85.14,85.51,4100,2021-05-11 19:17:00,PEZ
85.62,85.62,85.62,85.62,100,2021-05-11 19:18:00,PEZ
85.8,85.84,85.8,85.84,3000,2021-05-11 19:25:00,PEZ
85.82,85.82,85.82,85.82,430,2021-05-11 19:29:00,PEZ
85.54,85.54,85.5,85.5,400,2021-05-11 19:34:00,PEZ
85.51,85.51,85.49,85.49,500,2021-05-11 19:35:00,PEZ
85.49,85.522,85.36,85.36,650,2021-05-11 19:36:00,PEZ
85.36,85.53,85.36,85.53,4000,2021-05-11 19:37:00,PEZ
85.64,85.67,85.64,85.67,1900,2021-05-11 19:44:00,PEZ
85.71,85.76,85.71,85.76,1900,2021-05-11 19:46:00,PEZ
85.86,85.86,85.86,85.86,700,2021-05-11 19:51:00,PEZ
85.7853,85.7853,85.7853,85.7853,136,2021-05-11 19:56:00,PEZ
85.66,85.66,85.66,85.66,200,2021-05-11 19:57:00,PEZ
85.66,85.66,85.66,85.66,616,2021-05-11 19:58:00,PEZ
85.66,85.75,85.66,85.75,4700,2021-05-11 19:59:00,PEZ
84.67,84.67,84.67,84.67,183,2021-05-12 13:30:00,PEZ
84.875,85.03,84.873,84.873,839,2021-05-12 13:39:00,PEZ
84.55,84.55,84.55,84.55,120,2021-05-12 13:41:00,PEZ
83.5957,83.5957,83.5957,83.5957,100,2021-05-12 14:38:00,PEZ
83.5,83.5,83.5,83.5,142,2021-05-12 14:39:00,PEZ
83.13,83.13,83.13,83.13,153,2021-05-12 14:52:00,PEZ
83.83,83.83,83.83,83.83,315,2021-05-12 15:15:00,PEZ
83.269,83.269,83.269,83.269,177,2021-05-12 15:28:00,PEZ
82.9727,82.9727,82.9727,82.9727,513,2021-05-12 15:36:00,PEZ
82.8863,82.8863,82.815,82.815,634,2021-05-12 15:37:00,PEZ
82.837,82.837,82.837,82.837,500,2021-05-12 15:39:00,PEZ
82.95,82.95,82.95,82.95,273,2021-05-12 15:40:00,PEZ
82.0727,82.0727,82.0727,82.0727,100,2021-05-12 16:01:00,PEZ
82.155,82.155,82.155,82.155,100,2021-05-12 16:09:00,PEZ
82.055,82.055,82.055,82.055,106,2021-05-12 16:22:00,PEZ
82.2245,82.2245,82.2245,82.2245,200,2021-05-12 16:24:00,PEZ
82.4038,82.4038,82.4038,82.4038,105,2021-05-12 16:36:00,PEZ
82.0,82.0,82.0,82.0,500,2021-05-12 16:39:00,PEZ
81.89,81.9,81.89,81.892,16504,2021-05-12 16:40:00,PEZ
81.8775,81.8775,81.8775,81.8775,1568,2021-05-12 16:44:00,PEZ
82.1277,82.1277,82.0798,82.0798,821,2021-05-12 16:49:00,PEZ
82.225,82.225,82.225,82.225,100,2021-05-12 17:29:00,PEZ
82.45,82.45,82.445,82.445,300,2021-05-12 17:42:00,PEZ
81.61,81.61,81.61,81.61,115,2021-05-12 18:50:00,PEZ
81.01,81.01,81.0,81.0,451,2021-05-12 19:02:00,PEZ
80.66,80.66,80.66,80.66,118,2021-05-12 19:15:00,PEZ
80.5,80.5,80.5,80.5,100,2021-05-12 19:23:00,PEZ
80.23,80.23,80.23,80.23,500,2021-05-12 19:24:00,PEZ
80.441,80.441,80.441,80.441,584,2021-05-12 19:34:00,PEZ
80.507,80.507,80.507,80.507,552,2021-05-12 19:35:00,PEZ
80.3115,80.34,80.3115,80.34,500,2021-05-12 19:40:00,PEZ
80.2,80.2,80.2,80.2,100,2021-05-12 19:55:00,PEZ
80.2501,80.2501,80.2501,80.2501,118,2021-05-12 19:57:00,PEZ
81.43,81.43,81.43,81.43,184,2021-05-13 13:30:00,PEZ
83.26,83.26,83.26,83.26,254,2021-05-13 13:59:00,PEZ
82.5982,82.5982,82.5982,82.5982,350,2021-05-13 14:44:00,PEZ
81.5024,81.5024,81.5024,81.5024,279,2021-05-13 15:37:00,PEZ
81.6954,81.6954,81.6954,81.6954,380,2021-05-13 15:38:00,PEZ
81.27,81.27,81.27,81.27,168,2021-05-13 16:14:00,PEZ
81.21,81.21,81.21,81.21,100,2021-05-13 16:39:00,PEZ
80.73,80.73,80.73,80.73,100,2021-05-13 16:53:00,PEZ
79.6,79.6277,79.42,79.6277,1439,2021-05-13 17:49:00,PEZ
80.0,80.0,80.0,80.0,1530,2021-05-13 17:53:00,PEZ
80.9134,80.9134,80.9134,80.9134,120,2021-05-13 18:07:00,PEZ
80.89,80.89,80.89,80.89,114,2021-05-13 18:11:00,PEZ
80.61,80.61,80.61,80.61,200,2021-05-13 18:19:00,PEZ
81.0,81.0,81.0,81.0,100,2021-05-13 18:28:00,PEZ
81.2402,81.2402,81.2402,81.2402,120,2021-05-13 18:31:00,PEZ
81.43,81.43,81.43,81.43,100,2021-05-13 18:51:00,PEZ
81.296,81.296,81.296,81.296,120,2021-05-13 18:58:00,PEZ
82.01,82.07,82.01,82.07,1130,2021-05-13 19:43:00,PEZ
82.1902,82.1902,82.1902,82.1902,230,2021-05-13 19:46:00,PEZ
82.3,82.3,82.3,82.3,1771,2021-05-14 13:30:00,PEZ
83.21,83.21,83.21,83.21,296,2021-05-14 13:32:00,PEZ
84.32,84.32,84.32,84.32,390,2021-05-14 13:54:00,PEZ
84.76,84.76,84.76,84.76,149,2021-05-14 14:10:00,PEZ
84.82,84.82,84.82,84.82,100,2021-05-14 14:23:00,PEZ
84.79,84.79,84.79,84.79,181,2021-05-14 15:25:00,PEZ
84.66,84.66,84.66,84.66,106,2021-05-14 15:38:00,PEZ
84.94,84.9568,84.94,84.9568,553,2021-05-14 15:43:00,PEZ
85.14,85.14,85.14,85.14,147,2021-05-14 16:00:00,PEZ
85.24,85.24,85.24,85.24,135,2021-05-14 16:04:00,PEZ
85.4887,85.4887,85.4887,85.4887,100,2021-05-14 16:09:00,PEZ
85.503,85.503,85.503,85.503,100,2021-05-14 16:11:00,PEZ
85.5127,85.5127,85.5127,85.5127,100,2021-05-14 16:12:00,PEZ
85.349,85.349,85.349,85.349,100,2021-05-14 16:13:00,PEZ
85.2088,85.2088,85.2088,85.2088,240,2021-05-14 16:37:00,PEZ
85.175,85.175,85.06,85.06,532,2021-05-14 17:08:00,PEZ
85.69,85.69,85.69,85.69,109,2021-05-14 18:08:00,PEZ
85.845,85.845,85.845,85.845,100,2021-05-14 19:14:00,PEZ
85.9342,85.9342,85.9342,85.9342,280,2021-05-14 19:18:00,PEZ
85.88,85.88,85.88,85.88,100,2021-05-14 19:59:00,PEZ
85.69,85.69,85.69,85.69,200,2021-05-17 13:37:00,PEZ
85.96,85.96,85.96,85.96,100,2021-05-17 13:41:00,PEZ
84.35,84.35,84.35,84.35,100,2021-05-17 14:01:00,PEZ
85.0975,85.0975,85.0975,85.0975,148,2021-05-17 14:32:00,PEZ
86.03,86.03,86.03,86.03,100,2021-05-17 14:48:00,PEZ
85.2376,85.2376,85.2376,85.2376,700,2021-05-17 15:14:00,PEZ
85.4896,85.4896,85.4896,85.4896,501,2021-05-17 15:15:00,PEZ
85.38,85.38,85.38,85.38,200,2021-05-17 15:16:00,PEZ
85.8713,85.8713,85.8713,85.8713,581,2021-05-17 15:28:00,PEZ
85.4285,85.4285,85.4285,85.4285,111,2021-05-17 16:19:00,PEZ
85.7201,85.7201,85.6101,85.6101,910,2021-05-17 16:46:00,PEZ
85.6894,85.6894,85.6894,85.6894,300,2021-05-17 16:54:00,PEZ
85.445,85.445,85.445,85.445,225,2021-05-17 17:29:00,PEZ
85.8664,85.8664,85.8664,85.8664,294,2021-05-17 18:11:00,PEZ
85.9571,85.9571,85.9571,85.9571,700,2021-05-17 18:33:00,PEZ
86.4184,86.4184,86.4184,86.4184,1500,2021-05-17 19:48:00,PEZ
86.4,86.4,86.4,86.4,100,2021-05-17 19:56:00,PEZ
86.4,86.4,86.4,86.4,200,2021-05-18 13:38:00,PEZ
86.79,87.035,86.79,87.035,631,2021-05-18 13:39:00,PEZ
87.34,87.34,87.17,87.17,400,2021-05-18 13:47:00,PEZ
87.5018,87.5018,87.5018,87.5018,454,2021-05-18 14:01:00,PEZ
87.0416,87.0416,87.0416,87.0416,100,2021-05-18 14:42:00,PEZ
87.365,87.365,87.365,87.365,450,2021-05-18 14:50:00,PEZ
87.1245,87.1245,87.1245,87.1245,416,2021-05-18 14:54:00,PEZ
87.1087,87.1087,87.1087,87.1087,290,2021-05-18 14:55:00,PEZ
87.15,87.15,87.15,87.15,146,2021-05-18 14:56:00,PEZ
86.805,86.805,86.805,86.805,100,2021-05-18 15:10:00,PEZ
87.1117,87.1117,87.1117,87.1117,224,2021-05-18 15:15:00,PEZ
87.35,87.35,87.35,87.35,196,2021-05-18 15:29:00,PEZ
86.615,86.615,86.615,86.615,325,2021-05-18 16:21:00,PEZ
86.7053,86.7053,86.7053,86.7053,173,2021-05-18 16:39:00,PEZ
86.6,86.6,86.6,86.6,216,2021-05-18 16:50:00,PEZ
86.9,86.9,86.9,86.9,655,2021-05-18 16:56:00,PEZ
86.6726,86.6726,86.6726,86.6726,185,2021-05-18 17:05:00,PEZ
86.7885,86.7885,86.7885,86.7885,115,2021-05-18 17:18:00,PEZ
86.9005,86.9005,86.9005,86.9005,425,2021-05-18 17:40:00,PEZ
86.905,86.905,86.905,86.905,557,2021-05-18 17:41:00,PEZ
86.7,86.7,86.7,86.7,100,2021-05-18 18:07:00,PEZ
86.77,86.78,86.77,86.78,966,2021-05-18 18:12:00,PEZ
86.6134,86.6134,86.6134,86.6134,120,2021-05-18 18:28:00,PEZ
86.145,86.145,86.145,86.145,365,2021-05-18 18:36:00,PEZ
85.815,85.815,85.815,85.815,150,2021-05-18 18:46:00,PEZ
86.2679,86.2679,86.2679,86.2679,125,2021-05-18 18:57:00,PEZ
86.56,86.56,86.5332,86.5332,868,2021-05-18 19:24:00,PEZ
86.31,86.31,86.31,86.31,500,2021-05-18 19:34:00,PEZ
86.338,86.338,86.338,86.338,262,2021-05-18 19:48:00,PEZ
86.2454,86.2454,86.2454,86.2454,520,2021-05-18 19:49:00,PEZ
85.72,85.72,85.72,85.72,100,2021-05-18 19:59:00,PEZ
83.35,83.35,83.35,83.35,573,2021-05-19 13:30:00,PEZ
83.2,83.2,83.2,83.2,127,2021-05-19 13:48:00,PEZ
82.51,82.51,82.51,82.51,100,2021-05-19 14:04:00,PEZ
82.7921,82.7921,82.7921,82.7921,217,2021-05-19 14:17:00,PEZ
82.98,82.98,82.98,82.98,100,2021-05-19 14:22:00,PEZ
82.8609,82.8609,82.8609,82.8609,831,2021-05-19 14:35:00,PEZ
82.47,82.47,82.47,82.47,139,2021-05-19 14:42:00,PEZ
82.99,82.99,82.99,82.99,102,2021-05-19 15:02:00,PEZ
83.38,83.38,83.38,83.38,1178,2021-05-19 15:14:00,PEZ
83.4097,83.4097,83.4097,83.4097,475,2021-05-19 15:40:00,PEZ
83.3812,83.3812,83.3812,83.3812,234,2021-05-19 15:41:00,PEZ
83.3,83.3,83.3,83.3,144,2021-05-19 17:27:00,PEZ
83.005,83.005,83.005,83.005,254,2021-05-19 18:11:00,PEZ
82.7801,82.7801,82.7801,82.7801,242,2021-05-19 18:16:00,PEZ
83.5134,83.5134,83.5134,83.5134,236,2021-05-19 19:17:00,PEZ
83.8755,83.8755,83.8755,83.8755,170,2021-05-19 19:24:00,PEZ
83.5164,83.5164,83.5164,83.5164,150,2021-05-19 19:49:00,PEZ
83.58,83.58,83.58,83.58,909,2021-05-19 19:51:00,PEZ
83.83,83.83,83.83,83.83,100,2021-05-19 19:58:00,PEZ
83.8507,83.8507,83.8507,83.8507,720,2021-05-19 19:59:00,PEZ
83.65,83.65,83.65,83.65,550,2021-05-20 13:30:00,PEZ
83.76,83.76,83.76,83.76,100,2021-05-20 13:42:00,PEZ
83.6229,83.6229,83.6229,83.6229,1000,2021-05-20 14:34:00,PEZ
83.5,83.63,83.5,83.63,1421,2021-05-20 15:10:00,PEZ
83.746,83.746,83.746,83.746,126,2021-05-20 15:12:00,PEZ
83.78,83.78,83.78,83.78,114,2021-05-20 15:19:00,PEZ
83.415,83.415,83.415,83.415,149,2021-05-20 16:42:00,PEZ
83.98,83.98,83.98,83.98,494,2021-05-20 17:29:00,PEZ
84.0299,84.0299,84.0299,84.0299,298,2021-05-20 17:33:00,PEZ
84.23,84.23,84.23,84.23,100,2021-05-20 18:50:00,PEZ
84.7516,84.7516,84.7516,84.7516,520,2021-05-20 19:39:00,PEZ
84.47,84.47,84.47,84.47,100,2021-05-20 19:59:00,PEZ
85.2021,85.2021,85.2021,85.2021,100,2021-05-21 13:32:00,PEZ
84.9369,84.9369,84.9369,84.9369,290,2021-05-21 13:39:00,PEZ
85.2,85.2,85.2,85.2,100,2021-05-21 13:43:00,PEZ
85.2863,85.2863,85.2863,85.2863,600,2021-05-21 14:15:00,PEZ
84.9968,84.9968,84.9968,84.9968,979,2021-05-21 14:53:00,PEZ
84.9694,84.9694,84.87,84.87,639,2021-05-21 15:27:00,PEZ
84.6647,84.6647,84.6647,84.6647,330,2021-05-21 15:29:00,PEZ
84.7344,84.7344,84.7344,84.7344,340,2021-05-21 15:43:00,PEZ
84.453,84.453,84.453,84.453,2000,2021-05-21 16:39:00,PEZ
84.7,84.7,84.7,84.7,1120,2021-05-21 16:44:00,PEZ
84.6776,84.6776,84.6776,84.6776,236,2021-05-21 17:02:00,PEZ
84.875,84.875,84.875,84.875,100,2021-05-21 17:54:00,PEZ
85.116,85.116,85.116,85.116,100,2021-05-21 18:11:00,PEZ
85.005,85.005,85.005,85.005,605,2021-05-21 18:26:00,PEZ
84.87,84.87,84.87,84.87,408,2021-05-21 18:43:00,PEZ
84.88,84.99,84.88,84.99,2014,2021-05-21 19:00:00,PEZ
84.57,84.57,84.57,84.57,124,2021-05-21 19:48:00,PEZ
84.58,84.58,84.58,84.58,100,2021-05-21 19:57:00,PEZ
85.535,85.535,85.535,85.535,118,2021-05-24 14:21:00,PEZ
85.2897,85.2897,85.2897,85.2897,100,2021-05-24 14:30:00,PEZ
85.414,85.414,85.414,85.414,117,2021-05-24 14:35:00,PEZ
85.5971,85.5971,85.5971,85.5971,697,2021-05-24 14:45:00,PEZ
85.5391,85.5391,85.5391,85.5391,2705,2021-05-24 15:04:00,PEZ
85.45,85.45,85.45,85.45,10200,2021-05-24 15:18:00,PEZ
85.69,85.69,85.69,85.69,777,2021-05-24 15:20:00,PEZ
85.84,85.84,85.84,85.84,100,2021-05-24 15:50:00,PEZ
85.8043,85.8043,85.8043,85.8043,240,2021-05-24 16:34:00,PEZ
85.7675,85.7675,85.7675,85.7675,410,2021-05-24 16:43:00,PEZ
86.2007,86.2007,86.2007,86.2007,423,2021-05-24 17:50:00,PEZ
86.288,86.288,86.288,86.288,120,2021-05-24 18:24:00,PEZ
86.4884,86.4884,86.4884,86.4884,110,2021-05-24 18:36:00,PEZ
86.196,86.196,86.196,86.196,800,2021-05-24 19:58:00,PEZ
86.88,86.88,86.88,86.88,101,2021-05-25 13:30:00,PEZ
87.1,87.1,87.1,87.1,310,2021-05-25 14:11:00,PEZ
87.3409,87.3409,87.3409,87.3409,280,2021-05-25 14:22:00,PEZ
87.505,87.505,87.505,87.505,140,2021-05-25 14:28:00,PEZ
87.34,87.34,87.33,87.34,1144,2021-05-25 14:36:00,PEZ
87.439,87.439,87.439,87.439,1000,2021-05-25 14:39:00,PEZ
87.36,87.438,87.36,87.438,1143,2021-05-25 14:41:00,PEZ
87.199,87.199,87.199,87.199,510,2021-05-25 14:42:00,PEZ
86.7395,86.7395,86.7395,86.7395,425,2021-05-25 15:07:00,PEZ
86.345,86.345,86.345,86.345,196,2021-05-25 15:25:00,PEZ
86.0,86.0,86.0,86.0,100,2021-05-25 15:33:00,PEZ
86.46,86.47,86.46,86.47,225,2021-05-25 15:49:00,PEZ
86.38,86.38,86.38,86.38,100,2021-05-25 15:56:00,PEZ
86.56,86.56,86.56,86.56,100,2021-05-25 16:06:00,PEZ
86.86,86.86,86.86,86.86,300,2021-05-25 17:45:00,PEZ
86.54,86.54,86.54,86.54,300,2021-05-25 18:06:00,PEZ
86.675,86.675,86.675,86.675,115,2021-05-25 18:30:00,PEZ
86.88,86.88,86.88,86.88,100,2021-05-25 18:40:00,PEZ
86.578,86.578,86.578,86.578,125,2021-05-25 18:53:00,PEZ
86.43,86.43,86.43,86.43,121,2021-05-25 19:46:00,PEZ
86.5141,86.5141,86.5141,86.5141,135,2021-05-25 19:48:00,PEZ
86.27,86.27,86.27,86.27,100,2021-05-25 19:59:00,PEZ
87.08,87.08,87.08,87.08,108,2021-05-26 13:30:00,PEZ
88.66,88.66,88.66,88.66,164,2021-05-26 13:39:00,PEZ
88.79,88.79,88.79,88.79,100,2021-05-26 13:49:00,PEZ
89.05,89.05,89.05,89.05,100,2021-05-26 14:16:00,PEZ
89.52,89.52,89.52,89.52,168,2021-05-26 14:25:00,PEZ
89.566,89.566,89.566,89.566,434,2021-05-26 14:31:00,PEZ
89.645,89.645,89.645,89.645,136,2021-05-26 15:10:00,PEZ
89.545,89.545,89.545,89.545,108,2021-05-26 15:14:00,PEZ
89.688,89.688,89.688,89.688,149,2021-05-26 15:18:00,PEZ
89.32,89.32,89.32,89.32,100,2021-05-26 15:33:00,PEZ
89.4881,89.4881,89.4881,89.4881,100,2021-05-26 15:36:00,PEZ
89.5924,89.5924,89.5924,89.5924,160,2021-05-26 15:48:00,PEZ
89.705,89.705,89.705,89.705,130,2021-05-26 15:52:00,PEZ
89.85,89.85,89.85,89.85,100,2021-05-26 16:17:00,PEZ
89.8783,89.8783,89.8783,89.8783,483,2021-05-26 16:22:00,PEZ
89.8486,89.8486,89.8486,89.8486,367,2021-05-26 16:23:00,PEZ
89.46,89.46,89.46,89.46,718,2021-05-26 17:39:00,PEZ
89.48,89.485,89.42,89.42,728,2021-05-26 17:43:00,PEZ
89.4783,89.4783,89.4783,89.4783,600,2021-05-26 18:09:00,PEZ
89.58,89.58,89.58,89.58,224,2021-05-26 18:28:00,PEZ
89.75,89.75,89.7067,89.7067,8500,2021-05-26 18:44:00,PEZ
89.7438,89.7438,89.7438,89.7438,2312,2021-05-26 18:45:00,PEZ
89.9299,89.9299,89.9299,89.9299,160,2021-05-26 19:13:00,PEZ
89.8599,89.8599,89.8599,89.8599,102,2021-05-26 19:56:00,PEZ
90.41,90.41,90.41,90.41,140,2021-05-27 13:30:00,PEZ
89.56,89.56,89.415,89.415,550,2021-05-27 13:39:00,PEZ
90.0,90.0,90.0,90.0,100,2021-05-27 14:19:00,PEZ
89.7484,89.816,89.7484,89.816,533,2021-05-27 15:02:00,PEZ
89.73,89.73,89.73,89.73,100,2021-05-27 15:05:00,PEZ
89.7409,89.7409,89.7409,89.7409,435,2021-05-27 15:10:00,PEZ
89.7751,89.7751,89.7751,89.7751,198,2021-05-27 15:20:00,PEZ
89.692,89.692,89.692,89.692,1804,2021-05-27 15:29:00,PEZ
89.6684,89.6684,89.6684,89.6684,196,2021-05-27 15:40:00,PEZ
89.53,89.53,89.53,89.53,140,2021-05-27 15:41:00,PEZ
90.28,90.28,90.28,90.28,200,2021-05-27 17:36:00,PEZ
90.48,90.48,90.48,90.48,252,2021-05-27 17:59:00,PEZ
90.3281,90.3281,90.3281,90.3281,460,2021-05-27 18:07:00,PEZ
90.45,90.45,90.45,90.45,157,2021-05-27 18:26:00,PEZ
90.605,90.6958,90.605,90.6958,1400,2021-05-27 18:38:00,PEZ
90.6324,90.6324,90.6324,90.6324,599,2021-05-27 18:41:00,PEZ
90.545,90.545,90.545,90.545,100,2021-05-27 18:49:00,PEZ
90.839,90.839,90.839,90.839,100,2021-05-27 19:40:00,PEZ
90.7036,90.7036,90.7036,90.7036,100,2021-05-27 19:45:00,PEZ
90.62,90.62,90.62,90.62,102,2021-05-27 19:49:00,PEZ
90.83,90.83,90.83,90.83,321,2021-05-27 19:54:00,PEZ
90.735,90.735,90.735,90.735,100,2021-05-27 19:59:00,PEZ
90.85,90.85,90.85,90.85,300,2021-05-27 20:00:00,PEZ
91.37,91.37,91.37,91.37,215,2021-05-28 13:30:00,PEZ
90.2521,90.2521,90.2521,90.2521,140,2021-05-28 13:33:00,PEZ
89.2454,89.2454,89.2454,89.2454,155,2021-05-28 14:39:00,PEZ
89.775,89.775,89.775,89.775,191,2021-05-28 15:07:00,PEZ
89.85,89.866,89.85,89.866,234,2021-05-28 15:08:00,PEZ
89.87,89.9,89.87,89.87,7101,2021-05-28 15:11:00,PEZ
89.93,89.93,89.93,89.93,200,2021-05-28 15:18:00,PEZ
89.89,89.89,89.89,89.89,111,2021-05-28 15:36:00,PEZ
89.855,89.855,89.855,89.855,180,2021-05-28 15:49:00,PEZ
90.245,90.245,90.245,90.245,100,2021-05-28 17:08:00,PEZ
90.1622,90.1622,90.1622,90.1622,458,2021-05-28 17:54:00,PEZ
89.985,89.985,89.985,89.985,100,2021-05-28 18:42:00,PEZ
90.08,90.08,90.08,90.08,1439,2021-05-28 18:44:00,PEZ
89.8,89.8,89.8,89.8,110,2021-05-28 19:17:00,PEZ
