open,high,low,close,volume,datetime,symbol
22.13,22.13,22.13,22.13,100,2021-08-23 13:25:00,BSCO
22.13,22.13,22.12,22.1226,1490,2021-08-23 13:30:00,BSCO
22.125,22.13,22.12,22.125,3230,2021-08-23 13:35:00,BSCO
22.13,22.13,22.125,22.125,2126,2021-08-23 13:45:00,BSCO
22.129,22.13,22.128,22.128,970,2021-08-23 13:50:00,BSCO
22.1276,22.1276,22.1276,22.1276,250,2021-08-23 13:55:00,BSCO
22.1282,22.1282,22.125,22.125,700,2021-08-23 14:00:00,BSCO
22.1289,22.1289,22.125,22.125,1434,2021-08-23 14:10:00,BSCO
22.123,22.1281,22.123,22.1281,465,2021-08-23 14:25:00,BSCO
22.125,22.13,22.125,22.13,315,2021-08-23 14:30:00,BSCO
22.13,22.13,22.125,22.1263,2861,2021-08-23 14:35:00,BSCO
22.13,22.13,22.13,22.13,1800,2021-08-23 14:45:00,BSCO
22.1267,22.13,22.1267,22.13,1200,2021-08-23 14:50:00,BSCO
22.13,22.13,22.13,22.13,1500,2021-08-23 15:05:00,BSCO
22.13,22.135,22.13,22.135,2511,2021-08-23 15:10:00,BSCO
22.1301,22.135,22.1301,22.135,3460,2021-08-23 15:20:00,BSCO
22.1377,22.1377,22.13,22.135,4243,2021-08-23 15:25:00,BSCO
22.135,22.139,22.135,22.139,215,2021-08-23 15:35:00,BSCO
22.139,22.139,22.1307,22.1307,2030,2021-08-23 15:40:00,BSCO
22.1329,22.1329,22.1308,22.1308,2212,2021-08-23 15:50:00,BSCO
22.1318,22.1318,22.1318,22.1318,390,2021-08-23 16:00:00,BSCO
22.1366,22.1366,22.1366,22.1366,885,2021-08-23 16:05:00,BSCO
22.1367,22.1399,22.1367,22.1399,1111,2021-08-23 16:10:00,BSCO
22.135,22.135,22.1338,22.1338,636,2021-08-23 16:15:00,BSCO
22.1353,22.1353,22.135,22.135,366,2021-08-23 16:25:00,BSCO
22.1365,22.1365,22.1365,22.1365,780,2021-08-23 16:30:00,BSCO
22.1318,22.14,22.1318,22.14,523,2021-08-23 16:35:00,BSCO
22.138,22.139,22.138,22.139,5388,2021-08-23 16:40:00,BSCO
22.135,22.1399,22.135,22.1399,2962,2021-08-23 16:45:00,BSCO
22.135,22.135,22.135,22.135,992,2021-08-23 17:00:00,BSCO
22.139,22.139,22.135,22.135,15468,2021-08-23 17:05:00,BSCO
22.1399,22.1399,22.1399,22.1399,1000,2021-08-23 17:10:00,BSCO
22.1307,22.1399,22.1307,22.1399,5032,2021-08-23 17:20:00,BSCO
22.1333,22.1385,22.1311,22.1365,8505,2021-08-23 17:25:00,BSCO
22.135,22.14,22.1301,22.1366,7006,2021-08-23 17:30:00,BSCO
22.1357,22.1357,22.135,22.135,705,2021-08-23 17:35:00,BSCO
22.13,22.135,22.13,22.135,3925,2021-08-23 17:40:00,BSCO
22.13,22.1399,22.13,22.1399,10371,2021-08-23 17:55:00,BSCO
22.131,22.131,22.131,22.131,250,2021-08-23 18:10:00,BSCO
22.1301,22.1372,22.1301,22.135,1241,2021-08-23 18:15:00,BSCO
22.135,22.14,22.135,22.14,315,2021-08-23 18:20:00,BSCO
22.135,22.135,22.135,22.135,766,2021-08-23 18:25:00,BSCO
22.1358,22.1358,22.1358,22.1358,170,2021-08-23 18:30:00,BSCO
22.135,22.135,22.135,22.135,200,2021-08-23 18:35:00,BSCO
22.1336,22.1355,22.125,22.125,4417,2021-08-23 18:40:00,BSCO
22.128,22.13,22.1221,22.13,8204,2021-08-23 18:45:00,BSCO
22.13,22.13,22.1241,22.1241,445,2021-08-23 18:50:00,BSCO
22.13,22.13,22.1263,22.1263,2319,2021-08-23 18:55:00,BSCO
22.13,22.13,22.13,22.13,200,2021-08-23 19:00:00,BSCO
22.125,22.1291,22.125,22.125,2235,2021-08-23 19:05:00,BSCO
22.1278,22.13,22.1224,22.1266,7566,2021-08-23 19:10:00,BSCO
22.12,22.13,22.12,22.1227,5387,2021-08-23 19:15:00,BSCO
22.123,22.129,22.12,22.1273,3911,2021-08-23 19:25:00,BSCO
22.1252,22.1252,22.1252,22.1252,716,2021-08-23 19:30:00,BSCO
22.125,22.125,22.125,22.125,656,2021-08-23 19:35:00,BSCO
22.12,22.13,22.12,22.1235,1640,2021-08-23 19:40:00,BSCO
22.13,22.13,22.13,22.13,600,2021-08-23 19:45:00,BSCO
22.13,22.13,22.1238,22.125,2970,2021-08-23 19:50:00,BSCO
22.13,22.14,22.12,22.12,21748,2021-08-23 19:55:00,BSCO
22.13,22.13,22.13,22.13,1320,2021-08-23 20:00:00,BSCO
22.03,22.03,22.03,22.03,100,2021-08-24 09:55:00,BSCO
22.12,22.13,22.12,22.1218,7749,2021-08-24 13:30:00,BSCO
22.115,22.115,22.115,22.115,651,2021-08-24 13:35:00,BSCO
22.112,22.12,22.112,22.115,3229,2021-08-24 13:40:00,BSCO
22.1124,22.12,22.1124,22.1199,585,2021-08-24 14:00:00,BSCO
22.12,22.12,22.12,22.12,200,2021-08-24 14:05:00,BSCO
22.1182,22.12,22.112,22.12,2957,2021-08-24 14:15:00,BSCO
22.1199,22.12,22.119,22.1197,3208,2021-08-24 14:20:00,BSCO
22.1178,22.12,22.115,22.12,5378,2021-08-24 14:25:00,BSCO
22.12,22.12,22.12,22.12,113,2021-08-24 14:30:00,BSCO
22.1125,22.12,22.1125,22.1196,3330,2021-08-24 14:35:00,BSCO
22.12,22.12,22.1175,22.1175,2008,2021-08-24 14:40:00,BSCO
22.12,22.12,22.12,22.12,122,2021-08-24 14:45:00,BSCO
22.119,22.12,22.1145,22.1199,4250,2021-08-24 14:50:00,BSCO
22.1161,22.12,22.115,22.115,2022,2021-08-24 14:55:00,BSCO
22.12,22.12,22.12,22.12,1300,2021-08-24 15:00:00,BSCO
22.1203,22.1257,22.1203,22.1203,2896,2021-08-24 15:05:00,BSCO
22.1223,22.1223,22.12,22.12,430,2021-08-24 15:10:00,BSCO
22.1216,22.13,22.1216,22.1221,1494,2021-08-24 15:15:00,BSCO
22.1207,22.1281,22.1207,22.1281,4590,2021-08-24 15:25:00,BSCO
22.1223,22.1299,22.1223,22.1299,9460,2021-08-24 15:30:00,BSCO
22.12,22.12,22.12,22.12,100,2021-08-24 15:35:00,BSCO
22.125,22.125,22.125,22.125,1935,2021-08-24 15:40:00,BSCO
22.13,22.13,22.13,22.13,122,2021-08-24 15:45:00,BSCO
22.1259,22.1259,22.1259,22.1259,300,2021-08-24 15:50:00,BSCO
22.1205,22.128,22.12,22.123,3350,2021-08-24 16:00:00,BSCO
22.1214,22.1214,22.1214,22.1214,1100,2021-08-24 16:05:00,BSCO
22.13,22.13,22.13,22.13,135,2021-08-24 16:10:00,BSCO
22.125,22.125,22.125,22.125,600,2021-08-24 16:15:00,BSCO
22.1262,22.1262,22.1243,22.1243,982,2021-08-24 16:20:00,BSCO
22.125,22.127,22.125,22.127,2224,2021-08-24 16:25:00,BSCO
22.13,22.13,22.12,22.13,53054,2021-08-24 16:30:00,BSCO
22.1285,22.13,22.12,22.12,9244,2021-08-24 16:35:00,BSCO
22.1283,22.1283,22.125,22.125,5791,2021-08-24 16:40:00,BSCO
22.1224,22.1224,22.1224,22.1224,977,2021-08-24 16:45:00,BSCO
22.125,22.125,22.125,22.125,100,2021-08-24 16:55:00,BSCO
22.1228,22.13,22.1228,22.1266,2497,2021-08-24 17:00:00,BSCO
22.12,22.13,22.12,22.13,542,2021-08-24 17:15:00,BSCO
22.1272,22.1272,22.125,22.125,550,2021-08-24 17:25:00,BSCO
22.125,22.1296,22.125,22.125,3438,2021-08-24 17:30:00,BSCO
22.125,22.129,22.125,22.1281,3752,2021-08-24 17:35:00,BSCO
22.1209,22.1239,22.1209,22.1239,1136,2021-08-24 17:40:00,BSCO
22.127,22.127,22.127,22.127,500,2021-08-24 17:45:00,BSCO
22.1281,22.1281,22.12,22.123,2562,2021-08-24 17:50:00,BSCO
22.1238,22.1285,22.1238,22.1285,4926,2021-08-24 17:55:00,BSCO
22.125,22.13,22.12,22.125,1956,2021-08-24 18:00:00,BSCO
22.1265,22.1265,22.1265,22.1265,619,2021-08-24 18:05:00,BSCO
22.1267,22.1267,22.125,22.125,1100,2021-08-24 18:10:00,BSCO
22.125,22.125,22.125,22.125,407,2021-08-24 18:15:00,BSCO
22.125,22.125,22.125,22.125,100,2021-08-24 18:20:00,BSCO
22.1245,22.125,22.1245,22.125,945,2021-08-24 18:25:00,BSCO
22.125,22.125,22.125,22.125,630,2021-08-24 18:30:00,BSCO
22.1235,22.13,22.12,22.125,4961,2021-08-24 18:35:00,BSCO
22.125,22.125,22.125,22.125,100,2021-08-24 18:40:00,BSCO
22.1292,22.1292,22.125,22.125,1525,2021-08-24 18:45:00,BSCO
22.125,22.125,22.125,22.125,2200,2021-08-24 18:50:00,BSCO
22.125,22.125,22.1201,22.1201,1431,2021-08-24 18:55:00,BSCO
22.121,22.121,22.121,22.121,225,2021-08-24 19:00:00,BSCO
22.125,22.13,22.1225,22.1225,2227,2021-08-24 19:10:00,BSCO
22.125,22.1297,22.125,22.1266,857,2021-08-24 19:15:00,BSCO
22.125,22.125,22.1247,22.1247,5771,2021-08-24 19:20:00,BSCO
22.125,22.125,22.1248,22.125,7704,2021-08-24 19:30:00,BSCO
22.125,22.13,22.12,22.13,3524,2021-08-24 19:35:00,BSCO
22.125,22.125,22.12,22.12,1800,2021-08-24 19:40:00,BSCO
22.125,22.13,22.12,22.12,5064,2021-08-24 19:45:00,BSCO
22.12,22.125,22.12,22.12,4375,2021-08-24 19:50:00,BSCO
22.125,22.13,22.12,22.12,12534,2021-08-24 19:55:00,BSCO
22.13,22.13,22.13,22.13,373,2021-08-24 20:00:00,BSCO
22.12,22.12,22.12,22.12,100,2021-08-25 13:25:00,BSCO
22.13,22.13,22.1168,22.1168,2626,2021-08-25 13:30:00,BSCO
22.12,22.122,22.12,22.122,1167,2021-08-25 13:40:00,BSCO
22.13,22.13,22.13,22.13,925,2021-08-25 13:45:00,BSCO
22.125,22.125,22.125,22.125,400,2021-08-25 13:55:00,BSCO
22.1243,22.125,22.1243,22.125,612,2021-08-25 14:00:00,BSCO
22.125,22.125,22.12,22.12,400,2021-08-25 14:05:00,BSCO
22.12,22.12,22.12,22.12,100,2021-08-25 14:15:00,BSCO
22.13,22.13,22.1225,22.1225,1400,2021-08-25 14:20:00,BSCO
22.125,22.1261,22.12,22.12,713,2021-08-25 14:25:00,BSCO
22.12,22.1283,22.12,22.1236,19247,2021-08-25 14:30:00,BSCO
22.125,22.125,22.125,22.125,488,2021-08-25 14:35:00,BSCO
22.1255,22.1255,22.12,22.12,876,2021-08-25 14:40:00,BSCO
22.125,22.1265,22.12,22.12,6619,2021-08-25 14:45:00,BSCO
22.1224,22.1262,22.1224,22.1262,2341,2021-08-25 14:50:00,BSCO
22.125,22.125,22.12,22.12,2135,2021-08-25 14:55:00,BSCO
22.12,22.125,22.12,22.12,8262,2021-08-25 15:00:00,BSCO
22.1262,22.1262,22.1262,22.1262,542,2021-08-25 15:05:00,BSCO
22.125,22.1299,22.1209,22.1299,1796,2021-08-25 15:10:00,BSCO
22.12,22.1268,22.12,22.1225,3981,2021-08-25 15:15:00,BSCO
22.1233,22.1233,22.1233,22.1233,139,2021-08-25 15:20:00,BSCO
22.1299,22.1299,22.1299,22.1299,510,2021-08-25 15:25:00,BSCO
22.1266,22.1266,22.125,22.125,1125,2021-08-25 15:30:00,BSCO
22.1233,22.125,22.12,22.12,5860,2021-08-25 15:35:00,BSCO
22.12,22.13,22.12,22.13,220,2021-08-25 15:40:00,BSCO
22.125,22.125,22.125,22.125,374,2021-08-25 15:50:00,BSCO
22.1261,22.1261,22.125,22.125,1456,2021-08-25 15:55:00,BSCO
22.1227,22.1227,22.1227,22.1227,451,2021-08-25 16:10:00,BSCO
22.126,22.126,22.1231,22.1231,881,2021-08-25 16:20:00,BSCO
22.125,22.125,22.125,22.125,577,2021-08-25 16:25:00,BSCO
22.125,22.125,22.125,22.125,452,2021-08-25 16:30:00,BSCO
22.12,22.125,22.12,22.12,5798,2021-08-25 16:35:00,BSCO
22.1224,22.129,22.1201,22.123,5811,2021-08-25 16:40:00,BSCO
22.13,22.13,22.12,22.125,618,2021-08-25 16:45:00,BSCO
22.1261,22.1261,22.1227,22.1227,1775,2021-08-25 16:50:00,BSCO
22.126,22.126,22.1207,22.1257,1526,2021-08-25 16:55:00,BSCO
22.125,22.125,22.125,22.125,1268,2021-08-25 17:00:00,BSCO
22.1214,22.1227,22.1214,22.1227,1204,2021-08-25 17:05:00,BSCO
22.125,22.13,22.125,22.13,672,2021-08-25 17:10:00,BSCO
22.1261,22.1261,22.125,22.125,952,2021-08-25 17:15:00,BSCO
22.125,22.125,22.1217,22.125,1119,2021-08-25 17:20:00,BSCO
22.125,22.1266,22.12,22.12,2868,2021-08-25 17:25:00,BSCO
22.125,22.1257,22.12,22.12,2425,2021-08-25 17:30:00,BSCO
22.1232,22.125,22.12,22.12,791,2021-08-25 17:35:00,BSCO
22.12,22.125,22.12,22.12,2429,2021-08-25 17:40:00,BSCO
22.12,22.125,22.12,22.123,2975,2021-08-25 17:45:00,BSCO
22.125,22.1255,22.121,22.1212,2163,2021-08-25 17:50:00,BSCO
22.125,22.13,22.125,22.13,6602,2021-08-25 17:55:00,BSCO
22.1254,22.13,22.1254,22.13,204,2021-08-25 18:05:00,BSCO
22.13,22.13,22.1253,22.1253,2131,2021-08-25 18:15:00,BSCO
22.13,22.13,22.13,22.13,226,2021-08-25 18:20:00,BSCO
22.1262,22.13,22.1262,22.13,1400,2021-08-25 18:25:00,BSCO
22.1262,22.1262,22.1262,22.1262,500,2021-08-25 18:30:00,BSCO
22.13,22.13,22.13,22.13,135,2021-08-25 18:40:00,BSCO
22.1257,22.1257,22.1257,22.1257,178,2021-08-25 18:45:00,BSCO
22.1214,22.1214,22.1214,22.1214,1020,2021-08-25 18:50:00,BSCO
22.1245,22.13,22.1245,22.13,2658,2021-08-25 18:55:00,BSCO
22.125,22.125,22.125,22.125,614,2021-08-25 19:00:00,BSCO
22.129,22.13,22.1258,22.13,2418,2021-08-25 19:05:00,BSCO
22.125,22.125,22.125,22.125,1500,2021-08-25 19:10:00,BSCO
22.1224,22.13,22.1224,22.13,777,2021-08-25 19:15:00,BSCO
22.1223,22.1223,22.1223,22.1223,146,2021-08-25 19:20:00,BSCO
22.125,22.125,22.12,22.12,400,2021-08-25 19:30:00,BSCO
22.12,22.13,22.12,22.12,2221,2021-08-25 19:35:00,BSCO
22.12,22.125,22.12,22.12,2000,2021-08-25 19:40:00,BSCO
22.12,22.125,22.12,22.12,2883,2021-08-25 19:45:00,BSCO
22.12,22.125,22.12,22.12,4340,2021-08-25 19:50:00,BSCO
22.1247,22.13,22.12,22.13,8486,2021-08-25 19:55:00,BSCO
22.13,22.13,22.13,22.13,1984,2021-08-25 20:00:00,BSCO
22.12,22.12,22.12,22.12,100,2021-08-26 13:25:00,BSCO
22.13,22.13,22.12,22.12,10783,2021-08-26 13:30:00,BSCO
22.13,22.13,22.13,22.13,3487,2021-08-26 13:45:00,BSCO
22.13,22.13,22.13,22.13,453,2021-08-26 13:50:00,BSCO
22.13,22.13,22.13,22.13,60627,2021-08-26 13:55:00,BSCO
22.1261,22.13,22.1261,22.13,20076,2021-08-26 14:00:00,BSCO
22.12,22.1299,22.12,22.125,4520,2021-08-26 14:05:00,BSCO
22.129,22.129,22.125,22.125,1695,2021-08-26 14:10:00,BSCO
22.125,22.125,22.125,22.125,275,2021-08-26 14:15:00,BSCO
22.12,22.122,22.12,22.122,600,2021-08-26 14:20:00,BSCO
22.12,22.1245,22.12,22.122,2250,2021-08-26 14:25:00,BSCO
22.1291,22.1291,22.1291,22.1291,2260,2021-08-26 14:30:00,BSCO
22.125,22.125,22.125,22.125,329,2021-08-26 14:35:00,BSCO
22.1223,22.1223,22.1223,22.1223,275,2021-08-26 14:40:00,BSCO
22.1219,22.1219,22.1219,22.1219,173,2021-08-26 15:00:00,BSCO
22.12,22.1287,22.12,22.1219,5300,2021-08-26 15:05:00,BSCO
22.1248,22.1248,22.1248,22.1248,7508,2021-08-26 15:15:00,BSCO
22.125,22.125,22.12,22.12,7553,2021-08-26 15:20:00,BSCO
22.125,22.125,22.125,22.125,400,2021-08-26 15:25:00,BSCO
22.13,22.13,22.13,22.13,136,2021-08-26 15:30:00,BSCO
22.12,22.13,22.12,22.12,1354,2021-08-26 15:35:00,BSCO
22.12,22.1275,22.12,22.12,4383,2021-08-26 15:45:00,BSCO
22.1219,22.1233,22.12,22.12,1744,2021-08-26 15:50:00,BSCO
22.13,22.13,22.125,22.125,500,2021-08-26 15:55:00,BSCO
22.12,22.1204,22.12,22.1204,319,2021-08-26 16:05:00,BSCO
22.1218,22.1218,22.12,22.12,1596,2021-08-26 16:10:00,BSCO
22.12,22.129,22.12,22.12,2302,2021-08-26 16:15:00,BSCO
22.1245,22.125,22.1245,22.125,347,2021-08-26 16:20:00,BSCO
22.12,22.1272,22.12,22.1272,1571,2021-08-26 16:25:00,BSCO
22.1271,22.1271,22.12,22.12,950,2021-08-26 16:35:00,BSCO
22.1226,22.125,22.1226,22.125,275,2021-08-26 16:45:00,BSCO
22.1228,22.1268,22.1228,22.1268,301,2021-08-26 16:50:00,BSCO
22.1251,22.1251,22.12,22.12,2775,2021-08-26 16:55:00,BSCO
22.1256,22.1256,22.115,22.12,10933,2021-08-26 17:00:00,BSCO
22.12,22.12,22.12,22.12,200,2021-08-26 17:05:00,BSCO
22.1101,22.115,22.105,22.11,30940,2021-08-26 17:10:00,BSCO
22.11,22.11,22.11,22.11,242,2021-08-26 17:20:00,BSCO
22.11,22.11,22.11,22.11,584,2021-08-26 17:25:00,BSCO
22.105,22.11,22.105,22.11,9484,2021-08-26 17:35:00,BSCO
22.105,22.105,22.105,22.105,440,2021-08-26 17:40:00,BSCO
22.11,22.12,22.11,22.115,2022,2021-08-26 17:45:00,BSCO
22.115,22.12,22.115,22.12,1247,2021-08-26 17:50:00,BSCO
22.1141,22.1141,22.11,22.11,914,2021-08-26 17:55:00,BSCO
22.115,22.12,22.115,22.12,9500,2021-08-26 18:00:00,BSCO
22.12,22.12,22.1164,22.1164,1000,2021-08-26 18:05:00,BSCO
22.12,22.12,22.113,22.1188,5687,2021-08-26 18:15:00,BSCO
22.1172,22.1172,22.1145,22.115,625,2021-08-26 18:25:00,BSCO
22.12,22.12,22.11,22.12,2141,2021-08-26 18:35:00,BSCO
22.1157,22.1157,22.1157,22.1157,317,2021-08-26 18:40:00,BSCO
22.115,22.1191,22.1101,22.117,3853,2021-08-26 18:45:00,BSCO
22.12,22.12,22.113,22.12,1909,2021-08-26 18:50:00,BSCO
22.1144,22.12,22.1144,22.12,460,2021-08-26 18:55:00,BSCO
22.119,22.12,22.1182,22.12,2000,2021-08-26 19:00:00,BSCO
22.115,22.115,22.115,22.115,200,2021-08-26 19:05:00,BSCO
22.12,22.12,22.113,22.113,4112,2021-08-26 19:15:00,BSCO
22.119,22.12,22.1136,22.1158,7538,2021-08-26 19:20:00,BSCO
22.1134,22.1134,22.1134,22.1134,853,2021-08-26 19:25:00,BSCO
22.1143,22.12,22.1143,22.12,2125,2021-08-26 19:30:00,BSCO
22.12,22.12,22.113,22.113,5912,2021-08-26 19:35:00,BSCO
22.12,22.12,22.1166,22.1198,4644,2021-08-26 19:40:00,BSCO
22.12,22.12,22.115,22.115,1118,2021-08-26 19:45:00,BSCO
22.12,22.12,22.11,22.12,18100,2021-08-26 19:50:00,BSCO
22.12,22.14,22.12,22.13,15421,2021-08-26 19:55:00,BSCO
22.14,22.14,22.14,22.14,1240,2021-08-26 20:00:00,BSCO
22.12,22.12,22.12,22.12,1615,2021-08-27 13:30:00,BSCO
22.1254,22.1254,22.12,22.12,5890,2021-08-27 13:35:00,BSCO
22.12,22.127,22.12,22.127,969,2021-08-27 13:40:00,BSCO
22.13,22.13,22.128,22.128,2565,2021-08-27 13:45:00,BSCO
22.1243,22.13,22.1205,22.13,2672,2021-08-27 13:50:00,BSCO
22.125,22.125,22.125,22.125,700,2021-08-27 13:55:00,BSCO
22.13,22.139,22.13,22.139,1100,2021-08-27 14:00:00,BSCO
22.135,22.1376,22.13,22.1375,1576,2021-08-27 14:05:00,BSCO
22.135,22.135,22.135,22.135,800,2021-08-27 14:10:00,BSCO
22.14,22.14,22.1379,22.138,960,2021-08-27 14:15:00,BSCO
22.1374,22.1374,22.1374,22.1374,250,2021-08-27 14:25:00,BSCO
22.135,22.135,22.133,22.135,661,2021-08-27 14:30:00,BSCO
22.1315,22.14,22.1315,22.135,6318,2021-08-27 14:35:00,BSCO
22.14,22.14,22.1347,22.135,2260,2021-08-27 14:45:00,BSCO
22.135,22.135,22.135,22.135,607,2021-08-27 14:50:00,BSCO
22.14,22.14,22.135,22.1363,2003,2021-08-27 14:55:00,BSCO
22.1359,22.136,22.1359,22.136,347,2021-08-27 15:00:00,BSCO
22.132,22.132,22.132,22.132,180,2021-08-27 15:05:00,BSCO
22.1325,22.14,22.1325,22.1378,3250,2021-08-27 15:10:00,BSCO
22.137,22.14,22.1365,22.1365,1471,2021-08-27 15:15:00,BSCO
22.1333,22.1399,22.1333,22.135,2636,2021-08-27 15:20:00,BSCO
22.1334,22.14,22.1334,22.1373,1122,2021-08-27 15:25:00,BSCO
22.14,22.145,22.14,22.145,17000,2021-08-27 15:30:00,BSCO
22.145,22.145,22.145,22.145,100,2021-08-27 15:35:00,BSCO
22.145,22.147,22.145,22.147,285,2021-08-27 15:40:00,BSCO
22.1417,22.15,22.1417,22.15,2325,2021-08-27 15:45:00,BSCO
22.1458,22.15,22.14,22.15,12642,2021-08-27 15:50:00,BSCO
22.1416,22.15,22.14,22.15,10693,2021-08-27 15:55:00,BSCO
22.15,22.15,22.15,22.15,3490,2021-08-27 16:00:00,BSCO
22.15,22.15,22.15,22.15,106174,2021-08-27 16:05:00,BSCO
22.15,22.15,22.15,22.15,100,2021-08-27 16:10:00,BSCO
22.1478,22.148,22.1475,22.148,499,2021-08-27 16:15:00,BSCO
22.15,22.15,22.145,22.15,838,2021-08-27 16:20:00,BSCO
22.15,22.15,22.1466,22.1466,2300,2021-08-27 16:25:00,BSCO
22.15,22.15,22.1459,22.1489,1476,2021-08-27 16:30:00,BSCO
22.14,22.1479,22.14,22.1479,1100,2021-08-27 16:35:00,BSCO
22.15,22.15,22.15,22.15,100,2021-08-27 16:40:00,BSCO
22.1471,22.1471,22.1471,22.1471,135,2021-08-27 16:45:00,BSCO
22.15,22.15,22.14,22.14,4515,2021-08-27 16:50:00,BSCO
22.147,22.15,22.143,22.15,41485,2021-08-27 16:55:00,BSCO
22.15,22.15,22.143,22.143,11350,2021-08-27 17:00:00,BSCO
22.1499,22.15,22.1499,22.15,3325,2021-08-27 17:05:00,BSCO
22.145,22.145,22.145,22.145,384,2021-08-27 17:10:00,BSCO
22.15,22.15,22.15,22.15,100,2021-08-27 17:15:00,BSCO
22.145,22.15,22.145,22.146,1982,2021-08-27 17:20:00,BSCO
22.15,22.15,22.145,22.15,515,2021-08-27 17:25:00,BSCO
22.1436,22.1436,22.1436,22.1436,370,2021-08-27 17:30:00,BSCO
22.145,22.15,22.145,22.15,840,2021-08-27 17:35:00,BSCO
22.1455,22.15,22.1431,22.1497,4669,2021-08-27 17:40:00,BSCO
22.1463,22.15,22.1463,22.15,883,2021-08-27 17:45:00,BSCO
22.14,22.15,22.14,22.145,315,2021-08-27 17:50:00,BSCO
22.1479,22.1479,22.1479,22.1479,410,2021-08-27 18:00:00,BSCO
22.1474,22.15,22.1474,22.15,263,2021-08-27 18:05:00,BSCO
22.15,22.15,22.15,22.15,100,2021-08-27 18:10:00,BSCO
22.1437,22.15,22.1437,22.15,228,2021-08-27 18:15:00,BSCO
22.1491,22.15,22.1491,22.15,4950,2021-08-27 18:20:00,BSCO
22.145,22.15,22.145,22.15,2225,2021-08-27 18:25:00,BSCO
22.14,22.15,22.14,22.15,1823,2021-08-27 18:30:00,BSCO
22.15,22.15,22.1483,22.1483,4481,2021-08-27 18:35:00,BSCO
22.15,22.15,22.1442,22.15,3121,2021-08-27 18:40:00,BSCO
22.15,22.155,22.15,22.155,3696,2021-08-27 18:45:00,BSCO
22.155,22.16,22.15,22.16,3940,2021-08-27 18:50:00,BSCO
22.159,22.159,22.153,22.153,1740,2021-08-27 19:05:00,BSCO
22.1589,22.16,22.1589,22.16,2600,2021-08-27 19:10:00,BSCO
22.155,22.1595,22.155,22.155,1030,2021-08-27 19:15:00,BSCO
22.1588,22.1588,22.1588,22.1588,1719,2021-08-27 19:20:00,BSCO
22.158,22.158,22.155,22.155,814,2021-08-27 19:25:00,BSCO
22.155,22.155,22.15,22.155,1605,2021-08-27 19:30:00,BSCO
22.1543,22.155,22.15,22.15,4817,2021-08-27 19:35:00,BSCO
22.15,22.155,22.15,22.15,965,2021-08-27 19:40:00,BSCO
22.15,22.1585,22.15,22.15,4795,2021-08-27 19:45:00,BSCO
22.15,22.155,22.15,22.15,969,2021-08-27 19:50:00,BSCO
22.16,22.17,22.15,22.155,32170,2021-08-27 19:55:00,BSCO
22.16,22.16,22.16,22.16,876,2021-08-27 20:00:00,BSCO
22.15,22.16,22.141,22.141,3290,2021-08-30 13:30:00,BSCO
22.16,22.16,22.15,22.15,19618,2021-08-30 13:35:00,BSCO
22.15,22.1581,22.15,22.15,5691,2021-08-30 13:40:00,BSCO
22.16,22.16,22.1546,22.1599,1407,2021-08-30 13:45:00,BSCO
22.16,22.16,22.16,22.16,500,2021-08-30 14:00:00,BSCO
22.16,22.16,22.16,22.16,100,2021-08-30 14:05:00,BSCO
22.1583,22.1583,22.155,22.155,1522,2021-08-30 14:10:00,BSCO
22.16,22.16,22.15,22.155,6366,2021-08-30 14:15:00,BSCO
22.16,22.16,22.16,22.16,600,2021-08-30 14:20:00,BSCO
22.151,22.16,22.151,22.16,509,2021-08-30 14:25:00,BSCO
22.16,22.16,22.16,22.16,100,2021-08-30 14:30:00,BSCO
22.1547,22.16,22.1532,22.1532,4725,2021-08-30 14:35:00,BSCO
22.16,22.16,22.16,22.16,100,2021-08-30 14:40:00,BSCO
22.155,22.155,22.153,22.153,738,2021-08-30 14:45:00,BSCO
22.16,22.16,22.16,22.16,100,2021-08-30 14:50:00,BSCO
22.16,22.16,22.1599,22.1599,2196,2021-08-30 14:55:00,BSCO
22.16,22.16,22.16,22.16,3075,2021-08-30 15:00:00,BSCO
22.1581,22.1581,22.1581,22.1581,312,2021-08-30 15:05:00,BSCO
22.16,22.16,22.155,22.155,200,2021-08-30 15:10:00,BSCO
22.16,22.16,22.15,22.155,5064,2021-08-30 15:20:00,BSCO
22.16,22.16,22.16,22.16,700,2021-08-30 15:25:00,BSCO
22.16,22.16,22.1599,22.1599,436,2021-08-30 15:30:00,BSCO
22.16,22.165,22.16,22.165,1177,2021-08-30 15:35:00,BSCO
22.1669,22.1669,22.16,22.16,1470,2021-08-30 15:40:00,BSCO
22.165,22.167,22.165,22.167,3320,2021-08-30 15:50:00,BSCO
22.1628,22.1628,22.1628,22.1628,446,2021-08-30 15:55:00,BSCO
22.165,22.1682,22.1649,22.1682,1889,2021-08-30 16:00:00,BSCO
22.1629,22.1699,22.1624,22.1624,2516,2021-08-30 16:10:00,BSCO
22.165,22.165,22.165,22.165,100,2021-08-30 16:25:00,BSCO
22.167,22.169,22.1601,22.165,7981,2021-08-30 16:35:00,BSCO
22.1655,22.167,22.165,22.167,929,2021-08-30 16:40:00,BSCO
22.165,22.1667,22.165,22.1667,708,2021-08-30 16:45:00,BSCO
22.169,22.169,22.169,22.169,9021,2021-08-30 16:50:00,BSCO
22.1676,22.1676,22.1676,22.1676,750,2021-08-30 16:55:00,BSCO
22.165,22.165,22.165,22.165,100,2021-08-30 17:10:00,BSCO
22.168,22.168,22.168,22.168,400,2021-08-30 17:20:00,BSCO
22.165,22.165,22.165,22.165,100,2021-08-30 17:30:00,BSCO
22.1606,22.1606,22.1606,22.1606,1200,2021-08-30 17:35:00,BSCO
22.1669,22.167,22.165,22.167,1683,2021-08-30 17:40:00,BSCO
22.1664,22.1664,22.1664,22.1664,140,2021-08-30 17:45:00,BSCO
22.165,22.1665,22.164,22.165,1041,2021-08-30 17:50:00,BSCO
22.1601,22.1601,22.1601,22.1601,250,2021-08-30 17:55:00,BSCO
22.1649,22.165,22.163,22.165,1870,2021-08-30 18:00:00,BSCO
22.165,22.165,22.165,22.165,642,2021-08-30 18:05:00,BSCO
22.16,22.165,22.16,22.165,2679,2021-08-30 18:10:00,BSCO
22.165,22.165,22.1601,22.165,1965,2021-08-30 18:15:00,BSCO
22.165,22.165,22.165,22.165,118,2021-08-30 18:20:00,BSCO
22.167,22.167,22.165,22.165,4079,2021-08-30 18:25:00,BSCO
22.1601,22.165,22.1601,22.165,1450,2021-08-30 18:30:00,BSCO
22.1674,22.1674,22.1674,22.1674,262,2021-08-30 18:35:00,BSCO
22.1677,22.1677,22.16,22.16,11458,2021-08-30 18:40:00,BSCO
22.165,22.165,22.16,22.16,1559,2021-08-30 18:45:00,BSCO
22.17,22.17,22.165,22.165,1158,2021-08-30 18:50:00,BSCO
22.1672,22.1672,22.1672,22.1672,247,2021-08-30 18:55:00,BSCO
22.165,22.1667,22.16,22.165,739,2021-08-30 19:00:00,BSCO
22.1601,22.167,22.1601,22.165,11694,2021-08-30 19:05:00,BSCO
22.165,22.1655,22.16,22.1655,5310,2021-08-30 19:10:00,BSCO
22.165,22.1672,22.165,22.165,5579,2021-08-30 19:20:00,BSCO
22.165,22.17,22.165,22.165,2380,2021-08-30 19:25:00,BSCO
22.1628,22.165,22.1628,22.165,873,2021-08-30 19:30:00,BSCO
22.165,22.165,22.16,22.16,722,2021-08-30 19:35:00,BSCO
22.1654,22.1654,22.1634,22.1634,536,2021-08-30 19:40:00,BSCO
22.165,22.165,22.165,22.165,675,2021-08-30 19:45:00,BSCO
22.165,22.1699,22.16,22.165,11166,2021-08-30 19:50:00,BSCO
22.165,22.18,22.16,22.165,20873,2021-08-30 19:55:00,BSCO
22.16,22.16,22.16,22.16,705,2021-08-30 20:00:00,BSCO
22.15,22.15,22.15,22.15,100,2021-08-30 20:20:00,BSCO
22.08,22.08,22.08,22.08,105,2021-08-31 08:10:00,BSCO
22.16,22.18,22.16,22.17,3235,2021-08-31 13:30:00,BSCO
22.17,22.18,22.17,22.1713,1872,2021-08-31 13:35:00,BSCO
22.17,22.18,22.17,22.17,11210,2021-08-31 13:45:00,BSCO
22.18,22.18,22.178,22.178,214,2021-08-31 13:50:00,BSCO
22.175,22.175,22.175,22.175,600,2021-08-31 13:55:00,BSCO
22.175,22.175,22.175,22.175,372,2021-08-31 14:00:00,BSCO
22.175,22.175,22.175,22.175,200,2021-08-31 14:05:00,BSCO
22.175,22.175,22.175,22.175,550,2021-08-31 14:15:00,BSCO
22.1737,22.1772,22.1737,22.1772,788,2021-08-31 14:20:00,BSCO
22.177,22.177,22.17,22.17,989,2021-08-31 14:25:00,BSCO
22.1727,22.1727,22.1727,22.1727,100,2021-08-31 14:30:00,BSCO
22.1735,22.1735,22.1735,22.1735,675,2021-08-31 14:35:00,BSCO
22.175,22.175,22.17,22.17,535,2021-08-31 14:40:00,BSCO
22.17,22.17,22.17,22.17,100,2021-08-31 14:45:00,BSCO
22.175,22.175,22.17,22.17,1100,2021-08-31 14:50:00,BSCO
22.17,22.17,22.17,22.17,400,2021-08-31 14:55:00,BSCO
22.17,22.175,22.17,22.175,3900,2021-08-31 15:00:00,BSCO
22.175,22.175,22.175,22.175,1105,2021-08-31 15:05:00,BSCO
22.1767,22.1767,22.1767,22.1767,465,2021-08-31 15:10:00,BSCO
22.1701,22.1701,22.1701,22.1701,113,2021-08-31 15:15:00,BSCO
22.1784,22.1784,22.175,22.175,3700,2021-08-31 15:20:00,BSCO
22.175,22.18,22.175,22.175,1806,2021-08-31 15:25:00,BSCO
22.1726,22.1726,22.1726,22.1726,1000,2021-08-31 15:30:00,BSCO
22.18,22.18,22.18,22.18,750,2021-08-31 15:35:00,BSCO
22.173,22.173,22.173,22.173,182,2021-08-31 15:45:00,BSCO
22.1765,22.1765,22.1765,22.1765,902,2021-08-31 15:55:00,BSCO
22.1766,22.1766,22.17,22.17,655,2021-08-31 16:00:00,BSCO
22.17,22.1765,22.17,22.1719,3100,2021-08-31 16:05:00,BSCO
22.17,22.175,22.17,22.17,925,2021-08-31 16:10:00,BSCO
22.1722,22.1722,22.17,22.17,1369,2021-08-31 16:15:00,BSCO
22.17,22.175,22.17,22.17,400,2021-08-31 16:20:00,BSCO
22.175,22.175,22.175,22.175,146,2021-08-31 16:25:00,BSCO
22.175,22.175,22.1724,22.1724,1369,2021-08-31 16:30:00,BSCO
22.1772,22.1772,22.1772,22.1772,450,2021-08-31 16:35:00,BSCO
22.175,22.175,22.175,22.175,2602,2021-08-31 16:40:00,BSCO
22.1799,22.1799,22.175,22.175,813,2021-08-31 16:45:00,BSCO
22.1785,22.18,22.1754,22.18,5831,2021-08-31 16:50:00,BSCO
22.178,22.178,22.17,22.175,2600,2021-08-31 17:00:00,BSCO
22.18,22.18,22.171,22.175,8013,2021-08-31 17:20:00,BSCO
22.1773,22.1773,22.1736,22.1757,2633,2021-08-31 17:25:00,BSCO
22.1769,22.1769,22.1769,22.1769,680,2021-08-31 17:30:00,BSCO
22.175,22.18,22.173,22.1766,3813,2021-08-31 17:35:00,BSCO
22.175,22.1799,22.17,22.1766,7800,2021-08-31 17:40:00,BSCO
22.175,22.1775,22.175,22.1775,575,2021-08-31 17:45:00,BSCO
22.1776,22.1776,22.1776,22.1776,426,2021-08-31 17:50:00,BSCO
22.1744,22.1744,22.1744,22.1744,406,2021-08-31 18:00:00,BSCO
22.1736,22.1764,22.173,22.173,1650,2021-08-31 18:05:00,BSCO
22.1701,22.1701,22.1701,22.1701,672,2021-08-31 18:10:00,BSCO
22.1731,22.1731,22.1731,22.1731,500,2021-08-31 18:15:00,BSCO
22.1769,22.1796,22.17,22.175,5315,2021-08-31 18:20:00,BSCO
22.1768,22.1768,22.171,22.171,1275,2021-08-31 18:25:00,BSCO
22.1771,22.1771,22.1758,22.1758,455,2021-08-31 18:30:00,BSCO
22.18,22.18,22.18,22.18,300,2021-08-31 18:35:00,BSCO
22.18,22.18,22.173,22.173,5895,2021-08-31 18:40:00,BSCO
22.18,22.18,22.175,22.175,3229,2021-08-31 18:45:00,BSCO
22.1772,22.1775,22.175,22.175,1206,2021-08-31 18:50:00,BSCO
22.18,22.18,22.18,22.18,300,2021-08-31 18:55:00,BSCO
22.18,22.18,22.18,22.18,100,2021-08-31 19:00:00,BSCO
22.175,22.18,22.175,22.175,732,2021-08-31 19:05:00,BSCO
22.18,22.18,22.1776,22.1776,786,2021-08-31 19:10:00,BSCO
22.175,22.175,22.175,22.175,250,2021-08-31 19:15:00,BSCO
22.177,22.1799,22.175,22.175,535,2021-08-31 19:20:00,BSCO
22.18,22.18,22.18,22.18,100,2021-08-31 19:25:00,BSCO
22.175,22.177,22.175,22.177,1894,2021-08-31 19:30:00,BSCO
22.1772,22.1772,22.1772,22.1772,537,2021-08-31 19:35:00,BSCO
22.177,22.177,22.175,22.175,3261,2021-08-31 19:40:00,BSCO
22.175,22.177,22.175,22.1757,3324,2021-08-31 19:45:00,BSCO
22.174,22.18,22.17,22.18,2538,2021-08-31 19:50:00,BSCO
22.175,22.18,22.17,22.17,2441,2021-08-31 19:55:00,BSCO
22.18,22.18,22.18,22.18,6600,2021-08-31 20:00:00,BSCO
22.14,22.14,22.14,22.14,100,2021-09-01 11:30:00,BSCO
22.17,22.18,22.17,22.175,2150,2021-09-01 13:30:00,BSCO
22.18,22.18,22.18,22.18,100,2021-09-01 13:35:00,BSCO
22.175,22.1769,22.175,22.1769,278,2021-09-01 13:40:00,BSCO
22.179,22.18,22.179,22.18,1650,2021-09-01 13:55:00,BSCO
22.1762,22.18,22.175,22.18,6579,2021-09-01 14:00:00,BSCO
22.177,22.1799,22.17,22.175,1304,2021-09-01 14:05:00,BSCO
22.18,22.18,22.1737,22.1737,1551,2021-09-01 14:10:00,BSCO
22.175,22.175,22.175,22.175,2818,2021-09-01 14:15:00,BSCO
22.1741,22.1762,22.1741,22.1762,251,2021-09-01 14:20:00,BSCO
22.175,22.175,22.1743,22.175,2806,2021-09-01 14:25:00,BSCO
22.1765,22.1765,22.174,22.175,8761,2021-09-01 14:30:00,BSCO
22.1736,22.1736,22.17,22.17,1605,2021-09-01 14:35:00,BSCO
22.18,22.18,22.175,22.18,1151,2021-09-01 14:40:00,BSCO
22.1799,22.1799,22.175,22.175,866,2021-09-01 14:45:00,BSCO
22.17,22.17,22.17,22.17,100,2021-09-01 14:50:00,BSCO
22.17,22.1751,22.17,22.1742,2562,2021-09-01 14:55:00,BSCO
22.17,22.18,22.17,22.18,8170,2021-09-01 15:00:00,BSCO
22.1724,22.1724,22.17,22.17,1100,2021-09-01 15:05:00,BSCO
22.1738,22.175,22.1738,22.175,465,2021-09-01 15:10:00,BSCO
22.1783,22.1783,22.175,22.175,4621,2021-09-01 15:15:00,BSCO
22.175,22.18,22.175,22.1796,2575,2021-09-01 15:20:00,BSCO
22.1786,22.1786,22.1786,22.1786,7080,2021-09-01 15:25:00,BSCO
22.175,22.175,22.175,22.175,100,2021-09-01 15:30:00,BSCO
22.1799,22.1799,22.175,22.175,262,2021-09-01 15:35:00,BSCO
22.1705,22.175,22.1705,22.175,1072,2021-09-01 15:40:00,BSCO
22.1756,22.1756,22.175,22.175,408,2021-09-01 15:45:00,BSCO
22.175,22.175,22.165,22.165,60226,2021-09-01 15:50:00,BSCO
22.1613,22.17,22.1613,22.165,7553,2021-09-01 15:55:00,BSCO
22.165,22.17,22.165,22.165,825,2021-09-01 16:00:00,BSCO
22.17,22.17,22.17,22.17,200,2021-09-01 16:05:00,BSCO
22.1657,22.17,22.1657,22.17,235,2021-09-01 16:10:00,BSCO
22.17,22.17,22.17,22.17,100,2021-09-01 16:20:00,BSCO
22.1677,22.1677,22.1677,22.1677,340,2021-09-01 16:25:00,BSCO
22.164,22.169,22.1619,22.1636,7423,2021-09-01 16:30:00,BSCO
22.17,22.17,22.17,22.17,100,2021-09-01 16:35:00,BSCO
22.165,22.167,22.16,22.16,2176,2021-09-01 16:40:00,BSCO
22.17,22.17,22.17,22.17,100,2021-09-01 16:45:00,BSCO
22.165,22.1672,22.165,22.1672,1046,2021-09-01 16:50:00,BSCO
22.17,22.17,22.1657,22.1657,355,2021-09-01 16:55:00,BSCO
22.1601,22.165,22.1601,22.165,2821,2021-09-01 17:00:00,BSCO
22.165,22.169,22.165,22.167,4474,2021-09-01 17:05:00,BSCO
22.17,22.17,22.165,22.1673,7465,2021-09-01 17:10:00,BSCO
22.17,22.17,22.17,22.17,100,2021-09-01 17:15:00,BSCO
22.1633,22.17,22.1633,22.17,413,2021-09-01 17:25:00,BSCO
22.17,22.17,22.17,22.17,100,2021-09-01 17:35:00,BSCO
22.1632,22.1632,22.1632,22.1632,786,2021-09-01 17:40:00,BSCO
22.165,22.17,22.165,22.17,700,2021-09-01 17:45:00,BSCO
22.17,22.17,22.17,22.17,100,2021-09-01 17:50:00,BSCO
22.165,22.165,22.165,22.165,606,2021-09-01 17:55:00,BSCO
22.17,22.17,22.16,22.17,9234,2021-09-01 18:00:00,BSCO
22.169,22.17,22.1649,22.1649,1932,2021-09-01 18:05:00,BSCO
22.17,22.17,22.165,22.1699,1748,2021-09-01 18:10:00,BSCO
22.17,22.17,22.1662,22.1674,1478,2021-09-01 18:15:00,BSCO
22.17,22.17,22.16,22.1601,1837,2021-09-01 18:20:00,BSCO
22.17,22.17,22.17,22.17,100,2021-09-01 18:25:00,BSCO
22.165,22.17,22.165,22.17,607,2021-09-01 18:30:00,BSCO
22.17,22.17,22.17,22.17,100,2021-09-01 18:35:00,BSCO
22.1656,22.1656,22.165,22.165,594,2021-09-01 18:40:00,BSCO
22.17,22.17,22.17,22.17,531,2021-09-01 18:45:00,BSCO
22.165,22.17,22.165,22.17,1011,2021-09-01 18:50:00,BSCO
22.17,22.17,22.17,22.17,100,2021-09-01 19:00:00,BSCO
22.1632,22.17,22.1632,22.168,1512,2021-09-01 19:05:00,BSCO
22.17,22.17,22.16,22.16,1189,2021-09-01 19:10:00,BSCO
22.17,22.17,22.165,22.17,4511,2021-09-01 19:15:00,BSCO
22.17,22.17,22.16,22.17,1280,2021-09-01 19:20:00,BSCO
22.175,22.18,22.17,22.17,5822,2021-09-01 19:25:00,BSCO
22.175,22.175,22.173,22.173,200,2021-09-01 19:30:00,BSCO
22.1772,22.1772,22.17,22.175,2180,2021-09-01 19:35:00,BSCO
22.175,22.175,22.175,22.175,606,2021-09-01 19:40:00,BSCO
22.176,22.18,22.17,22.175,6579,2021-09-01 19:45:00,BSCO
22.175,22.18,22.1705,22.18,1422,2021-09-01 19:50:00,BSCO
22.1744,22.18,22.17,22.17,17921,2021-09-01 19:55:00,BSCO
22.18,22.18,22.18,22.18,485,2021-09-01 20:00:00,BSCO
22.2,22.2,22.1833,22.1933,4738,2021-09-02 13:30:00,BSCO
22.186,22.186,22.186,22.186,412,2021-09-02 13:35:00,BSCO
22.1881,22.19,22.1881,22.19,1227,2021-09-02 13:40:00,BSCO
22.1922,22.194,22.1801,22.19,6536,2021-09-02 13:45:00,BSCO
22.19,22.194,22.18,22.194,8301,2021-09-02 13:50:00,BSCO
22.1834,22.1999,22.1834,22.1999,1268,2021-09-02 13:55:00,BSCO
22.1819,22.19,22.18,22.18,2181,2021-09-02 14:00:00,BSCO
22.1947,22.1947,22.1947,22.1947,1406,2021-09-02 14:05:00,BSCO
22.186,22.1946,22.186,22.1946,2038,2021-09-02 14:10:00,BSCO
22.19,22.19,22.19,22.19,1468,2021-09-02 14:20:00,BSCO
22.18,22.199,22.18,22.199,1330,2021-09-02 14:25:00,BSCO
22.1818,22.1875,22.1818,22.1847,7616,2021-09-02 14:30:00,BSCO
22.1846,22.185,22.18,22.185,3575,2021-09-02 14:35:00,BSCO
22.183,22.185,22.1828,22.185,3042,2021-09-02 14:40:00,BSCO
22.185,22.185,22.185,22.185,3100,2021-09-02 14:45:00,BSCO
22.185,22.185,22.1826,22.1826,550,2021-09-02 14:50:00,BSCO
22.189,22.189,22.189,22.189,3700,2021-09-02 14:55:00,BSCO
22.1854,22.1854,22.185,22.185,823,2021-09-02 15:00:00,BSCO
22.183,22.185,22.183,22.185,280,2021-09-02 15:05:00,BSCO
22.187,22.187,22.185,22.185,669,2021-09-02 15:10:00,BSCO
22.1872,22.1872,22.1801,22.1801,1739,2021-09-02 15:15:00,BSCO
22.185,22.185,22.185,22.185,1300,2021-09-02 15:20:00,BSCO
22.1811,22.185,22.1811,22.185,7148,2021-09-02 15:25:00,BSCO
22.187,22.187,22.185,22.185,550,2021-09-02 15:30:00,BSCO
22.1899,22.1899,22.1899,22.1899,238,2021-09-02 15:35:00,BSCO
22.185,22.185,22.1801,22.1839,869,2021-09-02 15:40:00,BSCO
22.1896,22.1896,22.1827,22.1827,2509,2021-09-02 15:45:00,BSCO
22.1828,22.1882,22.18,22.1882,3260,2021-09-02 15:55:00,BSCO
22.185,22.19,22.185,22.185,1280,2021-09-02 16:00:00,BSCO
22.1816,22.185,22.1816,22.185,1800,2021-09-02 16:05:00,BSCO
22.185,22.185,22.185,22.185,4299,2021-09-02 16:10:00,BSCO
22.1875,22.1875,22.1875,22.1875,1400,2021-09-02 16:20:00,BSCO
22.185,22.185,22.185,22.185,521,2021-09-02 16:25:00,BSCO
22.185,22.2,22.185,22.19,51108,2021-09-02 16:30:00,BSCO
22.195,22.195,22.18,22.19,6940,2021-09-02 16:35:00,BSCO
22.1892,22.1892,22.185,22.185,1700,2021-09-02 16:40:00,BSCO
22.1881,22.1881,22.1869,22.1869,3582,2021-09-02 16:45:00,BSCO
22.1868,22.1868,22.1847,22.185,4904,2021-09-02 16:50:00,BSCO
22.1866,22.19,22.185,22.185,7429,2021-09-02 16:55:00,BSCO
22.185,22.185,22.185,22.185,478,2021-09-02 17:05:00,BSCO
22.185,22.185,22.185,22.185,100,2021-09-02 17:10:00,BSCO
22.19,22.19,22.185,22.1864,18345,2021-09-02 17:15:00,BSCO
22.185,22.185,22.185,22.185,900,2021-09-02 17:20:00,BSCO
22.185,22.185,22.185,22.185,200,2021-09-02 17:25:00,BSCO
22.1866,22.1866,22.18,22.18,587,2021-09-02 17:30:00,BSCO
22.185,22.185,22.185,22.185,1485,2021-09-02 17:35:00,BSCO
22.1891,22.1891,22.185,22.185,3400,2021-09-02 17:40:00,BSCO
22.1801,22.1801,22.1801,22.1801,2487,2021-09-02 17:45:00,BSCO
22.185,22.1857,22.1817,22.185,1362,2021-09-02 17:50:00,BSCO
22.18,22.18,22.18,22.18,180,2021-09-02 17:55:00,BSCO
22.185,22.185,22.185,22.185,1700,2021-09-02 18:10:00,BSCO
22.1864,22.1864,22.1861,22.1861,1351,2021-09-02 18:15:00,BSCO
22.185,22.1869,22.185,22.1852,2882,2021-09-02 18:25:00,BSCO
22.187,22.187,22.187,22.187,475,2021-09-02 18:30:00,BSCO
22.185,22.185,22.185,22.185,300,2021-09-02 18:35:00,BSCO
22.19,22.19,22.18,22.19,2036,2021-09-02 18:40:00,BSCO
22.18,22.1869,22.18,22.185,980,2021-09-02 18:45:00,BSCO
22.1857,22.1857,22.1857,22.1857,105,2021-09-02 18:50:00,BSCO
22.1859,22.1859,22.18,22.183,1833,2021-09-02 18:55:00,BSCO
22.185,22.185,22.185,22.185,415,2021-09-02 19:00:00,BSCO
22.18,22.1861,22.18,22.185,2055,2021-09-02 19:05:00,BSCO
22.1827,22.185,22.1817,22.185,4647,2021-09-02 19:10:00,BSCO
22.185,22.185,22.183,22.183,3225,2021-09-02 19:15:00,BSCO
22.18,22.1879,22.18,22.1879,4162,2021-09-02 19:20:00,BSCO
22.185,22.19,22.183,22.185,17621,2021-09-02 19:25:00,BSCO
22.185,22.187,22.185,22.185,1730,2021-09-02 19:30:00,BSCO
22.1843,22.19,22.18,22.1854,6072,2021-09-02 19:35:00,BSCO
22.18,22.19,22.18,22.185,4128,2021-09-02 19:40:00,BSCO
22.18,22.19,22.18,22.185,8891,2021-09-02 19:45:00,BSCO
22.18,22.19,22.18,22.1814,9554,2021-09-02 19:50:00,BSCO
22.185,22.19,22.17,22.18,23903,2021-09-02 19:55:00,BSCO
22.19,22.19,22.19,22.19,156,2021-09-02 20:00:00,BSCO
22.15,22.15,22.15,22.15,220,2021-09-02 20:45:00,BSCO
22.17,22.17,22.17,22.17,100,2021-09-03 13:25:00,BSCO
22.18,22.18,22.17,22.17,11030,2021-09-03 13:30:00,BSCO
22.1737,22.1737,22.1737,22.1737,1035,2021-09-03 13:35:00,BSCO
22.17,22.17,22.17,22.17,100,2021-09-03 13:45:00,BSCO
22.17,22.17,22.17,22.17,200,2021-09-03 13:50:00,BSCO
22.175,22.18,22.175,22.1775,421,2021-09-03 13:55:00,BSCO
22.17,22.17,22.17,22.17,300,2021-09-03 14:00:00,BSCO
22.17,22.1782,22.17,22.17,1311,2021-09-03 14:05:00,BSCO
22.18,22.18,22.17,22.1775,2927,2021-09-03 14:10:00,BSCO
22.175,22.175,22.175,22.175,250,2021-09-03 14:15:00,BSCO
22.1774,22.18,22.175,22.175,898,2021-09-03 14:30:00,BSCO
22.1756,22.1756,22.1756,22.1756,140,2021-09-03 14:35:00,BSCO
22.1716,22.1725,22.1716,22.1725,2267,2021-09-03 14:45:00,BSCO
22.175,22.175,22.175,22.175,4307,2021-09-03 14:50:00,BSCO
22.173,22.18,22.173,22.1778,3085,2021-09-03 14:55:00,BSCO
22.1794,22.1794,22.1783,22.1783,1507,2021-09-03 15:05:00,BSCO
22.18,22.18,22.179,22.18,1840,2021-09-03 15:10:00,BSCO
22.18,22.18,22.18,22.18,1266,2021-09-03 15:20:00,BSCO
22.1774,22.1774,22.175,22.175,523,2021-09-03 15:25:00,BSCO
22.18,22.18,22.175,22.175,2993,2021-09-03 15:30:00,BSCO
22.1759,22.18,22.1759,22.1772,1147,2021-09-03 15:40:00,BSCO
22.18,22.18,22.1727,22.1759,3086,2021-09-03 15:45:00,BSCO
22.1736,22.18,22.17,22.18,486,2021-09-03 15:50:00,BSCO
22.175,22.175,22.175,22.175,135,2021-09-03 15:55:00,BSCO
22.175,22.175,22.17,22.1709,1197,2021-09-03 16:00:00,BSCO
22.18,22.18,22.177,22.177,5464,2021-09-03 16:05:00,BSCO
22.18,22.18,22.18,22.18,53325,2021-09-03 16:15:00,BSCO
22.1771,22.18,22.1771,22.18,310,2021-09-03 16:20:00,BSCO
22.18,22.18,22.1735,22.1735,800,2021-09-03 16:25:00,BSCO
22.18,22.18,22.175,22.1775,2875,2021-09-03 16:30:00,BSCO
22.18,22.18,22.1723,22.1723,1425,2021-09-03 16:35:00,BSCO
22.1782,22.1782,22.1737,22.175,5487,2021-09-03 16:40:00,BSCO
22.18,22.18,22.18,22.18,100,2021-09-03 16:50:00,BSCO
22.1781,22.1781,22.1781,22.1781,798,2021-09-03 16:55:00,BSCO
22.18,22.18,22.18,22.18,100,2021-09-03 17:00:00,BSCO
22.1778,22.18,22.175,22.175,5334,2021-09-03 17:05:00,BSCO
22.18,22.18,22.1763,22.1793,3193,2021-09-03 17:10:00,BSCO
22.17,22.18,22.17,22.18,785,2021-09-03 17:15:00,BSCO
22.18,22.18,22.1731,22.1731,1243,2021-09-03 17:25:00,BSCO
22.179,22.18,22.17,22.18,3046,2021-09-03 17:35:00,BSCO
22.1771,22.1771,22.1771,22.1771,337,2021-09-03 17:40:00,BSCO
22.1792,22.18,22.1792,22.18,277,2021-09-03 17:50:00,BSCO
22.17,22.175,22.17,22.175,1289,2021-09-03 17:55:00,BSCO
22.179,22.18,22.179,22.18,3742,2021-09-03 18:00:00,BSCO
22.179,22.18,22.179,22.18,2354,2021-09-03 18:10:00,BSCO
22.179,22.179,22.179,22.179,225,2021-09-03 18:15:00,BSCO
22.179,22.179,22.179,22.179,300,2021-09-03 18:20:00,BSCO
22.18,22.18,22.18,22.18,100,2021-09-03 18:25:00,BSCO
22.177,22.18,22.177,22.18,973,2021-09-03 18:30:00,BSCO
22.1781,22.18,22.1781,22.18,466,2021-09-03 18:35:00,BSCO
22.1775,22.18,22.17,22.1768,8581,2021-09-03 18:40:00,BSCO
22.1799,22.18,22.17,22.17,9280,2021-09-03 18:45:00,BSCO
22.1705,22.1791,22.1705,22.1791,4912,2021-09-03 18:50:00,BSCO
22.18,22.18,22.17,22.17,682,2021-09-03 18:55:00,BSCO
22.175,22.18,22.175,22.1766,2875,2021-09-03 19:00:00,BSCO
22.18,22.18,22.18,22.18,100,2021-09-03 19:05:00,BSCO
22.18,22.18,22.175,22.175,768,2021-09-03 19:15:00,BSCO
22.18,22.18,22.18,22.18,100,2021-09-03 19:20:00,BSCO
22.18,22.18,22.179,22.18,15891,2021-09-03 19:25:00,BSCO
22.18,22.18,22.1701,22.1701,284,2021-09-03 19:30:00,BSCO
22.179,22.18,22.175,22.175,612,2021-09-03 19:35:00,BSCO
22.1799,22.18,22.1744,22.1744,1349,2021-09-03 19:40:00,BSCO
22.18,22.18,22.1782,22.18,1551,2021-09-03 19:45:00,BSCO
22.18,22.18,22.1778,22.1799,1056,2021-09-03 19:50:00,BSCO
22.175,22.19,22.175,22.18,15652,2021-09-03 19:55:00,BSCO
22.18,22.18,22.18,22.18,602,2021-09-03 20:00:00,BSCO
22.17,22.17,22.17,22.17,600,2021-09-07 13:25:00,BSCO
22.17,22.17,22.165,22.165,7171,2021-09-07 13:30:00,BSCO
22.16,22.165,22.16,22.165,5338,2021-09-07 13:35:00,BSCO
22.1672,22.1672,22.1672,22.1672,200,2021-09-07 13:40:00,BSCO
22.165,22.165,22.16,22.165,4960,2021-09-07 13:45:00,BSCO
22.17,22.17,22.165,22.165,2640,2021-09-07 13:50:00,BSCO
22.165,22.17,22.165,22.17,391,2021-09-07 14:00:00,BSCO
22.165,22.165,22.165,22.165,100,2021-09-07 14:05:00,BSCO
22.1695,22.1699,22.16,22.165,5690,2021-09-07 14:10:00,BSCO
22.165,22.165,22.165,22.165,100,2021-09-07 14:15:00,BSCO
22.165,22.1659,22.15,22.1501,51540,2021-09-07 14:25:00,BSCO
22.1555,22.1555,22.1555,22.1555,200,2021-09-07 14:30:00,BSCO
22.16,22.16,22.156,22.1563,5749,2021-09-07 14:35:00,BSCO
22.15,22.16,22.15,22.1585,2808,2021-09-07 14:40:00,BSCO
22.1529,22.1529,22.1529,22.1529,4775,2021-09-07 14:45:00,BSCO
22.159,22.16,22.155,22.16,5356,2021-09-07 14:50:00,BSCO
22.16,22.16,22.158,22.158,575,2021-09-07 14:55:00,BSCO
22.1575,22.16,22.1575,22.16,356,2021-09-07 15:05:00,BSCO
22.16,22.16,22.155,22.155,204,2021-09-07 15:15:00,BSCO
22.155,22.155,22.155,22.155,2403,2021-09-07 15:20:00,BSCO
22.16,22.16,22.16,22.16,100,2021-09-07 15:25:00,BSCO
22.16,22.16,22.155,22.155,3675,2021-09-07 15:30:00,BSCO
22.16,22.16,22.1573,22.1573,282,2021-09-07 15:35:00,BSCO
22.159,22.16,22.1563,22.16,406,2021-09-07 15:45:00,BSCO
22.16,22.16,22.16,22.16,100,2021-09-07 15:50:00,BSCO
22.16,22.16,22.155,22.16,1390,2021-09-07 15:55:00,BSCO
22.16,22.16,22.1501,22.16,1300,2021-09-07 16:00:00,BSCO
22.159,22.16,22.156,22.1575,4100,2021-09-07 16:05:00,BSCO
22.155,22.155,22.151,22.151,995,2021-09-07 16:10:00,BSCO
22.16,22.16,22.16,22.16,100,2021-09-07 16:25:00,BSCO
22.1585,22.16,22.1585,22.16,800,2021-09-07 16:30:00,BSCO
22.1575,22.1575,22.1575,22.1575,296,2021-09-07 16:35:00,BSCO
22.16,22.16,22.1599,22.1599,540,2021-09-07 16:40:00,BSCO
22.16,22.16,22.16,22.16,100,2021-09-07 16:45:00,BSCO
22.16,22.16,22.16,22.16,100,2021-09-07 16:50:00,BSCO
22.16,22.16,22.1538,22.16,787,2021-09-07 16:55:00,BSCO
22.1599,22.1599,22.1599,22.1599,5663,2021-09-07 17:00:00,BSCO
22.16,22.16,22.1561,22.1579,1061,2021-09-07 17:10:00,BSCO
22.16,22.16,22.16,22.16,100,2021-09-07 17:15:00,BSCO
22.1532,22.1532,22.1532,22.1532,2190,2021-09-07 17:20:00,BSCO
22.16,22.16,22.16,22.16,100,2021-09-07 17:25:00,BSCO
22.159,22.16,22.159,22.1599,2942,2021-09-07 17:30:00,BSCO
22.1572,22.16,22.1572,22.16,4815,2021-09-07 17:35:00,BSCO
22.16,22.16,22.1582,22.1582,1459,2021-09-07 17:40:00,BSCO
22.1599,22.1599,22.1599,22.1599,2735,2021-09-07 17:45:00,BSCO
22.16,22.16,22.15,22.16,2389,2021-09-07 17:50:00,BSCO
22.16,22.16,22.16,22.16,100,2021-09-07 17:55:00,BSCO
22.16,22.16,22.155,22.155,965,2021-09-07 18:00:00,BSCO
22.16,22.16,22.16,22.16,100,2021-09-07 18:05:00,BSCO
22.1571,22.1571,22.1571,22.1571,271,2021-09-07 18:10:00,BSCO
22.16,22.16,22.1566,22.1599,1000,2021-09-07 18:15:00,BSCO
22.155,22.16,22.155,22.16,3712,2021-09-07 18:20:00,BSCO
22.16,22.165,22.16,22.165,970,2021-09-07 18:25:00,BSCO
22.165,22.165,22.165,22.165,100,2021-09-07 18:30:00,BSCO
22.165,22.165,22.165,22.165,100,2021-09-07 18:35:00,BSCO
22.16,22.17,22.16,22.165,3924,2021-09-07 18:40:00,BSCO
22.165,22.1691,22.16,22.16,2446,2021-09-07 18:45:00,BSCO
22.16,22.17,22.16,22.165,14970,2021-09-07 18:50:00,BSCO
22.165,22.165,22.165,22.165,928,2021-09-07 18:55:00,BSCO
22.165,22.1675,22.165,22.1675,1360,2021-09-07 19:00:00,BSCO
22.165,22.1685,22.1649,22.165,1450,2021-09-07 19:05:00,BSCO
22.1601,22.165,22.1601,22.165,625,2021-09-07 19:10:00,BSCO
22.1624,22.165,22.16,22.165,3514,2021-09-07 19:15:00,BSCO
22.1678,22.1678,22.1678,22.1678,700,2021-09-07 19:20:00,BSCO
22.1635,22.17,22.1635,22.17,2195,2021-09-07 19:25:00,BSCO
22.164,22.1668,22.164,22.1668,2212,2021-09-07 19:30:00,BSCO
22.165,22.165,22.1638,22.1638,751,2021-09-07 19:35:00,BSCO
22.1699,22.17,22.1616,22.165,2991,2021-09-07 19:40:00,BSCO
22.1699,22.1699,22.1636,22.165,7922,2021-09-07 19:45:00,BSCO
22.165,22.165,22.165,22.165,500,2021-09-07 19:50:00,BSCO
22.165,22.17,22.16,22.17,5506,2021-09-07 19:55:00,BSCO
22.16,22.16,22.16,22.16,1100,2021-09-07 20:00:00,BSCO
22.25,22.25,22.25,22.25,281,2021-09-08 10:30:00,BSCO
22.17,22.17,22.17,22.17,281,2021-09-08 11:45:00,BSCO
22.17,22.17,22.17,22.17,400,2021-09-08 13:05:00,BSCO
22.19,22.19,22.155,22.155,10245,2021-09-08 13:30:00,BSCO
22.155,22.16,22.155,22.155,2300,2021-09-08 13:35:00,BSCO
22.155,22.16,22.155,22.155,1000,2021-09-08 13:40:00,BSCO
22.155,22.165,22.155,22.165,4028,2021-09-08 13:45:00,BSCO
22.17,22.17,22.17,22.17,113,2021-09-08 13:50:00,BSCO
22.16,22.16,22.16,22.16,147,2021-09-08 14:00:00,BSCO
22.16,22.1699,22.16,22.167,916,2021-09-08 14:05:00,BSCO
22.165,22.165,22.163,22.163,873,2021-09-08 14:15:00,BSCO
22.1668,22.1668,22.1668,22.1668,198,2021-09-08 14:20:00,BSCO
22.16,22.169,22.16,22.169,1363,2021-09-08 14:25:00,BSCO
22.1675,22.1675,22.1675,22.1675,631,2021-09-08 14:30:00,BSCO
22.165,22.165,22.163,22.163,1169,2021-09-08 14:40:00,BSCO
22.17,22.17,22.16,22.165,15569,2021-09-08 14:45:00,BSCO
22.165,22.165,22.165,22.165,500,2021-09-08 14:50:00,BSCO
22.1663,22.1663,22.1663,22.1663,135,2021-09-08 14:55:00,BSCO
22.1648,22.1668,22.1648,22.1668,519,2021-09-08 15:00:00,BSCO
22.1699,22.1699,22.1699,22.1699,100,2021-09-08 15:05:00,BSCO
22.1619,22.165,22.1619,22.165,974,2021-09-08 15:25:00,BSCO
22.1651,22.1651,22.1651,22.1651,181,2021-09-08 15:30:00,BSCO
22.162,22.165,22.16,22.165,862,2021-09-08 15:35:00,BSCO
22.1668,22.1668,22.1661,22.1661,572,2021-09-08 15:40:00,BSCO
22.1637,22.165,22.16,22.165,2427,2021-09-08 15:45:00,BSCO
22.165,22.1699,22.165,22.1699,1487,2021-09-08 15:55:00,BSCO
22.1638,22.165,22.163,22.163,2627,2021-09-08 16:00:00,BSCO
22.165,22.165,22.165,22.165,200,2021-09-08 16:05:00,BSCO
22.1657,22.1657,22.16,22.1657,1647,2021-09-08 16:10:00,BSCO
22.165,22.165,22.165,22.165,455,2021-09-08 16:15:00,BSCO
22.165,22.1699,22.165,22.1699,2021,2021-09-08 16:20:00,BSCO
22.165,22.165,22.165,22.165,1171,2021-09-08 16:25:00,BSCO
22.1647,22.1648,22.1647,22.1648,807,2021-09-08 16:40:00,BSCO
22.165,22.165,22.165,22.165,1670,2021-09-08 16:45:00,BSCO
22.1665,22.1699,22.165,22.1699,5760,2021-09-08 16:50:00,BSCO
22.165,22.165,22.165,22.165,200,2021-09-08 16:55:00,BSCO
22.1606,22.17,22.16,22.1673,9012,2021-09-08 17:00:00,BSCO
22.16,22.16,22.16,22.16,133,2021-09-08 17:05:00,BSCO
22.1693,22.1693,22.1693,22.1693,1327,2021-09-08 17:10:00,BSCO
22.165,22.17,22.165,22.17,831,2021-09-08 17:15:00,BSCO
22.1695,22.17,22.1695,22.17,1550,2021-09-08 17:25:00,BSCO
22.1677,22.17,22.1663,22.17,3425,2021-09-08 17:30:00,BSCO
22.165,22.1671,22.165,22.165,2360,2021-09-08 17:35:00,BSCO
22.17,22.17,22.17,22.17,897,2021-09-08 17:40:00,BSCO
22.16,22.169,22.16,22.169,1240,2021-09-08 17:45:00,BSCO
22.16,22.16,22.16,22.16,202,2021-09-08 17:55:00,BSCO
22.165,22.165,22.165,22.165,500,2021-09-08 18:05:00,BSCO
22.16,22.1664,22.16,22.1664,1529,2021-09-08 18:10:00,BSCO
22.165,22.165,22.165,22.165,780,2021-09-08 18:20:00,BSCO
22.1639,22.169,22.1639,22.165,1954,2021-09-08 18:25:00,BSCO
22.16,22.1676,22.16,22.1676,1410,2021-09-08 18:30:00,BSCO
22.1675,22.17,22.1675,22.17,540,2021-09-08 18:35:00,BSCO
22.16,22.17,22.16,22.1629,2841,2021-09-08 18:40:00,BSCO
22.1676,22.169,22.1676,22.169,592,2021-09-08 18:45:00,BSCO
22.165,22.165,22.165,22.165,1590,2021-09-08 18:50:00,BSCO
22.17,22.17,22.165,22.17,8487,2021-09-08 19:15:00,BSCO
22.17,22.17,22.17,22.17,998,2021-09-08 19:20:00,BSCO
22.1621,22.1621,22.1621,22.1621,2648,2021-09-08 19:30:00,BSCO
22.1601,22.1694,22.1601,22.1694,470,2021-09-08 19:35:00,BSCO
22.1673,22.17,22.163,22.17,15195,2021-09-08 19:40:00,BSCO
22.16,22.17,22.16,22.1663,1979,2021-09-08 19:45:00,BSCO
22.17,22.17,22.1634,22.1688,5846,2021-09-08 19:50:00,BSCO
22.17,22.175,22.1638,22.17,10522,2021-09-08 19:55:00,BSCO
22.17,22.18,22.17,22.18,295,2021-09-08 20:00:00,BSCO
22.14,22.14,22.14,22.14,200,2021-09-08 21:35:00,BSCO
22.17,22.18,22.17,22.1752,9838,2021-09-09 13:30:00,BSCO
22.17,22.177,22.17,22.177,200,2021-09-09 13:40:00,BSCO
22.17,22.18,22.17,22.1742,5250,2021-09-09 13:45:00,BSCO
22.175,22.175,22.175,22.175,2500,2021-09-09 13:50:00,BSCO
22.175,22.175,22.175,22.175,1600,2021-09-09 13:55:00,BSCO
22.175,22.175,22.17,22.17,1600,2021-09-09 14:05:00,BSCO
22.17,22.17,22.17,22.17,100,2021-09-09 14:10:00,BSCO
22.17,22.17,22.17,22.17,400,2021-09-09 14:15:00,BSCO
22.175,22.175,22.17,22.17,300,2021-09-09 14:20:00,BSCO
22.1751,22.1751,22.17,22.175,390,2021-09-09 14:25:00,BSCO
22.17,22.17,22.17,22.17,100,2021-09-09 14:30:00,BSCO
22.175,22.175,22.175,22.175,1042,2021-09-09 14:35:00,BSCO
22.17,22.17,22.17,22.17,200,2021-09-09 14:40:00,BSCO
22.17,22.179,22.17,22.17,6200,2021-09-09 14:45:00,BSCO
22.17,22.1701,22.17,22.17,1800,2021-09-09 14:50:00,BSCO
22.17,22.175,22.17,22.17,3300,2021-09-09 14:55:00,BSCO
22.17,22.17,22.17,22.17,800,2021-09-09 15:00:00,BSCO
22.17,22.17,22.17,22.17,700,2021-09-09 15:05:00,BSCO
22.17,22.175,22.17,22.17,2050,2021-09-09 15:10:00,BSCO
22.17,22.18,22.17,22.175,1846,2021-09-09 15:15:00,BSCO
22.18,22.18,22.17,22.17,1000,2021-09-09 15:20:00,BSCO
22.17,22.1773,22.17,22.1773,3967,2021-09-09 15:25:00,BSCO
22.17,22.17,22.17,22.17,700,2021-09-09 15:30:00,BSCO
22.17,22.175,22.17,22.17,1100,2021-09-09 15:35:00,BSCO
22.18,22.18,22.17,22.17,6351,2021-09-09 15:40:00,BSCO
22.17,22.175,22.17,22.17,700,2021-09-09 15:45:00,BSCO
22.17,22.17,22.17,22.17,700,2021-09-09 15:50:00,BSCO
22.17,22.175,22.17,22.17,1200,2021-09-09 15:55:00,BSCO
22.17,22.175,22.17,22.175,1200,2021-09-09 16:00:00,BSCO
22.175,22.175,22.17,22.17,6023,2021-09-09 16:05:00,BSCO
22.17,22.175,22.17,22.17,1200,2021-09-09 16:10:00,BSCO
22.17,22.175,22.17,22.17,1300,2021-09-09 16:15:00,BSCO
22.17,22.1765,22.17,22.17,1896,2021-09-09 16:20:00,BSCO
22.17,22.1782,22.17,22.1782,4169,2021-09-09 16:25:00,BSCO
22.17,22.17,22.17,22.17,600,2021-09-09 16:30:00,BSCO
22.1701,22.18,22.17,22.17,3610,2021-09-09 16:35:00,BSCO
22.17,22.1782,22.17,22.17,1630,2021-09-09 16:40:00,BSCO
22.17,22.1768,22.17,22.17,5475,2021-09-09 16:45:00,BSCO
22.17,22.18,22.17,22.17,1050,2021-09-09 16:50:00,BSCO
22.17,22.17,22.17,22.17,500,2021-09-09 16:55:00,BSCO
22.17,22.18,22.17,22.177,1900,2021-09-09 17:00:00,BSCO
22.17,22.189,22.17,22.1838,15507,2021-09-09 17:05:00,BSCO
22.18,22.18,22.18,22.18,100,2021-09-09 17:10:00,BSCO
22.18,22.18,22.18,22.18,700,2021-09-09 17:15:00,BSCO
22.18,22.185,22.18,22.18,4900,2021-09-09 17:20:00,BSCO
22.18,22.18,22.18,22.18,600,2021-09-09 17:25:00,BSCO
22.18,22.18,22.18,22.18,500,2021-09-09 17:30:00,BSCO
22.18,22.18,22.18,22.18,700,2021-09-09 17:35:00,BSCO
22.18,22.186,22.18,22.18,1215,2021-09-09 17:40:00,BSCO
22.18,22.1801,22.18,22.18,2055,2021-09-09 17:45:00,BSCO
22.18,22.185,22.18,22.18,1203,2021-09-09 17:50:00,BSCO
22.185,22.185,22.18,22.18,2203,2021-09-09 17:55:00,BSCO
22.1818,22.185,22.18,22.18,5241,2021-09-09 18:00:00,BSCO
22.17,22.18,22.17,22.17,2602,2021-09-09 18:05:00,BSCO
22.17,22.1731,22.17,22.17,997,2021-09-09 18:10:00,BSCO
22.1774,22.1782,22.17,22.17,2917,2021-09-09 18:15:00,BSCO
22.17,22.18,22.17,22.17,2033,2021-09-09 18:20:00,BSCO
22.17,22.175,22.17,22.17,743,2021-09-09 18:25:00,BSCO
22.17,22.1762,22.17,22.1762,4782,2021-09-09 18:30:00,BSCO
22.17,22.175,22.17,22.17,900,2021-09-09 18:35:00,BSCO
22.17,22.18,22.17,22.175,3157,2021-09-09 18:40:00,BSCO
22.17,22.17,22.17,22.17,500,2021-09-09 18:45:00,BSCO
22.17,22.18,22.17,22.17,3209,2021-09-09 18:50:00,BSCO
22.17,22.179,22.17,22.1749,3218,2021-09-09 18:55:00,BSCO
22.17,22.175,22.17,22.175,780,2021-09-09 19:00:00,BSCO
22.1759,22.176,22.17,22.17,3932,2021-09-09 19:05:00,BSCO
22.1748,22.1799,22.17,22.17,1776,2021-09-09 19:10:00,BSCO
22.17,22.17,22.17,22.17,635,2021-09-09 19:15:00,BSCO
22.18,22.18,22.17,22.17,1538,2021-09-09 19:20:00,BSCO
22.17,22.175,22.17,22.17,1533,2021-09-09 19:25:00,BSCO
22.175,22.175,22.17,22.17,6426,2021-09-09 19:30:00,BSCO
22.175,22.1799,22.17,22.17,7825,2021-09-09 19:35:00,BSCO
22.175,22.175,22.17,22.175,6173,2021-09-09 19:40:00,BSCO
22.17,22.18,22.17,22.18,8557,2021-09-09 19:45:00,BSCO
22.173,22.18,22.17,22.17,8646,2021-09-09 19:50:00,BSCO
22.17,22.18,22.16,22.18,42251,2021-09-09 19:55:00,BSCO
22.18,22.18,22.18,22.18,936,2021-09-09 20:00:00,BSCO
22.17,22.17,22.17,22.17,200,2021-09-09 20:05:00,BSCO
22.17,22.17,22.17,22.17,100,2021-09-10 13:25:00,BSCO
22.18,22.18,22.166,22.1701,5514,2021-09-10 13:30:00,BSCO
22.1757,22.1757,22.1757,22.1757,3927,2021-09-10 13:35:00,BSCO
22.18,22.18,22.175,22.175,911,2021-09-10 13:45:00,BSCO
22.1733,22.1733,22.1733,22.1733,336,2021-09-10 13:50:00,BSCO
22.1733,22.18,22.17,22.17,744,2021-09-10 13:55:00,BSCO
22.171,22.171,22.17,22.1701,300,2021-09-10 14:00:00,BSCO
22.17,22.17,22.17,22.17,100,2021-09-10 14:05:00,BSCO
22.17,22.18,22.17,22.18,803,2021-09-10 14:10:00,BSCO
22.17,22.179,22.17,22.17,2300,2021-09-10 14:15:00,BSCO
22.17,22.17,22.17,22.17,1200,2021-09-10 14:25:00,BSCO
22.17,22.1767,22.17,22.17,1200,2021-09-10 14:30:00,BSCO
22.1734,22.1734,22.17,22.17,1350,2021-09-10 14:35:00,BSCO
22.175,22.18,22.175,22.18,12665,2021-09-10 14:45:00,BSCO
22.17,22.17,22.17,22.17,100,2021-09-10 14:50:00,BSCO
22.175,22.179,22.175,22.179,2411,2021-09-10 14:55:00,BSCO
22.175,22.1768,22.175,22.1768,910,2021-09-10 15:00:00,BSCO
22.1724,22.1724,22.17,22.17,228,2021-09-10 15:05:00,BSCO
22.17,22.175,22.17,22.175,240,2021-09-10 15:10:00,BSCO
22.17,22.1739,22.17,22.1733,1463,2021-09-10 15:15:00,BSCO
22.17,22.17,22.17,22.17,700,2021-09-10 15:20:00,BSCO
22.17,22.1758,22.17,22.17,426,2021-09-10 15:25:00,BSCO
22.17,22.17,22.17,22.17,400,2021-09-10 15:30:00,BSCO
22.17,22.17,22.1663,22.1663,860,2021-09-10 15:35:00,BSCO
22.165,22.17,22.16,22.16,4150,2021-09-10 15:40:00,BSCO
22.165,22.165,22.16,22.165,750,2021-09-10 15:45:00,BSCO
22.16,22.165,22.16,22.16,9800,2021-09-10 15:50:00,BSCO
22.16,22.16,22.16,22.16,100,2021-09-10 15:55:00,BSCO
22.165,22.1657,22.16,22.165,1963,2021-09-10 16:00:00,BSCO
22.1667,22.1667,22.1667,22.1667,500,2021-09-10 16:05:00,BSCO
22.1643,22.165,22.1643,22.165,516,2021-09-10 16:10:00,BSCO
22.16,22.1699,22.16,22.1663,3030,2021-09-10 16:15:00,BSCO
22.165,22.165,22.165,22.165,800,2021-09-10 16:20:00,BSCO
22.166,22.17,22.16,22.1696,1100,2021-09-10 16:25:00,BSCO
22.16,22.16,22.16,22.16,125,2021-09-10 16:30:00,BSCO
22.1626,22.17,22.1626,22.1645,3627,2021-09-10 16:35:00,BSCO
22.17,22.17,22.165,22.17,3971,2021-09-10 16:40:00,BSCO
22.1651,22.1698,22.1651,22.1698,1951,2021-09-10 16:45:00,BSCO
22.17,22.17,22.1666,22.17,4885,2021-09-10 16:50:00,BSCO
22.17,22.17,22.17,22.17,100,2021-09-10 17:05:00,BSCO
22.16,22.16,22.16,22.16,1300,2021-09-10 17:15:00,BSCO
22.165,22.17,22.165,22.166,396,2021-09-10 17:20:00,BSCO
22.17,22.17,22.1658,22.17,1134,2021-09-10 17:25:00,BSCO
22.17,22.17,22.17,22.17,100,2021-09-10 17:35:00,BSCO
22.1674,22.1674,22.1674,22.1674,329,2021-09-10 17:40:00,BSCO
22.1689,22.17,22.165,22.1663,3128,2021-09-10 17:45:00,BSCO
22.165,22.165,22.165,22.165,500,2021-09-10 17:50:00,BSCO
22.165,22.165,22.16,22.165,4410,2021-09-10 17:55:00,BSCO
22.165,22.165,22.165,22.165,600,2021-09-10 18:00:00,BSCO
22.165,22.168,22.165,22.165,1959,2021-09-10 18:05:00,BSCO
22.165,22.17,22.165,22.165,3040,2021-09-10 18:10:00,BSCO
22.165,22.17,22.16,22.165,5902,2021-09-10 18:15:00,BSCO
22.165,22.165,22.165,22.165,900,2021-09-10 18:20:00,BSCO
22.165,22.168,22.165,22.165,3270,2021-09-10 18:25:00,BSCO
22.165,22.165,22.165,22.165,1480,2021-09-10 18:30:00,BSCO
22.165,22.1672,22.165,22.165,1529,2021-09-10 18:35:00,BSCO
22.165,22.17,22.161,22.165,10725,2021-09-10 18:40:00,BSCO
22.165,22.1676,22.165,22.165,2002,2021-09-10 18:45:00,BSCO
22.165,22.17,22.1608,22.165,1623,2021-09-10 18:50:00,BSCO
22.165,22.165,22.165,22.165,1400,2021-09-10 18:55:00,BSCO
22.165,22.165,22.165,22.165,2404,2021-09-10 19:00:00,BSCO
22.165,22.169,22.165,22.165,4643,2021-09-10 19:05:00,BSCO
22.165,22.165,22.165,22.165,3651,2021-09-10 19:10:00,BSCO
22.165,22.165,22.165,22.165,1500,2021-09-10 19:15:00,BSCO
22.165,22.17,22.165,22.165,14760,2021-09-10 19:20:00,BSCO
22.165,22.1656,22.161,22.165,6039,2021-09-10 19:25:00,BSCO
22.165,22.17,22.1641,22.165,5075,2021-09-10 19:30:00,BSCO
22.165,22.167,22.165,22.165,2200,2021-09-10 19:35:00,BSCO
22.165,22.17,22.1601,22.165,16435,2021-09-10 19:40:00,BSCO
22.165,22.17,22.1601,22.165,9069,2021-09-10 19:45:00,BSCO
22.165,22.17,22.16,22.165,7375,2021-09-10 19:50:00,BSCO
22.16,22.18,22.15,22.18,42359,2021-09-10 19:55:00,BSCO
22.18,22.18,22.18,22.18,4090,2021-09-10 20:00:00,BSCO
22.21,22.21,22.21,22.21,322,2021-09-10 20:15:00,BSCO
22.17,22.17,22.17,22.17,100,2021-09-13 13:25:00,BSCO
22.18,22.2,22.1659,22.17,6845,2021-09-13 13:30:00,BSCO
22.1666,22.17,22.16,22.16,2272,2021-09-13 13:35:00,BSCO
22.165,22.17,22.165,22.17,1000,2021-09-13 13:40:00,BSCO
22.17,22.17,22.16,22.17,522,2021-09-13 13:45:00,BSCO
22.1668,22.17,22.16,22.17,9712,2021-09-13 13:50:00,BSCO
22.165,22.17,22.165,22.165,3910,2021-09-13 13:55:00,BSCO
22.16,22.17,22.16,22.17,1600,2021-09-13 14:00:00,BSCO
22.1629,22.1629,22.16,22.1629,423,2021-09-13 14:05:00,BSCO
22.17,22.17,22.1612,22.166,4244,2021-09-13 14:10:00,BSCO
22.17,22.17,22.16,22.1631,800,2021-09-13 14:15:00,BSCO
22.1688,22.1698,22.16,22.1696,6668,2021-09-13 14:25:00,BSCO
22.16,22.17,22.16,22.1698,9722,2021-09-13 14:35:00,BSCO
22.165,22.17,22.165,22.17,1129,2021-09-13 14:45:00,BSCO
22.17,22.17,22.1681,22.1681,493,2021-09-13 14:50:00,BSCO
22.16,22.1628,22.16,22.1628,314,2021-09-13 14:55:00,BSCO
22.1679,22.17,22.1666,22.17,3575,2021-09-13 15:00:00,BSCO
22.17,22.17,22.1663,22.1663,1556,2021-09-13 15:05:00,BSCO
22.165,22.17,22.1623,22.1623,11390,2021-09-13 15:10:00,BSCO
22.1642,22.1697,22.16,22.1697,2411,2021-09-13 15:20:00,BSCO
22.1662,22.17,22.165,22.165,3314,2021-09-13 15:25:00,BSCO
22.1684,22.1699,22.1684,22.1699,4189,2021-09-13 15:30:00,BSCO
22.16,22.165,22.16,22.165,364,2021-09-13 15:35:00,BSCO
22.17,22.17,22.168,22.168,550,2021-09-13 15:40:00,BSCO
22.161,22.17,22.16,22.17,930,2021-09-13 15:55:00,BSCO
22.165,22.1676,22.16,22.1676,2496,2021-09-13 16:00:00,BSCO
22.16,22.163,22.16,22.163,585,2021-09-13 16:10:00,BSCO
22.165,22.17,22.165,22.165,300,2021-09-13 16:15:00,BSCO
22.165,22.17,22.165,22.17,200,2021-09-13 16:20:00,BSCO
22.1626,22.1626,22.16,22.16,386,2021-09-13 16:25:00,BSCO
22.17,22.17,22.1698,22.17,1004,2021-09-13 16:30:00,BSCO
22.17,22.17,22.17,22.17,100,2021-09-13 16:35:00,BSCO
22.16,22.165,22.16,22.165,200,2021-09-13 16:40:00,BSCO
22.1698,22.1699,22.1694,22.1699,9674,2021-09-13 16:45:00,BSCO
22.17,22.17,22.17,22.17,100,2021-09-13 16:55:00,BSCO
22.1674,22.17,22.165,22.1656,3512,2021-09-13 17:00:00,BSCO
22.17,22.17,22.17,22.17,4100,2021-09-13 17:05:00,BSCO
22.1608,22.17,22.16,22.17,6981,2021-09-13 17:10:00,BSCO
22.17,22.17,22.165,22.165,4148,2021-09-13 17:15:00,BSCO
22.17,22.17,22.16,22.17,3401,2021-09-13 17:20:00,BSCO
22.16,22.16,22.16,22.16,100,2021-09-13 17:25:00,BSCO
22.17,22.17,22.1626,22.1626,209,2021-09-13 17:35:00,BSCO
22.1678,22.1678,22.1678,22.1678,750,2021-09-13 17:40:00,BSCO
22.1668,22.17,22.16,22.1686,782,2021-09-13 17:50:00,BSCO
22.17,22.17,22.17,22.17,115,2021-09-13 17:55:00,BSCO
22.16,22.1677,22.16,22.1672,767,2021-09-13 18:05:00,BSCO
22.17,22.17,22.165,22.165,290,2021-09-13 18:10:00,BSCO
22.1649,22.17,22.16,22.1601,2585,2021-09-13 18:15:00,BSCO
22.17,22.17,22.17,22.17,307,2021-09-13 18:25:00,BSCO
22.16,22.165,22.16,22.165,705,2021-09-13 18:30:00,BSCO
22.1698,22.1698,22.1698,22.1698,226,2021-09-13 18:35:00,BSCO
22.16,22.165,22.16,22.165,350,2021-09-13 18:40:00,BSCO
22.1696,22.17,22.1696,22.17,978,2021-09-13 18:45:00,BSCO
22.1645,22.1645,22.16,22.16,2355,2021-09-13 18:50:00,BSCO
22.1621,22.17,22.1601,22.17,3015,2021-09-13 19:00:00,BSCO
22.16,22.17,22.16,22.165,1050,2021-09-13 19:05:00,BSCO
22.16,22.16,22.16,22.16,1981,2021-09-13 19:10:00,BSCO
22.17,22.17,22.16,22.17,845,2021-09-13 19:15:00,BSCO
22.17,22.17,22.1611,22.1668,2493,2021-09-13 19:20:00,BSCO
22.165,22.17,22.16,22.1672,13123,2021-09-13 19:25:00,BSCO
22.1682,22.17,22.16,22.1675,3122,2021-09-13 19:30:00,BSCO
22.1678,22.17,22.16,22.1699,2101,2021-09-13 19:35:00,BSCO
22.165,22.17,22.16,22.17,10058,2021-09-13 19:40:00,BSCO
22.17,22.17,22.16,22.16,325,2021-09-13 19:45:00,BSCO
22.17,22.175,22.1677,22.175,10321,2021-09-13 19:50:00,BSCO
22.17,22.18,22.17,22.175,25020,2021-09-13 19:55:00,BSCO
22.18,22.18,22.18,22.18,1229,2021-09-13 20:00:00,BSCO
22.2,22.2,22.2,22.2,100,2021-09-13 20:10:00,BSCO
22.18,22.18,22.18,22.18,200,2021-09-14 13:25:00,BSCO
22.17,22.19,22.17,22.1797,52393,2021-09-14 13:30:00,BSCO
22.175,22.175,22.175,22.175,600,2021-09-14 13:35:00,BSCO
22.18,22.18,22.18,22.18,2235,2021-09-14 13:40:00,BSCO
22.1745,22.1745,22.1745,22.1745,507,2021-09-14 13:45:00,BSCO
22.1777,22.1777,22.1777,22.1777,1803,2021-09-14 13:50:00,BSCO
22.1763,22.18,22.175,22.18,1565,2021-09-14 13:55:00,BSCO
22.18,22.18,22.178,22.18,2500,2021-09-14 14:00:00,BSCO
22.1712,22.18,22.1712,22.18,5570,2021-09-14 14:15:00,BSCO
22.18,22.18,22.17,22.1744,3997,2021-09-14 14:20:00,BSCO
22.1718,22.1718,22.1718,22.1718,1491,2021-09-14 14:25:00,BSCO
22.178,22.18,22.17,22.18,6900,2021-09-14 14:35:00,BSCO
22.18,22.18,22.175,22.18,11963,2021-09-14 14:40:00,BSCO
22.18,22.18,22.173,22.1791,4110,2021-09-14 14:45:00,BSCO
22.17,22.1799,22.17,22.1776,5213,2021-09-14 14:50:00,BSCO
22.175,22.175,22.175,22.175,3697,2021-09-14 14:55:00,BSCO
22.175,22.175,22.1701,22.1701,6092,2021-09-14 15:00:00,BSCO
22.175,22.175,22.175,22.175,100,2021-09-14 15:05:00,BSCO
22.175,22.175,22.175,22.175,584,2021-09-14 15:10:00,BSCO
22.1731,22.175,22.1731,22.175,502,2021-09-14 15:15:00,BSCO
22.1768,22.1768,22.17,22.17,991,2021-09-14 15:20:00,BSCO
22.1799,22.1799,22.175,22.175,2400,2021-09-14 15:25:00,BSCO
22.177,22.177,22.177,22.177,300,2021-09-14 15:30:00,BSCO
22.175,22.175,22.1723,22.1723,986,2021-09-14 15:35:00,BSCO
22.1769,22.1769,22.1769,22.1769,238,2021-09-14 15:40:00,BSCO
22.1725,22.18,22.1725,22.175,1425,2021-09-14 15:45:00,BSCO
22.179,22.179,22.1775,22.1775,487,2021-09-14 15:50:00,BSCO
22.175,22.18,22.175,22.18,344,2021-09-14 15:55:00,BSCO
22.1733,22.1733,22.1733,22.1733,120,2021-09-14 16:00:00,BSCO
22.175,22.175,22.175,22.175,100,2021-09-14 16:05:00,BSCO
22.1782,22.1782,22.1782,22.1782,1146,2021-09-14 16:10:00,BSCO
22.17,22.18,22.17,22.18,24236,2021-09-14 16:15:00,BSCO
22.1794,22.1794,22.1794,22.1794,103,2021-09-14 16:20:00,BSCO
22.175,22.1791,22.175,22.1791,697,2021-09-14 16:25:00,BSCO
22.1703,22.1769,22.1703,22.1769,500,2021-09-14 16:30:00,BSCO
22.1771,22.1771,22.1771,22.1771,190,2021-09-14 16:35:00,BSCO
22.1769,22.1795,22.175,22.175,750,2021-09-14 16:45:00,BSCO
22.1774,22.1774,22.1743,22.1767,1286,2021-09-14 16:50:00,BSCO
22.18,22.18,22.175,22.175,3800,2021-09-14 17:00:00,BSCO
22.175,22.175,22.175,22.175,100,2021-09-14 17:05:00,BSCO
22.1701,22.1796,22.1701,22.179,849,2021-09-14 17:10:00,BSCO
22.175,22.175,22.175,22.175,200,2021-09-14 17:15:00,BSCO
22.175,22.175,22.175,22.175,200,2021-09-14 17:20:00,BSCO
22.18,22.18,22.18,22.18,1000,2021-09-14 17:25:00,BSCO
22.175,22.175,22.175,22.175,319,2021-09-14 17:30:00,BSCO
22.175,22.175,22.175,22.175,1200,2021-09-14 17:35:00,BSCO
22.175,22.18,22.1735,22.1777,3747,2021-09-14 17:45:00,BSCO
22.1771,22.1794,22.175,22.175,1647,2021-09-14 17:50:00,BSCO
22.175,22.175,22.175,22.175,330,2021-09-14 18:00:00,BSCO
22.1747,22.1747,22.1747,22.1747,225,2021-09-14 18:05:00,BSCO
22.18,22.18,22.175,22.18,2200,2021-09-14 18:15:00,BSCO
22.18,22.18,22.18,22.18,4508,2021-09-14 18:20:00,BSCO
22.18,22.18,22.175,22.175,884,2021-09-14 18:25:00,BSCO
22.17,22.1785,22.17,22.1785,3188,2021-09-14 18:30:00,BSCO
22.175,22.175,22.175,22.175,100,2021-09-14 18:35:00,BSCO
22.175,22.175,22.175,22.175,200,2021-09-14 18:40:00,BSCO
22.175,22.1799,22.17,22.1799,2242,2021-09-14 18:45:00,BSCO
22.175,22.18,22.17,22.17,2184,2021-09-14 18:50:00,BSCO
22.175,22.175,22.175,22.175,100,2021-09-14 18:55:00,BSCO
22.1734,22.1799,22.1734,22.175,3869,2021-09-14 19:00:00,BSCO
22.1787,22.1787,22.1787,22.1787,551,2021-09-14 19:05:00,BSCO
22.1784,22.1784,22.17,22.1784,7158,2021-09-14 19:10:00,BSCO
22.175,22.18,22.175,22.18,1100,2021-09-14 19:15:00,BSCO
22.175,22.1753,22.175,22.1753,4035,2021-09-14 19:25:00,BSCO
22.1738,22.175,22.1738,22.175,1156,2021-09-14 19:30:00,BSCO
22.175,22.175,22.175,22.175,900,2021-09-14 19:35:00,BSCO
22.175,22.175,22.171,22.1724,1416,2021-09-14 19:40:00,BSCO
22.175,22.1787,22.175,22.175,3707,2021-09-14 19:45:00,BSCO
22.175,22.18,22.175,22.18,300,2021-09-14 19:50:00,BSCO
22.175,22.18,22.17,22.18,14262,2021-09-14 19:55:00,BSCO
22.18,22.18,22.18,22.18,740,2021-09-14 20:00:00,BSCO
22.18,22.18,22.17,22.17,200,2021-09-15 13:25:00,BSCO
22.18,22.18,22.1709,22.1709,10427,2021-09-15 13:30:00,BSCO
22.1701,22.18,22.1701,22.18,1500,2021-09-15 13:35:00,BSCO
22.17,22.17,22.17,22.17,200,2021-09-15 13:40:00,BSCO
22.17,22.17,22.17,22.17,300,2021-09-15 13:45:00,BSCO
22.17,22.17,22.17,22.17,100,2021-09-15 13:55:00,BSCO
22.17,22.17,22.17,22.17,200,2021-09-15 14:00:00,BSCO
22.176,22.176,22.1601,22.1601,3612,2021-09-15 14:05:00,BSCO
22.161,22.1679,22.161,22.1666,965,2021-09-15 14:10:00,BSCO
22.163,22.163,22.163,22.163,196,2021-09-15 14:15:00,BSCO
22.1622,22.1622,22.1622,22.1622,266,2021-09-15 14:25:00,BSCO
22.1698,22.1698,22.1698,22.1698,110,2021-09-15 14:35:00,BSCO
22.165,22.165,22.165,22.165,685,2021-09-15 14:40:00,BSCO
22.165,22.165,22.1625,22.1625,444,2021-09-15 15:00:00,BSCO
22.165,22.17,22.163,22.163,1452,2021-09-15 15:10:00,BSCO
22.165,22.17,22.165,22.17,900,2021-09-15 15:15:00,BSCO
22.1678,22.1678,22.167,22.167,2600,2021-09-15 15:20:00,BSCO
22.169,22.17,22.16,22.16,850,2021-09-15 15:25:00,BSCO
22.16,22.169,22.16,22.163,8594,2021-09-15 15:30:00,BSCO
22.165,22.17,22.1626,22.1675,11091,2021-09-15 15:35:00,BSCO
22.1601,22.1669,22.16,22.1669,7000,2021-09-15 15:40:00,BSCO
22.165,22.1679,22.163,22.163,3776,2021-09-15 15:45:00,BSCO
22.165,22.165,22.165,22.165,100,2021-09-15 15:50:00,BSCO
22.1668,22.1668,22.1668,22.1668,925,2021-09-15 15:55:00,BSCO
22.165,22.165,22.16,22.16,200,2021-09-15 16:00:00,BSCO
22.1699,22.1699,22.16,22.165,4260,2021-09-15 16:05:00,BSCO
22.165,22.1664,22.161,22.1664,2186,2021-09-15 16:10:00,BSCO
22.16,22.1673,22.16,22.165,2519,2021-09-15 16:15:00,BSCO
22.1679,22.1679,22.1679,22.1679,349,2021-09-15 16:20:00,BSCO
22.1648,22.165,22.1648,22.165,244,2021-09-15 16:25:00,BSCO
22.169,22.169,22.1683,22.1683,2858,2021-09-15 16:30:00,BSCO
22.1671,22.17,22.165,22.1658,3851,2021-09-15 16:35:00,BSCO
22.167,22.17,22.165,22.17,3178,2021-09-15 16:40:00,BSCO
22.17,22.17,22.17,22.17,135,2021-09-15 16:45:00,BSCO
22.1663,22.17,22.1663,22.17,3900,2021-09-15 16:50:00,BSCO
22.17,22.17,22.168,22.168,1100,2021-09-15 17:00:00,BSCO
22.1646,22.1671,22.1646,22.1671,3057,2021-09-15 17:05:00,BSCO
22.17,22.17,22.17,22.17,100,2021-09-15 17:10:00,BSCO
22.17,22.17,22.161,22.161,10886,2021-09-15 17:20:00,BSCO
22.165,22.17,22.165,22.17,3500,2021-09-15 17:25:00,BSCO
22.1624,22.17,22.1624,22.1682,2613,2021-09-15 17:30:00,BSCO
22.1636,22.17,22.1636,22.17,9336,2021-09-15 17:35:00,BSCO
22.1684,22.1684,22.1612,22.167,8913,2021-09-15 17:40:00,BSCO
22.17,22.17,22.17,22.17,100,2021-09-15 17:50:00,BSCO
22.1676,22.17,22.1601,22.17,1363,2021-09-15 17:55:00,BSCO
22.17,22.17,22.165,22.165,3866,2021-09-15 18:00:00,BSCO
22.17,22.17,22.17,22.17,350,2021-09-15 18:05:00,BSCO
22.17,22.17,22.16,22.16,438,2021-09-15 18:15:00,BSCO
22.1657,22.1657,22.13,22.1645,53658,2021-09-15 18:20:00,BSCO
22.1625,22.165,22.1625,22.165,429,2021-09-15 18:25:00,BSCO
22.17,22.17,22.1601,22.1601,924,2021-09-15 18:30:00,BSCO
22.1667,22.1667,22.1667,22.1667,500,2021-09-15 18:35:00,BSCO
22.165,22.165,22.165,22.165,100,2021-09-15 18:40:00,BSCO
22.17,22.17,22.161,22.161,1198,2021-09-15 18:45:00,BSCO
22.17,22.17,22.17,22.17,30488,2021-09-15 18:50:00,BSCO
22.17,22.175,22.17,22.175,630,2021-09-15 19:00:00,BSCO
22.175,22.175,22.1705,22.1707,900,2021-09-15 19:05:00,BSCO
22.175,22.175,22.175,22.175,1168,2021-09-15 19:15:00,BSCO
22.175,22.1781,22.171,22.1781,2534,2021-09-15 19:20:00,BSCO
22.177,22.177,22.172,22.172,1208,2021-09-15 19:25:00,BSCO
22.175,22.175,22.175,22.175,100,2021-09-15 19:30:00,BSCO
22.179,22.179,22.173,22.175,3199,2021-09-15 19:35:00,BSCO
22.175,22.175,22.175,22.175,100,2021-09-15 19:40:00,BSCO
22.1776,22.1778,22.17,22.1725,2599,2021-09-15 19:45:00,BSCO
22.175,22.175,22.175,22.175,400,2021-09-15 19:50:00,BSCO
22.18,22.18,22.175,22.175,52148,2021-09-15 19:55:00,BSCO
22.18,22.18,22.15,22.15,1226,2021-09-15 20:00:00,BSCO
22.17,22.17,22.17,22.17,100,2021-09-16 13:25:00,BSCO
22.1741,22.1741,22.15,22.16,7695,2021-09-16 13:30:00,BSCO
22.15,22.153,22.15,22.153,1509,2021-09-16 13:35:00,BSCO
22.1584,22.16,22.1584,22.16,1000,2021-09-16 13:40:00,BSCO
22.1599,22.16,22.159,22.16,3334,2021-09-16 13:50:00,BSCO
22.15,22.15,22.15,22.15,100,2021-09-16 13:55:00,BSCO
22.155,22.155,22.155,22.155,361,2021-09-16 14:00:00,BSCO
22.16,22.16,22.159,22.1596,853,2021-09-16 14:05:00,BSCO
22.155,22.155,22.1533,22.1533,1078,2021-09-16 14:10:00,BSCO
22.155,22.16,22.15,22.152,7070,2021-09-16 14:20:00,BSCO
22.155,22.155,22.155,22.155,389,2021-09-16 14:25:00,BSCO
22.155,22.155,22.155,22.155,750,2021-09-16 14:30:00,BSCO
22.16,22.162,22.16,22.16,40712,2021-09-16 14:35:00,BSCO
22.155,22.155,22.155,22.155,475,2021-09-16 14:40:00,BSCO
22.16,22.16,22.16,22.16,600,2021-09-16 14:45:00,BSCO
22.155,22.155,22.155,22.155,1806,2021-09-16 14:50:00,BSCO
22.155,22.16,22.153,22.16,2536,2021-09-16 14:55:00,BSCO
22.16,22.16,22.1599,22.16,1100,2021-09-16 15:05:00,BSCO
22.1578,22.16,22.1526,22.1563,1838,2021-09-16 15:10:00,BSCO
22.154,22.18,22.154,22.17,80861,2021-09-16 15:15:00,BSCO
22.165,22.1684,22.165,22.165,14932,2021-09-16 15:25:00,BSCO
22.1667,22.1667,22.16,22.16,503,2021-09-16 15:30:00,BSCO
22.168,22.169,22.16,22.1655,5666,2021-09-16 15:35:00,BSCO
22.165,22.165,22.165,22.165,2000,2021-09-16 15:40:00,BSCO
22.165,22.165,22.165,22.165,609,2021-09-16 15:45:00,BSCO
22.165,22.165,22.165,22.165,1442,2021-09-16 15:50:00,BSCO
22.1635,22.1664,22.1635,22.1647,638,2021-09-16 15:55:00,BSCO
22.165,22.1662,22.165,22.165,696,2021-09-16 16:00:00,BSCO
22.1655,22.1655,22.1655,22.1655,1000,2021-09-16 16:05:00,BSCO
22.165,22.1699,22.165,22.1699,4599,2021-09-16 16:10:00,BSCO
22.165,22.1684,22.1633,22.1684,1378,2021-09-16 16:15:00,BSCO
22.165,22.165,22.165,22.165,2484,2021-09-16 16:20:00,BSCO
22.17,22.17,22.169,22.17,2300,2021-09-16 16:25:00,BSCO
22.1611,22.1611,22.1611,22.1611,2450,2021-09-16 16:30:00,BSCO
22.1628,22.165,22.1601,22.1601,889,2021-09-16 16:35:00,BSCO
22.165,22.165,22.16,22.1649,1230,2021-09-16 16:40:00,BSCO
22.1617,22.1667,22.1617,22.165,1360,2021-09-16 16:45:00,BSCO
22.165,22.1658,22.16,22.1658,27150,2021-09-16 16:50:00,BSCO
22.17,22.17,22.1691,22.1691,7484,2021-09-16 16:55:00,BSCO
22.17,22.17,22.17,22.17,1450,2021-09-16 17:05:00,BSCO
22.17,22.17,22.17,22.17,100,2021-09-16 17:10:00,BSCO
22.17,22.17,22.17,22.17,100,2021-09-16 17:20:00,BSCO
22.169,22.17,22.1634,22.1691,4354,2021-09-16 17:25:00,BSCO
22.166,22.166,22.165,22.165,745,2021-09-16 17:35:00,BSCO
22.165,22.165,22.165,22.165,100,2021-09-16 17:40:00,BSCO
22.1633,22.1633,22.1633,22.1633,264,2021-09-16 17:45:00,BSCO
22.16,22.17,22.16,22.17,769,2021-09-16 17:50:00,BSCO
22.1622,22.1622,22.1622,22.1622,630,2021-09-16 17:55:00,BSCO
22.165,22.165,22.165,22.165,200,2021-09-16 18:00:00,BSCO
22.16,22.1627,22.16,22.1627,1390,2021-09-16 18:05:00,BSCO
22.1624,22.1699,22.1624,22.1666,805,2021-09-16 18:10:00,BSCO
22.17,22.17,22.17,22.17,100,2021-09-16 18:20:00,BSCO
22.17,22.17,22.17,22.17,383,2021-09-16 18:30:00,BSCO
22.17,22.17,22.16,22.1626,737,2021-09-16 18:35:00,BSCO
22.165,22.17,22.1623,22.17,3650,2021-09-16 18:40:00,BSCO
22.17,22.17,22.1628,22.1628,951,2021-09-16 18:50:00,BSCO
22.165,22.17,22.165,22.17,250,2021-09-16 18:55:00,BSCO
22.17,22.17,22.17,22.17,100,2021-09-16 19:00:00,BSCO
22.1676,22.1676,22.1676,22.1676,842,2021-09-16 19:05:00,BSCO
22.17,22.17,22.17,22.17,100,2021-09-16 19:10:00,BSCO
22.17,22.17,22.1624,22.1624,1871,2021-09-16 19:15:00,BSCO
22.17,22.17,22.1642,22.1699,500,2021-09-16 19:20:00,BSCO
22.1642,22.17,22.1642,22.17,210,2021-09-16 19:25:00,BSCO
22.17,22.17,22.1699,22.1699,209,2021-09-16 19:30:00,BSCO
22.17,22.17,22.163,22.1663,1836,2021-09-16 19:35:00,BSCO
22.17,22.17,22.1609,22.17,5099,2021-09-16 19:40:00,BSCO
22.165,22.17,22.16,22.16,1309,2021-09-16 19:45:00,BSCO
22.168,22.17,22.165,22.1667,2355,2021-09-16 19:50:00,BSCO
22.17,22.17,22.16,22.17,27569,2021-09-16 19:55:00,BSCO
22.17,22.17,22.17,22.17,30110,2021-09-16 20:00:00,BSCO
22.17,22.17,22.17,22.17,100,2021-09-17 13:25:00,BSCO
22.17,22.17,22.17,22.17,1454,2021-09-17 13:30:00,BSCO
22.16,22.17,22.16,22.1616,2679,2021-09-17 13:40:00,BSCO
22.17,22.17,22.163,22.163,4369,2021-09-17 13:55:00,BSCO
22.1699,22.1699,22.1699,22.1699,1274,2021-09-17 14:00:00,BSCO
22.1665,22.1665,22.1665,22.1665,925,2021-09-17 14:05:00,BSCO
22.16,22.16,22.16,22.16,581,2021-09-17 14:15:00,BSCO
22.17,22.17,22.1607,22.1607,1134,2021-09-17 14:45:00,BSCO
22.16,22.16,22.155,22.16,1500,2021-09-17 14:50:00,BSCO
22.15,22.1579,22.15,22.1579,942,2021-09-17 14:55:00,BSCO
22.1575,22.16,22.1575,22.16,436,2021-09-17 15:00:00,BSCO
22.1599,22.1599,22.1566,22.1566,999,2021-09-17 15:05:00,BSCO
22.16,22.16,22.15,22.15,2448,2021-09-17 15:20:00,BSCO
22.153,22.153,22.15,22.15,235,2021-09-17 15:25:00,BSCO
22.15,22.15,22.15,22.15,100,2021-09-17 15:30:00,BSCO
22.1527,22.1527,22.1527,22.1527,226,2021-09-17 15:40:00,BSCO
22.155,22.155,22.155,22.155,1200,2021-09-17 16:05:00,BSCO
22.1554,22.1554,22.155,22.155,462,2021-09-17 16:10:00,BSCO
22.1526,22.155,22.1526,22.155,1030,2021-09-17 16:20:00,BSCO
22.155,22.155,22.155,22.155,363,2021-09-17 16:25:00,BSCO
22.1572,22.1572,22.1544,22.1544,1486,2021-09-17 16:30:00,BSCO
22.16,22.16,22.16,22.16,100,2021-09-17 16:40:00,BSCO
22.1568,22.16,22.15,22.1582,2368,2021-09-17 16:45:00,BSCO
22.1582,22.16,22.155,22.16,590,2021-09-17 16:55:00,BSCO
22.1539,22.1539,22.1539,22.1539,452,2021-09-17 17:00:00,BSCO
22.1594,22.16,22.1594,22.16,330,2021-09-17 17:05:00,BSCO
22.1595,22.16,22.1528,22.1528,1275,2021-09-17 17:10:00,BSCO
22.1544,22.1544,22.1544,22.1544,817,2021-09-17 17:15:00,BSCO
22.1582,22.1582,22.1582,22.1582,1495,2021-09-17 17:25:00,BSCO
22.1591,22.16,22.1591,22.16,826,2021-09-17 17:30:00,BSCO
22.159,22.16,22.153,22.153,700,2021-09-17 17:35:00,BSCO
22.153,22.16,22.153,22.16,1276,2021-09-17 17:40:00,BSCO
22.155,22.155,22.155,22.155,2730,2021-09-17 17:45:00,BSCO
22.15,22.1557,22.15,22.1557,1984,2021-09-17 17:50:00,BSCO
22.16,22.16,22.155,22.155,905,2021-09-17 17:55:00,BSCO
22.1501,22.1547,22.1501,22.1547,1422,2021-09-17 18:00:00,BSCO
22.16,22.16,22.16,22.16,900,2021-09-17 18:05:00,BSCO
22.154,22.16,22.154,22.16,587,2021-09-17 18:15:00,BSCO
22.1543,22.16,22.1543,22.16,1944,2021-09-17 18:20:00,BSCO
22.151,22.16,22.151,22.16,400,2021-09-17 18:25:00,BSCO
22.16,22.16,22.16,22.16,200,2021-09-17 18:30:00,BSCO
22.155,22.16,22.155,22.16,2030,2021-09-17 18:35:00,BSCO
22.16,22.16,22.1517,22.1574,1159,2021-09-17 18:40:00,BSCO
22.16,22.16,22.1537,22.1594,3300,2021-09-17 18:45:00,BSCO
22.16,22.16,22.1547,22.1547,243,2021-09-17 18:55:00,BSCO
22.16,22.16,22.16,22.16,200,2021-09-17 19:00:00,BSCO
22.1575,22.17,22.155,22.169,6673,2021-09-17 19:05:00,BSCO
22.17,22.17,22.1625,22.165,1100,2021-09-17 19:10:00,BSCO
22.165,22.165,22.16,22.16,1500,2021-09-17 19:25:00,BSCO
22.1632,22.165,22.1632,22.165,252,2021-09-17 19:30:00,BSCO
22.16,22.16,22.16,22.16,200,2021-09-17 19:35:00,BSCO
22.165,22.165,22.165,22.165,554,2021-09-17 19:40:00,BSCO
22.165,22.165,22.165,22.165,100,2021-09-17 19:45:00,BSCO
22.165,22.165,22.1603,22.165,2263,2021-09-17 19:50:00,BSCO
22.165,22.17,22.16,22.165,22408,2021-09-17 19:55:00,BSCO
22.16,22.16,22.16,22.16,7000,2021-09-17 20:00:00,BSCO
22.2,22.2,22.2,22.2,281,2021-09-17 20:15:00,BSCO
22.22,22.22,22.22,22.22,100,2021-09-20 11:00:00,BSCO
22.14,22.14,22.14,22.14,100,2021-09-20 13:25:00,BSCO
22.15,22.15,22.1314,22.1314,1482,2021-09-20 13:30:00,BSCO
22.14,22.14,22.14,22.14,200,2021-09-20 13:35:00,BSCO
22.13,22.13,22.13,22.13,100,2021-09-20 13:45:00,BSCO
22.13,22.13,22.13,22.13,545,2021-09-20 13:50:00,BSCO
22.13,22.138,22.13,22.13,3909,2021-09-20 13:55:00,BSCO
22.14,22.14,22.13,22.135,1744,2021-09-20 14:00:00,BSCO
22.135,22.135,22.13,22.13,935,2021-09-20 14:05:00,BSCO
22.13,22.13,22.13,22.13,300,2021-09-20 14:10:00,BSCO
22.135,22.135,22.13,22.13,1369,2021-09-20 14:15:00,BSCO
22.13,22.13,22.13,22.13,300,2021-09-20 14:20:00,BSCO
22.1353,22.1357,22.13,22.13,10464,2021-09-20 14:25:00,BSCO
22.135,22.1399,22.13,22.135,1117,2021-09-20 14:30:00,BSCO
22.13,22.135,22.13,22.13,600,2021-09-20 14:35:00,BSCO
22.13,22.13,22.13,22.13,300,2021-09-20 14:40:00,BSCO
22.13,22.135,22.13,22.13,1540,2021-09-20 14:45:00,BSCO
22.135,22.135,22.13,22.13,1528,2021-09-20 14:50:00,BSCO
22.13,22.135,22.13,22.13,5669,2021-09-20 14:55:00,BSCO
22.135,22.135,22.13,22.13,415,2021-09-20 15:00:00,BSCO
22.13,22.136,22.13,22.136,600,2021-09-20 15:05:00,BSCO
22.13,22.136,22.13,22.13,611,2021-09-20 15:10:00,BSCO
22.1353,22.138,22.13,22.1354,13639,2021-09-20 15:15:00,BSCO
22.135,22.1393,22.13,22.13,4314,2021-09-20 15:20:00,BSCO
22.13,22.13,22.13,22.13,200,2021-09-20 15:25:00,BSCO
22.14,22.14,22.13,22.13,2865,2021-09-20 15:30:00,BSCO
22.13,22.1392,22.13,22.135,1786,2021-09-20 15:35:00,BSCO
22.13,22.135,22.13,22.13,400,2021-09-20 15:40:00,BSCO
22.1371,22.1386,22.13,22.135,9135,2021-09-20 15:45:00,BSCO
22.13,22.13,22.13,22.13,200,2021-09-20 15:50:00,BSCO
22.13,22.14,22.13,22.13,2000,2021-09-20 15:55:00,BSCO
22.13,22.13,22.13,22.13,100,2021-09-20 16:00:00,BSCO
22.13,22.1359,22.13,22.13,9700,2021-09-20 16:05:00,BSCO
22.13,22.1334,22.13,22.1334,1700,2021-09-20 16:10:00,BSCO
22.14,22.14,22.13,22.13,1319,2021-09-20 16:15:00,BSCO
22.13,22.13,22.13,22.13,380,2021-09-20 16:20:00,BSCO
22.13,22.13,22.13,22.13,200,2021-09-20 16:25:00,BSCO
22.1374,22.1374,22.13,22.1347,551,2021-09-20 16:30:00,BSCO
22.1323,22.14,22.13,22.14,12106,2021-09-20 16:35:00,BSCO
22.13,22.1346,22.13,22.13,379,2021-09-20 16:40:00,BSCO
22.135,22.135,22.13,22.1312,2200,2021-09-20 16:45:00,BSCO
22.135,22.135,22.13,22.13,634,2021-09-20 16:50:00,BSCO
22.13,22.14,22.13,22.13,900,2021-09-20 16:55:00,BSCO
22.135,22.1399,22.13,22.135,1875,2021-09-20 17:00:00,BSCO
22.135,22.135,22.13,22.13,700,2021-09-20 17:05:00,BSCO
22.13,22.1347,22.13,22.1346,7900,2021-09-20 17:10:00,BSCO
22.1387,22.1387,22.13,22.13,1730,2021-09-20 17:15:00,BSCO
22.135,22.1389,22.13,22.1389,3181,2021-09-20 17:20:00,BSCO
22.13,22.13,22.13,22.13,200,2021-09-20 17:25:00,BSCO
22.14,22.15,22.135,22.15,120317,2021-09-20 17:30:00,BSCO
22.15,22.15,22.14,22.14,140735,2021-09-20 17:35:00,BSCO
22.145,22.15,22.1401,22.1487,6941,2021-09-20 17:40:00,BSCO
22.14,22.147,22.14,22.14,978,2021-09-20 17:45:00,BSCO
22.14,22.14,22.14,22.14,100,2021-09-20 17:50:00,BSCO
22.14,22.1463,22.14,22.14,890,2021-09-20 17:55:00,BSCO
22.14,22.1462,22.13,22.135,2161,2021-09-20 18:00:00,BSCO
22.1344,22.1344,22.13,22.13,555,2021-09-20 18:05:00,BSCO
22.1398,22.1398,22.13,22.135,711,2021-09-20 18:10:00,BSCO
22.13,22.1301,22.13,22.13,771,2021-09-20 18:15:00,BSCO
22.135,22.1388,22.13,22.1323,7261,2021-09-20 18:20:00,BSCO
22.13,22.135,22.13,22.135,300,2021-09-20 18:25:00,BSCO
22.135,22.135,22.13,22.13,800,2021-09-20 18:30:00,BSCO
22.135,22.14,22.13,22.1382,9101,2021-09-20 18:35:00,BSCO
22.135,22.1399,22.13,22.13,9365,2021-09-20 18:40:00,BSCO
22.135,22.1399,22.13,22.135,5555,2021-09-20 18:45:00,BSCO
22.13,22.135,22.13,22.13,300,2021-09-20 18:50:00,BSCO
22.1301,22.135,22.13,22.13,2117,2021-09-20 18:55:00,BSCO
22.135,22.135,22.13,22.13,400,2021-09-20 19:00:00,BSCO
22.135,22.135,22.13,22.13,300,2021-09-20 19:05:00,BSCO
22.13,22.13,22.13,22.13,300,2021-09-20 19:10:00,BSCO
22.135,22.1375,22.13,22.13,590,2021-09-20 19:15:00,BSCO
22.1343,22.1399,22.13,22.135,3469,2021-09-20 19:20:00,BSCO
22.13,22.1383,22.13,22.13,1276,2021-09-20 19:25:00,BSCO
22.13,22.135,22.13,22.1327,3136,2021-09-20 19:30:00,BSCO
22.13,22.1377,22.13,22.1377,2969,2021-09-20 19:35:00,BSCO
22.135,22.135,22.13,22.135,3132,2021-09-20 19:40:00,BSCO
22.13,22.135,22.13,22.13,2789,2021-09-20 19:45:00,BSCO
22.13,22.135,22.13,22.13,1300,2021-09-20 19:50:00,BSCO
22.13,22.14,22.11,22.13,29178,2021-09-20 19:55:00,BSCO
22.14,22.14,22.14,22.14,1450,2021-09-20 20:00:00,BSCO
22.14,22.14,22.14,22.14,400,2021-09-21 13:25:00,BSCO
22.14,22.14,22.14,22.14,5590,2021-09-21 13:30:00,BSCO
22.14,22.14,22.135,22.14,11700,2021-09-21 13:35:00,BSCO
22.135,22.135,22.135,22.135,1598,2021-09-21 13:50:00,BSCO
22.135,22.135,22.135,22.135,4401,2021-09-21 13:55:00,BSCO
22.135,22.135,22.135,22.135,146,2021-09-21 14:00:00,BSCO
22.13,22.1357,22.11,22.1357,58974,2021-09-21 14:10:00,BSCO
22.1342,22.135,22.13,22.135,6758,2021-09-21 14:15:00,BSCO
22.135,22.135,22.135,22.135,781,2021-09-21 14:30:00,BSCO
22.1323,22.1374,22.1315,22.1315,1781,2021-09-21 14:35:00,BSCO
22.135,22.135,22.135,22.135,100,2021-09-21 14:45:00,BSCO
22.1374,22.139,22.1374,22.139,685,2021-09-21 15:00:00,BSCO
22.135,22.14,22.135,22.14,504,2021-09-21 15:05:00,BSCO
22.14,22.14,22.14,22.14,352,2021-09-21 15:10:00,BSCO
22.14,22.14,22.14,22.14,100,2021-09-21 15:15:00,BSCO
22.14,22.14,22.14,22.14,100,2021-09-21 15:25:00,BSCO
22.14,22.14,22.1358,22.14,2835,2021-09-21 15:30:00,BSCO
22.14,22.14,22.1373,22.1373,4118,2021-09-21 15:40:00,BSCO
22.14,22.14,22.1395,22.1395,200,2021-09-21 15:50:00,BSCO
22.13,22.1324,22.13,22.13,864,2021-09-21 15:55:00,BSCO
22.14,22.14,22.1321,22.1321,2471,2021-09-21 16:00:00,BSCO
22.13,22.14,22.13,22.135,1866,2021-09-21 16:05:00,BSCO
22.1353,22.14,22.135,22.14,10289,2021-09-21 16:10:00,BSCO
22.1378,22.1378,22.1378,22.1378,3540,2021-09-21 16:15:00,BSCO
22.1399,22.14,22.131,22.14,1758,2021-09-21 16:20:00,BSCO
22.14,22.14,22.135,22.135,283,2021-09-21 16:30:00,BSCO
22.14,22.14,22.14,22.14,100,2021-09-21 16:45:00,BSCO
22.1368,22.1368,22.1368,22.1368,315,2021-09-21 16:50:00,BSCO
22.14,22.14,22.132,22.132,4561,2021-09-21 16:55:00,BSCO
22.1356,22.14,22.1337,22.1337,1052,2021-09-21 17:00:00,BSCO
22.14,22.14,22.14,22.14,100,2021-09-21 17:05:00,BSCO
22.1376,22.1376,22.135,22.135,1265,2021-09-21 17:10:00,BSCO
22.133,22.14,22.133,22.1363,1200,2021-09-21 17:15:00,BSCO
22.14,22.14,22.1346,22.14,7594,2021-09-21 17:30:00,BSCO
22.14,22.15,22.135,22.14,148005,2021-09-21 17:35:00,BSCO
22.14,22.14,22.135,22.135,7690,2021-09-21 17:40:00,BSCO
22.14,22.14,22.135,22.135,4097,2021-09-21 17:45:00,BSCO
22.14,22.14,22.136,22.136,1100,2021-09-21 17:50:00,BSCO
22.1316,22.1316,22.1316,22.1316,303,2021-09-21 17:55:00,BSCO
22.138,22.14,22.13,22.1358,7131,2021-09-21 18:00:00,BSCO
22.14,22.14,22.137,22.137,2701,2021-09-21 18:05:00,BSCO
22.135,22.14,22.1309,22.1353,8241,2021-09-21 18:10:00,BSCO
22.135,22.1356,22.135,22.135,1159,2021-09-21 18:15:00,BSCO
22.1385,22.14,22.137,22.1387,3292,2021-09-21 18:20:00,BSCO
22.14,22.14,22.1329,22.1329,1385,2021-09-21 18:25:00,BSCO
22.1369,22.1369,22.13,22.13,373,2021-09-21 18:30:00,BSCO
22.14,22.14,22.135,22.135,3123,2021-09-21 18:35:00,BSCO
22.1301,22.1374,22.1301,22.1327,1004,2021-09-21 18:40:00,BSCO
22.135,22.135,22.135,22.135,299,2021-09-21 18:45:00,BSCO
22.1388,22.1388,22.135,22.135,2458,2021-09-21 18:50:00,BSCO
22.1399,22.14,22.135,22.135,8800,2021-09-21 18:55:00,BSCO
22.14,22.14,22.1382,22.14,5250,2021-09-21 19:00:00,BSCO
22.1399,22.14,22.1399,22.14,411,2021-09-21 19:05:00,BSCO
22.14,22.14,22.14,22.14,100,2021-09-21 19:10:00,BSCO
22.14,22.14,22.13,22.14,6407,2021-09-21 19:15:00,BSCO
22.13,22.14,22.13,22.14,1576,2021-09-21 19:25:00,BSCO
22.1357,22.1357,22.1357,22.1357,225,2021-09-21 19:30:00,BSCO
22.14,22.14,22.13,22.13,6251,2021-09-21 19:35:00,BSCO
22.131,22.14,22.13,22.139,2029,2021-09-21 19:40:00,BSCO
22.14,22.14,22.14,22.14,560,2021-09-21 19:45:00,BSCO
22.14,22.14,22.1301,22.135,7190,2021-09-21 19:50:00,BSCO
22.14,22.14,22.135,22.14,10170,2021-09-21 19:55:00,BSCO
22.14,22.14,22.14,22.14,6499,2021-09-21 20:00:00,BSCO
22.1,22.1,22.1,22.1,968,2021-09-21 20:25:00,BSCO
22.14,22.14,22.13,22.13,200,2021-09-22 13:25:00,BSCO
22.14,22.14,22.14,22.14,3367,2021-09-22 13:30:00,BSCO
22.125,22.1318,22.12,22.1318,2675,2021-09-22 13:35:00,BSCO
22.12,22.13,22.12,22.13,1351,2021-09-22 13:40:00,BSCO
22.1206,22.14,22.1206,22.13,9643,2021-09-22 13:45:00,BSCO
22.1301,22.1301,22.13,22.13,1000,2021-09-22 14:00:00,BSCO
22.13,22.14,22.13,22.1322,872,2021-09-22 14:05:00,BSCO
22.13,22.135,22.13,22.135,1259,2021-09-22 14:10:00,BSCO
22.13,22.135,22.13,22.13,2457,2021-09-22 14:15:00,BSCO
22.13,22.13,22.13,22.13,400,2021-09-22 14:20:00,BSCO
22.13,22.13,22.13,22.13,200,2021-09-22 14:25:00,BSCO
22.135,22.135,22.13,22.13,700,2021-09-22 14:30:00,BSCO
22.138,22.138,22.13,22.1379,1753,2021-09-22 14:35:00,BSCO
22.14,22.14,22.13,22.1399,1478,2021-09-22 14:40:00,BSCO
22.13,22.13,22.13,22.13,200,2021-09-22 14:45:00,BSCO
22.13,22.135,22.13,22.135,781,2021-09-22 14:50:00,BSCO
22.135,22.135,22.13,22.13,1152,2021-09-22 14:55:00,BSCO
22.13,22.1378,22.13,22.1378,634,2021-09-22 15:00:00,BSCO
22.13,22.14,22.13,22.13,2700,2021-09-22 15:05:00,BSCO
22.13,22.1376,22.13,22.13,707,2021-09-22 15:10:00,BSCO
22.1399,22.1399,22.13,22.13,1546,2021-09-22 15:15:00,BSCO
22.13,22.1342,22.13,22.13,443,2021-09-22 15:20:00,BSCO
22.1344,22.1375,22.13,22.1375,1037,2021-09-22 15:25:00,BSCO
22.13,22.135,22.13,22.13,4193,2021-09-22 15:30:00,BSCO
22.13,22.13,22.13,22.13,200,2021-09-22 15:35:00,BSCO
22.1399,22.1399,22.13,22.13,1400,2021-09-22 15:40:00,BSCO
22.1328,22.14,22.1328,22.133,683,2021-09-22 15:45:00,BSCO
22.14,22.14,22.13,22.13,9376,2021-09-22 15:50:00,BSCO
22.13,22.13,22.13,22.13,100,2021-09-22 15:55:00,BSCO
22.13,22.135,22.13,22.13,845,2021-09-22 16:00:00,BSCO
22.1348,22.135,22.13,22.13,10168,2021-09-22 16:05:00,BSCO
22.135,22.135,22.13,22.13,400,2021-09-22 16:10:00,BSCO
22.13,22.13,22.13,22.13,100,2021-09-22 16:15:00,BSCO
22.1387,22.1387,22.13,22.1318,2415,2021-09-22 16:20:00,BSCO
22.135,22.135,22.13,22.135,2138,2021-09-22 16:25:00,BSCO
22.13,22.139,22.13,22.1367,1192,2021-09-22 16:30:00,BSCO
22.1399,22.1399,22.135,22.135,3873,2021-09-22 16:35:00,BSCO
22.13,22.14,22.13,22.14,200,2021-09-22 16:40:00,BSCO
22.13,22.135,22.13,22.135,8750,2021-09-22 16:45:00,BSCO
22.13,22.1301,22.13,22.13,300,2021-09-22 16:50:00,BSCO
22.139,22.139,22.13,22.13,694,2021-09-22 16:55:00,BSCO
22.13,22.13,22.13,22.13,100,2021-09-22 17:00:00,BSCO
22.13,22.1348,22.13,22.13,1725,2021-09-22 17:05:00,BSCO
22.1323,22.1323,22.13,22.13,399,2021-09-22 17:10:00,BSCO
22.13,22.13,22.13,22.13,100,2021-09-22 17:15:00,BSCO
22.13,22.1365,22.13,22.135,768,2021-09-22 17:20:00,BSCO
22.1377,22.1399,22.13,22.135,3994,2021-09-22 17:25:00,BSCO
22.135,22.135,22.13,22.13,1619,2021-09-22 17:30:00,BSCO
22.1357,22.1357,22.13,22.135,380,2021-09-22 17:35:00,BSCO
22.13,22.135,22.13,22.13,2705,2021-09-22 17:40:00,BSCO
22.13,22.1371,22.13,22.1371,1625,2021-09-22 17:45:00,BSCO
22.13,22.13,22.13,22.13,200,2021-09-22 17:50:00,BSCO
22.13,22.139,22.13,22.139,1041,2021-09-22 17:55:00,BSCO
22.135,22.135,22.13,22.13,400,2021-09-22 18:00:00,BSCO
22.13,22.14,22.13,22.13,600,2021-09-22 18:05:00,BSCO
22.13,22.14,22.13,22.14,9600,2021-09-22 18:10:00,BSCO
22.14,22.14,22.13,22.13,1261,2021-09-22 18:15:00,BSCO
22.13,22.13,22.13,22.13,400,2021-09-22 18:20:00,BSCO
22.13,22.1362,22.13,22.13,3091,2021-09-22 18:25:00,BSCO
22.1379,22.14,22.13,22.13,1054,2021-09-22 18:30:00,BSCO
22.13,22.14,22.13,22.14,5043,2021-09-22 18:35:00,BSCO
22.135,22.14,22.13,22.13,1699,2021-09-22 18:40:00,BSCO
22.13,22.14,22.13,22.13,4617,2021-09-22 18:45:00,BSCO
22.13,22.135,22.13,22.13,400,2021-09-22 18:50:00,BSCO
22.13,22.1374,22.13,22.135,2045,2021-09-22 18:55:00,BSCO
22.13,22.13,22.12,22.12,500,2021-09-22 19:00:00,BSCO
22.1212,22.13,22.12,22.12,2940,2021-09-22 19:05:00,BSCO
22.13,22.13,22.12,22.12,3545,2021-09-22 19:10:00,BSCO
22.12,22.13,22.12,22.12,6339,2021-09-22 19:15:00,BSCO
22.12,22.13,22.12,22.12,3125,2021-09-22 19:20:00,BSCO
22.125,22.155,22.12,22.13,137940,2021-09-22 19:25:00,BSCO
22.125,22.13,22.125,22.13,397,2021-09-22 19:30:00,BSCO
22.13,22.13,22.13,22.13,900,2021-09-22 19:35:00,BSCO
22.13,22.13,22.12,22.12,1600,2021-09-22 19:40:00,BSCO
22.12,22.13,22.12,22.13,3590,2021-09-22 19:45:00,BSCO
22.12,22.13,22.12,22.12,1465,2021-09-22 19:50:00,BSCO
22.12,22.14,22.12,22.13,17038,2021-09-22 19:55:00,BSCO
22.12,22.12,22.06,22.06,1954,2021-09-22 20:00:00,BSCO
22.13,22.13,22.13,22.13,100,2021-09-23 13:25:00,BSCO
22.13,22.13,22.11,22.11,3693,2021-09-23 13:30:00,BSCO
22.115,22.115,22.11,22.11,816,2021-09-23 13:35:00,BSCO
22.12,22.12,22.118,22.118,2656,2021-09-23 13:40:00,BSCO
22.11,22.11,22.11,22.11,1100,2021-09-23 13:45:00,BSCO
22.1123,22.12,22.1123,22.1128,2537,2021-09-23 13:50:00,BSCO
22.11,22.115,22.11,22.115,8900,2021-09-23 13:55:00,BSCO
22.12,22.125,22.11,22.11,32245,2021-09-23 14:00:00,BSCO
22.11,22.115,22.11,22.11,9873,2021-09-23 14:05:00,BSCO
22.11,22.11,22.11,22.11,200,2021-09-23 14:10:00,BSCO
22.115,22.115,22.115,22.115,1000,2021-09-23 14:15:00,BSCO
22.115,22.115,22.115,22.115,12300,2021-09-23 14:20:00,BSCO
22.115,22.115,22.115,22.115,8400,2021-09-23 14:25:00,BSCO
22.11,22.1171,22.11,22.115,5050,2021-09-23 14:30:00,BSCO
22.115,22.115,22.11,22.115,9700,2021-09-23 14:35:00,BSCO
22.115,22.115,22.11,22.11,7907,2021-09-23 14:40:00,BSCO
22.11,22.11,22.11,22.11,100,2021-09-23 14:45:00,BSCO
22.11,22.115,22.11,22.115,6288,2021-09-23 14:55:00,BSCO
22.115,22.115,22.11,22.115,6900,2021-09-23 15:00:00,BSCO
22.115,22.115,22.11,22.11,1953,2021-09-23 15:05:00,BSCO
22.11,22.1166,22.11,22.115,1600,2021-09-23 15:10:00,BSCO
22.11,22.115,22.11,22.11,1700,2021-09-23 15:15:00,BSCO
22.115,22.115,22.115,22.115,500,2021-09-23 15:20:00,BSCO
22.1129,22.1199,22.11,22.1199,826,2021-09-23 15:25:00,BSCO
22.115,22.115,22.115,22.115,750,2021-09-23 15:30:00,BSCO
22.115,22.115,22.115,22.115,4800,2021-09-23 15:35:00,BSCO
22.11,22.11,22.11,22.11,123,2021-09-23 15:45:00,BSCO
22.12,22.12,22.12,22.12,2600,2021-09-23 15:50:00,BSCO
22.115,22.115,22.115,22.115,498,2021-09-23 15:55:00,BSCO
22.1129,22.1129,22.1129,22.1129,2000,2021-09-23 16:00:00,BSCO
22.111,22.115,22.111,22.115,1600,2021-09-23 16:05:00,BSCO
22.12,22.12,22.12,22.12,1000,2021-09-23 16:10:00,BSCO
22.11,22.115,22.11,22.115,4348,2021-09-23 16:15:00,BSCO
22.1131,22.1131,22.1131,22.1131,120,2021-09-23 16:20:00,BSCO
22.115,22.115,22.115,22.115,100,2021-09-23 16:30:00,BSCO
22.1104,22.1104,22.1101,22.1101,297,2021-09-23 16:35:00,BSCO
22.12,22.12,22.115,22.1166,2779,2021-09-23 16:40:00,BSCO
22.115,22.117,22.11,22.1156,1233,2021-09-23 16:45:00,BSCO
22.1159,22.1159,22.1159,22.1159,1016,2021-09-23 16:50:00,BSCO
22.1169,22.1169,22.115,22.115,2762,2021-09-23 16:55:00,BSCO
22.115,22.115,22.115,22.115,536,2021-09-23 17:00:00,BSCO
22.115,22.115,22.115,22.115,301,2021-09-23 17:05:00,BSCO
22.1153,22.1153,22.1153,22.1153,162,2021-09-23 17:10:00,BSCO
22.1146,22.1146,22.1146,22.1146,114,2021-09-23 17:15:00,BSCO
22.12,22.12,22.1146,22.1146,487,2021-09-23 17:20:00,BSCO
22.115,22.12,22.11,22.11,10590,2021-09-23 17:25:00,BSCO
22.12,22.12,22.12,22.12,100,2021-09-23 17:30:00,BSCO
22.115,22.12,22.115,22.12,2875,2021-09-23 17:35:00,BSCO
22.1148,22.12,22.113,22.12,2141,2021-09-23 17:40:00,BSCO
22.1154,22.1154,22.1154,22.1154,160,2021-09-23 17:45:00,BSCO
22.115,22.12,22.115,22.12,422,2021-09-23 17:50:00,BSCO
22.1163,22.12,22.11,22.11,1524,2021-09-23 17:55:00,BSCO
22.115,22.115,22.115,22.115,217,2021-09-23 18:00:00,BSCO
22.1138,22.1138,22.1138,22.1138,450,2021-09-23 18:05:00,BSCO
22.11,22.11,22.11,22.11,159,2021-09-23 18:10:00,BSCO
22.1101,22.1138,22.1101,22.1138,562,2021-09-23 18:15:00,BSCO
22.1134,22.115,22.1134,22.115,3078,2021-09-23 18:20:00,BSCO
22.1126,22.1126,22.1126,22.1126,138,2021-09-23 18:25:00,BSCO
22.11,22.1199,22.11,22.1199,1081,2021-09-23 18:30:00,BSCO
22.1156,22.1199,22.1118,22.115,3440,2021-09-23 18:35:00,BSCO
22.11,22.115,22.11,22.1105,466,2021-09-23 18:40:00,BSCO
22.115,22.1196,22.115,22.115,7782,2021-09-23 18:45:00,BSCO
22.1148,22.115,22.1148,22.115,736,2021-09-23 18:50:00,BSCO
22.1158,22.1158,22.1158,22.1158,455,2021-09-23 18:55:00,BSCO
22.1107,22.1107,22.1107,22.1107,481,2021-09-23 19:00:00,BSCO
22.1157,22.1157,22.11,22.11,806,2021-09-23 19:05:00,BSCO
22.115,22.115,22.1138,22.1138,453,2021-09-23 19:10:00,BSCO
22.115,22.1166,22.115,22.1164,2714,2021-09-23 19:15:00,BSCO
22.1163,22.1163,22.1153,22.1153,373,2021-09-23 19:20:00,BSCO
22.1158,22.12,22.115,22.115,7941,2021-09-23 19:25:00,BSCO
22.1153,22.12,22.1101,22.1129,4480,2021-09-23 19:30:00,BSCO
22.12,22.12,22.12,22.12,4100,2021-09-23 19:35:00,BSCO
22.12,22.12,22.115,22.12,8004,2021-09-23 19:40:00,BSCO
22.12,22.12,22.115,22.12,4388,2021-09-23 19:45:00,BSCO
22.12,22.12,22.1107,22.12,10607,2021-09-23 19:50:00,BSCO
22.12,22.13,22.115,22.125,55744,2021-09-23 19:55:00,BSCO
22.13,22.13,22.13,22.13,408,2021-09-23 20:00:00,BSCO
22.12,22.12,22.12,22.12,100,2021-09-24 13:25:00,BSCO
22.12,22.12,22.12,22.12,2377,2021-09-24 13:30:00,BSCO
22.115,22.115,22.11,22.11,6870,2021-09-24 13:40:00,BSCO
22.11,22.11,22.103,22.11,2050,2021-09-24 13:45:00,BSCO
22.115,22.12,22.115,22.12,627,2021-09-24 13:50:00,BSCO
22.115,22.115,22.115,22.115,500,2021-09-24 13:55:00,BSCO
22.115,22.1199,22.115,22.1199,1113,2021-09-24 14:00:00,BSCO
22.115,22.115,22.115,22.115,100,2021-09-24 14:05:00,BSCO
22.11,22.11,22.11,22.11,2981,2021-09-24 14:10:00,BSCO
22.114,22.115,22.11,22.115,693,2021-09-24 14:15:00,BSCO
22.1199,22.1199,22.115,22.115,390,2021-09-24 14:20:00,BSCO
22.115,22.1168,22.11,22.1168,1055,2021-09-24 14:25:00,BSCO
22.115,22.1153,22.1105,22.1105,505,2021-09-24 14:30:00,BSCO
22.1156,22.1199,22.1101,22.115,3205,2021-09-24 14:35:00,BSCO
22.115,22.115,22.115,22.115,1040,2021-09-24 14:40:00,BSCO
22.115,22.115,22.115,22.115,229,2021-09-24 14:45:00,BSCO
22.1101,22.12,22.11,22.12,8694,2021-09-24 14:50:00,BSCO
22.1145,22.1145,22.1145,22.1145,452,2021-09-24 14:55:00,BSCO
22.115,22.115,22.115,22.115,6015,2021-09-24 15:00:00,BSCO
22.1101,22.1101,22.11,22.11,983,2021-09-24 15:05:00,BSCO
22.12,22.12,22.11,22.11,742,2021-09-24 15:15:00,BSCO
22.115,22.1199,22.115,22.1199,1379,2021-09-24 15:20:00,BSCO
22.1186,22.1186,22.1186,22.1186,2000,2021-09-24 15:25:00,BSCO
22.1001,22.1001,22.1001,22.1001,172,2021-09-24 15:30:00,BSCO
22.115,22.12,22.111,22.12,13069,2021-09-24 15:35:00,BSCO
22.115,22.115,22.115,22.115,5975,2021-09-24 15:50:00,BSCO
22.1116,22.115,22.1116,22.1141,1638,2021-09-24 15:55:00,BSCO
22.1101,22.119,22.1101,22.1168,6650,2021-09-24 16:00:00,BSCO
22.12,22.12,22.115,22.1172,326,2021-09-24 16:05:00,BSCO
22.115,22.115,22.115,22.115,1000,2021-09-24 16:10:00,BSCO
22.115,22.115,22.115,22.115,503,2021-09-24 16:15:00,BSCO
22.12,22.12,22.1143,22.1154,3462,2021-09-24 16:20:00,BSCO
22.11,22.115,22.11,22.115,450,2021-09-24 16:25:00,BSCO
22.1167,22.1167,22.1139,22.1139,489,2021-09-24 16:35:00,BSCO
22.1142,22.117,22.1101,22.117,2869,2021-09-24 16:40:00,BSCO
22.1119,22.1134,22.1119,22.1134,5926,2021-09-24 16:45:00,BSCO
22.115,22.115,22.115,22.115,100,2021-09-24 16:50:00,BSCO
22.1169,22.1169,22.1169,22.1169,550,2021-09-24 16:55:00,BSCO
22.1133,22.1133,22.1133,22.1133,151,2021-09-24 17:00:00,BSCO
22.119,22.119,22.1146,22.1146,750,2021-09-24 17:05:00,BSCO
22.1167,22.1167,22.1163,22.1163,569,2021-09-24 17:10:00,BSCO
22.1181,22.1181,22.1157,22.1157,1497,2021-09-24 17:15:00,BSCO
22.115,22.1177,22.115,22.1177,1476,2021-09-24 17:20:00,BSCO
22.1176,22.1176,22.1176,22.1176,1490,2021-09-24 17:25:00,BSCO
22.115,22.115,22.115,22.115,3074,2021-09-24 17:30:00,BSCO
22.12,22.12,22.1118,22.1118,1288,2021-09-24 17:35:00,BSCO
22.1177,22.1177,22.115,22.115,574,2021-09-24 17:40:00,BSCO
22.115,22.1174,22.1101,22.1101,879,2021-09-24 17:45:00,BSCO
22.114,22.119,22.114,22.1155,2589,2021-09-24 17:50:00,BSCO
22.1199,22.1199,22.1148,22.1148,545,2021-09-24 17:55:00,BSCO
22.115,22.115,22.115,22.115,400,2021-09-24 18:00:00,BSCO
22.1126,22.1126,22.1101,22.1101,280,2021-09-24 18:05:00,BSCO
22.11,22.1155,22.11,22.1155,793,2021-09-24 18:10:00,BSCO
22.1161,22.1161,22.1161,22.1161,1050,2021-09-24 18:15:00,BSCO
22.1141,22.115,22.1141,22.115,1230,2021-09-24 18:20:00,BSCO
22.1143,22.1143,22.1143,22.1143,119,2021-09-24 18:25:00,BSCO
22.11,22.119,22.11,22.119,601,2021-09-24 18:30:00,BSCO
22.1102,22.115,22.11,22.115,2163,2021-09-24 18:35:00,BSCO
22.1109,22.1145,22.1109,22.1123,4051,2021-09-24 18:45:00,BSCO
22.115,22.115,22.1125,22.1125,654,2021-09-24 18:50:00,BSCO
22.1165,22.1165,22.11,22.11,2115,2021-09-24 18:55:00,BSCO
22.1101,22.1101,22.11,22.11,576,2021-09-24 19:00:00,BSCO
22.1165,22.1165,22.1165,22.1165,915,2021-09-24 19:05:00,BSCO
22.113,22.115,22.113,22.115,537,2021-09-24 19:15:00,BSCO
22.115,22.1159,22.11,22.11,2854,2021-09-24 19:20:00,BSCO
22.115,22.1162,22.11,22.1101,11860,2021-09-24 19:30:00,BSCO
22.11,22.1165,22.11,22.115,5133,2021-09-24 19:35:00,BSCO
22.11,22.115,22.11,22.115,1200,2021-09-24 19:40:00,BSCO
22.11,22.14,22.11,22.11,243718,2021-09-24 19:45:00,BSCO
22.11,22.115,22.11,22.11,2532,2021-09-24 19:50:00,BSCO
22.11,22.1158,22.1,22.11,10828,2021-09-24 19:55:00,BSCO
22.1,22.1,22.1,22.1,365,2021-09-24 20:00:00,BSCO
22.11,22.115,22.11,22.115,4032,2021-09-27 13:30:00,BSCO
22.115,22.115,22.115,22.115,1500,2021-09-27 13:35:00,BSCO
22.115,22.115,22.115,22.115,335,2021-09-27 13:40:00,BSCO
22.11,22.11,22.11,22.11,3200,2021-09-27 13:50:00,BSCO
22.1029,22.1029,22.1029,22.1029,215,2021-09-27 13:55:00,BSCO
22.1,22.1,22.1,22.1,115,2021-09-27 14:00:00,BSCO
22.1012,22.1012,22.1012,22.1012,3067,2021-09-27 14:05:00,BSCO
22.11,22.11,22.11,22.11,200,2021-09-27 14:20:00,BSCO
22.11,22.11,22.11,22.11,1200,2021-09-27 14:25:00,BSCO
22.1077,22.1077,22.1077,22.1077,215,2021-09-27 14:35:00,BSCO
22.1,22.11,22.1,22.1,18356,2021-09-27 14:40:00,BSCO
22.101,22.11,22.1,22.1091,12823,2021-09-27 14:50:00,BSCO
22.105,22.105,22.1,22.1,502,2021-09-27 14:55:00,BSCO
22.1087,22.1087,22.1077,22.1077,1695,2021-09-27 15:00:00,BSCO
22.1074,22.11,22.105,22.11,937,2021-09-27 15:15:00,BSCO
22.109,22.11,22.1063,22.1063,2250,2021-09-27 15:20:00,BSCO
22.1,22.11,22.1,22.11,515,2021-09-27 15:25:00,BSCO
22.1098,22.11,22.105,22.105,8366,2021-09-27 15:30:00,BSCO
22.105,22.11,22.105,22.11,3890,2021-09-27 15:35:00,BSCO
22.1099,22.1099,22.107,22.1092,749,2021-09-27 15:40:00,BSCO
22.105,22.11,22.105,22.1066,2140,2021-09-27 15:45:00,BSCO
22.105,22.1072,22.105,22.105,1276,2021-09-27 15:50:00,BSCO
22.1084,22.1084,22.1084,22.1084,1130,2021-09-27 16:00:00,BSCO
22.105,22.105,22.1,22.1,400,2021-09-27 16:05:00,BSCO
22.1078,22.1078,22.1,22.107,2024,2021-09-27 16:10:00,BSCO
22.1036,22.105,22.1036,22.105,863,2021-09-27 16:15:00,BSCO
22.104,22.104,22.104,22.104,380,2021-09-27 16:30:00,BSCO
22.103,22.103,22.103,22.103,450,2021-09-27 16:35:00,BSCO
22.1098,22.1098,22.1098,22.1098,4873,2021-09-27 16:40:00,BSCO
22.11,22.11,22.1057,22.1099,5125,2021-09-27 16:50:00,BSCO
22.109,22.109,22.105,22.105,2194,2021-09-27 17:00:00,BSCO
22.105,22.107,22.105,22.107,600,2021-09-27 17:05:00,BSCO
22.11,22.11,22.11,22.11,3375,2021-09-27 17:15:00,BSCO
22.105,22.11,22.105,22.105,4581,2021-09-27 17:20:00,BSCO
22.11,22.11,22.1097,22.1097,600,2021-09-27 17:25:00,BSCO
22.11,22.11,22.1,22.11,4291,2021-09-27 17:30:00,BSCO
22.11,22.11,22.11,22.11,100,2021-09-27 17:35:00,BSCO
22.109,22.11,22.1056,22.11,2693,2021-09-27 17:40:00,BSCO
22.11,22.11,22.11,22.11,1495,2021-09-27 17:45:00,BSCO
22.1088,22.1088,22.1088,22.1088,1017,2021-09-27 17:50:00,BSCO
22.105,22.11,22.105,22.11,4882,2021-09-27 17:55:00,BSCO
22.115,22.115,22.115,22.115,169,2021-09-27 18:05:00,BSCO
22.119,22.119,22.119,22.119,159,2021-09-27 18:15:00,BSCO
22.111,22.111,22.111,22.111,2141,2021-09-27 18:20:00,BSCO
22.1159,22.1159,22.1159,22.1159,1365,2021-09-27 18:25:00,BSCO
22.12,22.12,22.12,22.12,838,2021-09-27 18:30:00,BSCO
22.1117,22.12,22.1117,22.12,2655,2021-09-27 18:35:00,BSCO
22.115,22.12,22.115,22.1163,5820,2021-09-27 18:40:00,BSCO
22.115,22.115,22.11,22.115,6562,2021-09-27 18:45:00,BSCO
22.1159,22.1159,22.11,22.11,1610,2021-09-27 19:00:00,BSCO
22.1157,22.1157,22.11,22.11,857,2021-09-27 19:05:00,BSCO
22.115,22.115,22.115,22.115,293,2021-09-27 19:10:00,BSCO
22.1122,22.1122,22.11,22.11,852,2021-09-27 19:15:00,BSCO
22.115,22.115,22.1101,22.1101,3981,2021-09-27 19:20:00,BSCO
22.115,22.115,22.1101,22.1101,1250,2021-09-27 19:25:00,BSCO
22.115,22.115,22.11,22.11,3144,2021-09-27 19:35:00,BSCO
22.115,22.115,22.115,22.115,245,2021-09-27 19:40:00,BSCO
22.115,22.115,22.11,22.1124,4261,2021-09-27 19:45:00,BSCO
22.1109,22.115,22.1109,22.1112,3758,2021-09-27 19:50:00,BSCO
22.1,22.12,22.1,22.1,10957,2021-09-27 19:55:00,BSCO
22.1,22.1,22.1,22.1,1172,2021-09-27 20:00:00,BSCO
22.1,22.1,22.1,22.1,2535,2021-09-28 13:30:00,BSCO
22.1015,22.1015,22.09,22.09,10676,2021-09-28 13:35:00,BSCO
22.08,22.085,22.08,22.085,2520,2021-09-28 13:40:00,BSCO
22.09,22.1,22.09,22.09,12753,2021-09-28 13:45:00,BSCO
22.09,22.0956,22.0872,22.0872,4451,2021-09-28 13:50:00,BSCO
22.0804,22.0804,22.0804,22.0804,5540,2021-09-28 14:00:00,BSCO
22.0811,22.085,22.0811,22.085,11774,2021-09-28 14:05:00,BSCO
22.0858,22.09,22.0858,22.09,300,2021-09-28 14:10:00,BSCO
22.085,22.085,22.0823,22.0823,766,2021-09-28 14:15:00,BSCO
22.085,22.09,22.085,22.09,1840,2021-09-28 14:25:00,BSCO
22.09,22.09,22.09,22.09,767,2021-09-28 14:30:00,BSCO
22.09,22.09,22.09,22.09,100,2021-09-28 14:35:00,BSCO
22.0898,22.0898,22.0898,22.0898,2158,2021-09-28 14:40:00,BSCO
22.08,22.1,22.08,22.1,14634,2021-09-28 14:50:00,BSCO
22.095,22.1,22.095,22.1,3030,2021-09-28 14:55:00,BSCO
22.099,22.099,22.095,22.099,2165,2021-09-28 15:00:00,BSCO
22.0958,22.1,22.09,22.098,4888,2021-09-28 15:05:00,BSCO
22.0981,22.1,22.0963,22.1,1903,2021-09-28 15:10:00,BSCO
22.09,22.0999,22.09,22.0999,1618,2021-09-28 15:20:00,BSCO
22.0932,22.1,22.0932,22.1,469,2021-09-28 15:25:00,BSCO
22.1,22.1,22.095,22.095,1040,2021-09-28 15:30:00,BSCO
22.095,22.095,22.095,22.095,1625,2021-09-28 15:35:00,BSCO
22.1,22.1,22.0923,22.0923,3939,2021-09-28 15:40:00,BSCO
22.1,22.1,22.095,22.1,3152,2021-09-28 15:45:00,BSCO
22.0981,22.0981,22.0981,22.0981,500,2021-09-28 15:50:00,BSCO
22.0982,22.0982,22.0982,22.0982,460,2021-09-28 16:00:00,BSCO
22.095,22.1,22.09,22.09,2691,2021-09-28 16:05:00,BSCO
22.0972,22.1,22.095,22.0999,1385,2021-09-28 16:10:00,BSCO
22.1,22.1,22.0985,22.0999,2350,2021-09-28 16:20:00,BSCO
22.09,22.11,22.09,22.1001,50193,2021-09-28 16:25:00,BSCO
22.1,22.1067,22.1,22.1067,1272,2021-09-28 16:35:00,BSCO
22.105,22.105,22.105,22.105,324,2021-09-28 16:40:00,BSCO
22.1017,22.1099,22.1016,22.1025,8033,2021-09-28 16:45:00,BSCO
22.105,22.105,22.1003,22.1003,660,2021-09-28 16:55:00,BSCO
22.109,22.109,22.1,22.1084,2259,2021-09-28 17:00:00,BSCO
22.105,22.1058,22.1,22.1058,37843,2021-09-28 17:05:00,BSCO
22.105,22.105,22.1,22.105,7900,2021-09-28 17:10:00,BSCO
22.105,22.1099,22.1001,22.1001,4743,2021-09-28 17:15:00,BSCO
22.1077,22.1077,22.1022,22.105,1359,2021-09-28 17:20:00,BSCO
22.11,22.11,22.11,22.11,1121,2021-09-28 17:25:00,BSCO
22.1001,22.1076,22.093,22.093,33902,2021-09-28 17:30:00,BSCO
22.1,22.1,22.095,22.1,6632,2021-09-28 17:35:00,BSCO
22.1,22.1,22.095,22.1,2100,2021-09-28 17:40:00,BSCO
22.1,22.1,22.1,22.1,1400,2021-09-28 17:45:00,BSCO
22.1,22.1,22.0963,22.1,2397,2021-09-28 17:50:00,BSCO
22.0949,22.1,22.0901,22.1,860,2021-09-28 17:55:00,BSCO
22.095,22.095,22.0921,22.0921,3582,2021-09-28 18:00:00,BSCO
22.0936,22.1,22.0932,22.1,8309,2021-09-28 18:05:00,BSCO
22.0981,22.0981,22.0937,22.0968,1636,2021-09-28 18:10:00,BSCO
22.095,22.1,22.0943,22.1,7736,2021-09-28 18:20:00,BSCO
22.1,22.1,22.1,22.1,100,2021-09-28 18:25:00,BSCO
22.0928,22.098,22.09,22.09,779,2021-09-28 18:35:00,BSCO
22.1,22.1,22.0966,22.098,2941,2021-09-28 18:40:00,BSCO
22.09,22.095,22.09,22.095,274,2021-09-28 18:45:00,BSCO
22.095,22.095,22.0932,22.0932,480,2021-09-28 18:50:00,BSCO
22.1,22.1,22.1,22.1,800,2021-09-28 18:55:00,BSCO
22.1,22.1,22.0974,22.0974,653,2021-09-28 19:00:00,BSCO
22.1,22.1,22.09,22.1,1899,2021-09-28 19:05:00,BSCO
22.0992,22.0992,22.0992,22.0992,600,2021-09-28 19:10:00,BSCO
22.1,22.1,22.098,22.098,1828,2021-09-28 19:15:00,BSCO
22.095,22.0953,22.095,22.095,1286,2021-09-28 19:25:00,BSCO
22.095,22.095,22.0919,22.0919,3131,2021-09-28 19:30:00,BSCO
22.0993,22.0993,22.095,22.095,1050,2021-09-28 19:35:00,BSCO
22.095,22.1,22.0901,22.0969,2383,2021-09-28 19:40:00,BSCO
22.096,22.1,22.0942,22.1,1055,2021-09-28 19:45:00,BSCO
22.1,22.1,22.09,22.1,10956,2021-09-28 19:50:00,BSCO
22.09,22.1,22.08,22.09,32152,2021-09-28 19:55:00,BSCO
22.09,22.09,22.09,22.09,8500,2021-09-28 20:00:00,BSCO
22.11,22.11,22.11,22.11,400,2021-09-29 12:40:00,BSCO
22.11,22.11,22.11,22.11,600,2021-09-29 12:45:00,BSCO
22.1,22.1,22.1,22.1,100,2021-09-29 13:25:00,BSCO
22.11,22.11,22.102,22.1074,2328,2021-09-29 13:30:00,BSCO
22.101,22.101,22.09,22.09,2708,2021-09-29 13:35:00,BSCO
22.09,22.11,22.09,22.105,2113,2021-09-29 13:40:00,BSCO
22.1032,22.11,22.1032,22.105,3121,2021-09-29 13:45:00,BSCO
22.1033,22.1046,22.1033,22.1046,650,2021-09-29 13:50:00,BSCO
22.1,22.1,22.1,22.1,400,2021-09-29 13:55:00,BSCO
22.1,22.1072,22.1,22.105,1065,2021-09-29 14:00:00,BSCO
22.1,22.11,22.1,22.109,24994,2021-09-29 14:10:00,BSCO
22.105,22.11,22.105,22.11,1000,2021-09-29 14:15:00,BSCO
22.105,22.105,22.105,22.105,1600,2021-09-29 14:20:00,BSCO
22.105,22.105,22.105,22.105,198,2021-09-29 14:25:00,BSCO
22.11,22.11,22.1018,22.1018,1100,2021-09-29 14:30:00,BSCO
22.11,22.11,22.1001,22.1001,230,2021-09-29 14:35:00,BSCO
22.11,22.11,22.11,22.11,1576,2021-09-29 14:40:00,BSCO
22.1084,22.11,22.105,22.11,4425,2021-09-29 14:45:00,BSCO
22.1057,22.1083,22.1,22.1083,1889,2021-09-29 14:50:00,BSCO
22.105,22.1096,22.1,22.1009,15464,2021-09-29 14:55:00,BSCO
22.1,22.1,22.1,22.1,100,2021-09-29 15:05:00,BSCO
22.1,22.11,22.1,22.1,2485,2021-09-29 15:10:00,BSCO
22.1,22.11,22.1,22.101,28572,2021-09-29 15:15:00,BSCO
22.1,22.1,22.1,22.1,700,2021-09-29 15:20:00,BSCO
22.105,22.1079,22.1,22.105,7424,2021-09-29 15:25:00,BSCO
22.1031,22.11,22.103,22.1078,9844,2021-09-29 15:30:00,BSCO
22.1083,22.1083,22.1001,22.1001,8660,2021-09-29 15:35:00,BSCO
22.103,22.1082,22.103,22.1082,983,2021-09-29 15:40:00,BSCO
22.11,22.11,22.11,22.11,452,2021-09-29 15:45:00,BSCO
22.105,22.1073,22.1,22.1,1137,2021-09-29 15:55:00,BSCO
22.11,22.11,22.11,22.11,13568,2021-09-29 16:05:00,BSCO
22.105,22.105,22.105,22.105,100,2021-09-29 16:10:00,BSCO
22.11,22.11,22.101,22.101,4344,2021-09-29 16:25:00,BSCO
22.105,22.105,22.105,22.105,260,2021-09-29 16:30:00,BSCO
22.11,22.11,22.11,22.11,121,2021-09-29 16:35:00,BSCO
22.105,22.105,22.105,22.105,100,2021-09-29 16:40:00,BSCO
22.1,22.1021,22.1,22.1021,1809,2021-09-29 16:45:00,BSCO
22.105,22.11,22.0981,22.1054,9041,2021-09-29 16:55:00,BSCO
22.105,22.105,22.105,22.105,3076,2021-09-29 17:00:00,BSCO
22.105,22.105,22.105,22.105,3428,2021-09-29 17:05:00,BSCO
22.1,22.1065,22.1,22.1065,4278,2021-09-29 17:10:00,BSCO
22.1036,22.1036,22.1,22.1,1615,2021-09-29 17:15:00,BSCO
22.1,22.1,22.1,22.1,616,2021-09-29 17:20:00,BSCO
22.1,22.1,22.1,22.1,100,2021-09-29 17:25:00,BSCO
22.1,22.1,22.0981,22.1,9600,2021-09-29 17:30:00,BSCO
22.106,22.11,22.106,22.11,1234,2021-09-29 17:35:00,BSCO
22.1,22.105,22.1,22.1,300,2021-09-29 17:40:00,BSCO
22.11,22.13,22.105,22.117,82890,2021-09-29 17:50:00,BSCO
22.115,22.1157,22.113,22.115,5375,2021-09-29 17:55:00,BSCO
22.115,22.1176,22.1,22.105,27745,2021-09-29 18:00:00,BSCO
22.105,22.11,22.1,22.11,27201,2021-09-29 18:05:00,BSCO
22.1014,22.105,22.1014,22.105,3850,2021-09-29 18:10:00,BSCO
22.1,22.11,22.1,22.11,2517,2021-09-29 18:15:00,BSCO
22.105,22.105,22.105,22.105,2200,2021-09-29 18:25:00,BSCO
22.1,22.1,22.1,22.1,100,2021-09-29 18:30:00,BSCO
22.1026,22.105,22.1026,22.105,281,2021-09-29 18:35:00,BSCO
22.105,22.11,22.1,22.11,30239,2021-09-29 18:40:00,BSCO
22.1,22.1,22.1,22.1,100,2021-09-29 18:45:00,BSCO
22.105,22.105,22.105,22.105,100,2021-09-29 18:50:00,BSCO
22.1074,22.1077,22.105,22.105,560,2021-09-29 18:55:00,BSCO
22.1028,22.1099,22.1016,22.1095,2836,2021-09-29 19:00:00,BSCO
22.1,22.11,22.1,22.11,4186,2021-09-29 19:05:00,BSCO
22.1066,22.1066,22.105,22.105,286,2021-09-29 19:10:00,BSCO
22.1072,22.1072,22.1,22.1,13475,2021-09-29 19:15:00,BSCO
22.105,22.105,22.1,22.1,300,2021-09-29 19:25:00,BSCO
22.105,22.11,22.1,22.1,1262,2021-09-29 19:30:00,BSCO
22.105,22.105,22.105,22.105,874,2021-09-29 19:35:00,BSCO
22.105,22.105,22.1,22.105,3869,2021-09-29 19:40:00,BSCO
22.105,22.105,22.105,22.105,600,2021-09-29 19:45:00,BSCO
22.105,22.105,22.1,22.105,5741,2021-09-29 19:50:00,BSCO
22.1,22.11,22.1,22.105,16502,2021-09-29 19:55:00,BSCO
22.1,22.1,22.1,22.1,582,2021-09-29 20:00:00,BSCO
22.07,22.07,22.07,22.07,650,2021-09-29 20:15:00,BSCO
22.1,22.1,22.09,22.09,216,2021-09-30 13:05:00,BSCO
22.1,22.1,22.0944,22.1,7049,2021-09-30 13:30:00,BSCO
22.1099,22.1099,22.1099,22.1099,649,2021-09-30 13:35:00,BSCO
22.1007,22.11,22.1007,22.105,4725,2021-09-30 13:40:00,BSCO
22.108,22.108,22.1054,22.1054,625,2021-09-30 13:50:00,BSCO
22.11,22.11,22.105,22.11,1530,2021-09-30 14:00:00,BSCO
22.1086,22.1155,22.1001,22.11,5149,2021-09-30 14:05:00,BSCO
22.1082,22.11,22.1082,22.11,1033,2021-09-30 14:10:00,BSCO
22.11,22.1187,22.1087,22.1187,1583,2021-09-30 14:15:00,BSCO
22.1161,22.1161,22.1041,22.1112,2424,2021-09-30 14:20:00,BSCO
22.1174,22.1174,22.1174,22.1174,2531,2021-09-30 14:25:00,BSCO
22.1162,22.1162,22.1054,22.1054,1154,2021-09-30 14:30:00,BSCO
22.1198,22.1198,22.1198,22.1198,110,2021-09-30 14:45:00,BSCO
22.12,22.12,22.12,22.12,106,2021-09-30 14:55:00,BSCO
22.11,22.11,22.11,22.11,260,2021-09-30 15:00:00,BSCO
22.11,22.11,22.11,22.11,156,2021-09-30 15:05:00,BSCO
22.1116,22.12,22.1001,22.12,835,2021-09-30 15:15:00,BSCO
22.1105,22.1105,22.1105,22.1105,339,2021-09-30 15:20:00,BSCO
22.12,22.12,22.1085,22.1085,810,2021-09-30 15:25:00,BSCO
22.11,22.1152,22.11,22.11,547,2021-09-30 15:30:00,BSCO
22.11,22.12,22.1066,22.1066,2243,2021-09-30 15:35:00,BSCO
22.1129,22.1129,22.11,22.11,1592,2021-09-30 15:40:00,BSCO
22.1198,22.1198,22.11,22.11,711,2021-09-30 15:45:00,BSCO
22.11,22.11,22.11,22.11,100,2021-09-30 15:55:00,BSCO
22.11,22.11,22.11,22.11,200,2021-09-30 16:00:00,BSCO
22.11,22.11,22.1045,22.1045,702,2021-09-30 16:05:00,BSCO
22.11,22.11,22.11,22.11,400,2021-09-30 16:10:00,BSCO
22.11,22.114,22.101,22.114,2148,2021-09-30 16:15:00,BSCO
22.1149,22.1149,22.1149,22.1149,244,2021-09-30 16:20:00,BSCO
22.11,22.11,22.11,22.11,100,2021-09-30 16:30:00,BSCO
22.11,22.11,22.11,22.11,1331,2021-09-30 16:35:00,BSCO
22.1112,22.12,22.1,22.1,2347,2021-09-30 16:50:00,BSCO
22.11,22.11,22.11,22.11,100,2021-09-30 16:55:00,BSCO
22.1158,22.1158,22.1158,22.1158,624,2021-09-30 17:00:00,BSCO
22.12,22.12,22.1075,22.11,1160,2021-09-30 17:05:00,BSCO
22.1158,22.1158,22.1,22.1,2458,2021-09-30 17:10:00,BSCO
22.113,22.113,22.113,22.113,1583,2021-09-30 17:15:00,BSCO
22.11,22.11,22.105,22.105,1900,2021-09-30 17:20:00,BSCO
22.105,22.11,22.105,22.105,3259,2021-09-30 17:25:00,BSCO
22.11,22.11,22.11,22.11,100,2021-09-30 17:30:00,BSCO
22.11,22.11,22.11,22.11,377,2021-09-30 17:40:00,BSCO
22.115,22.115,22.115,22.115,250,2021-09-30 17:50:00,BSCO
22.1136,22.1139,22.1136,22.1139,584,2021-09-30 17:55:00,BSCO
22.11,22.111,22.11,22.11,2890,2021-09-30 18:00:00,BSCO
22.11,22.1181,22.11,22.115,2937,2021-09-30 18:05:00,BSCO
22.119,22.12,22.119,22.12,600,2021-09-30 18:10:00,BSCO
22.11,22.115,22.11,22.115,865,2021-09-30 18:15:00,BSCO
22.11,22.11,22.11,22.11,100,2021-09-30 18:25:00,BSCO
22.11,22.115,22.11,22.115,309,2021-09-30 18:30:00,BSCO
22.12,22.12,22.1034,22.11,4422,2021-09-30 18:35:00,BSCO
22.1125,22.1125,22.1125,22.1125,160,2021-09-30 18:40:00,BSCO
22.115,22.115,22.115,22.115,1600,2021-09-30 18:45:00,BSCO
22.11,22.1199,22.11,22.1199,2099,2021-09-30 18:50:00,BSCO
22.1116,22.1116,22.1116,22.1116,425,2021-09-30 18:55:00,BSCO
22.115,22.115,22.113,22.113,1100,2021-09-30 19:00:00,BSCO
22.1144,22.115,22.1142,22.1142,2372,2021-09-30 19:05:00,BSCO
22.12,22.12,22.115,22.119,10923,2021-09-30 19:10:00,BSCO
22.116,22.116,22.11,22.11,4374,2021-09-30 19:15:00,BSCO
22.1117,22.115,22.1117,22.115,2354,2021-09-30 19:20:00,BSCO
22.115,22.115,22.11,22.11,1884,2021-09-30 19:25:00,BSCO
22.11,22.115,22.11,22.11,2500,2021-09-30 19:30:00,BSCO
22.105,22.11,22.1027,22.105,6329,2021-09-30 19:35:00,BSCO
22.105,22.11,22.1,22.105,5868,2021-09-30 19:40:00,BSCO
22.105,22.11,22.1,22.1,18141,2021-09-30 19:45:00,BSCO
22.1096,22.1096,22.1,22.1,6382,2021-09-30 19:50:00,BSCO
22.1,22.11,22.09,22.1,21613,2021-09-30 19:55:00,BSCO
22.11,22.11,22.11,22.11,309,2021-09-30 20:00:00,BSCO
22.15,22.15,22.15,22.15,300,2021-09-30 20:15:00,BSCO
22.1,22.1503,22.1,22.12,1842,2021-10-01 13:30:00,BSCO
22.12,22.12,22.11,22.12,688,2021-10-01 13:35:00,BSCO
22.13,22.13,22.13,22.13,1000,2021-10-01 13:40:00,BSCO
22.12,22.1282,22.12,22.1221,1504,2021-10-01 13:45:00,BSCO
22.125,22.13,22.1212,22.13,2237,2021-10-01 13:50:00,BSCO
22.13,22.13,22.13,22.13,530,2021-10-01 13:55:00,BSCO
22.13,22.13,22.1247,22.1247,6106,2021-10-01 14:00:00,BSCO
22.13,22.13,22.13,22.13,300,2021-10-01 14:05:00,BSCO
22.13,22.13,22.125,22.125,211,2021-10-01 14:10:00,BSCO
22.123,22.125,22.123,22.125,222,2021-10-01 14:20:00,BSCO
22.1282,22.1282,22.1282,22.1282,1130,2021-10-01 14:25:00,BSCO
22.12,22.12,22.1,22.12,17864,2021-10-01 14:30:00,BSCO
22.115,22.13,22.115,22.13,1754,2021-10-01 14:35:00,BSCO
22.1201,22.128,22.1201,22.128,4600,2021-10-01 14:40:00,BSCO
22.1243,22.1243,22.1243,22.1243,100,2021-10-01 14:50:00,BSCO
22.13,22.13,22.13,22.13,903,2021-10-01 14:55:00,BSCO
22.1299,22.1299,22.1299,22.1299,126,2021-10-01 15:00:00,BSCO
22.12,22.12,22.115,22.115,705,2021-10-01 15:05:00,BSCO
22.1124,22.12,22.1124,22.12,344,2021-10-01 15:25:00,BSCO
22.115,22.1184,22.1119,22.1182,2441,2021-10-01 15:30:00,BSCO
22.12,22.12,22.12,22.12,115,2021-10-01 15:35:00,BSCO
22.115,22.115,22.115,22.115,600,2021-10-01 15:45:00,BSCO
22.125,22.125,22.1237,22.1237,732,2021-10-01 15:50:00,BSCO
22.13,22.13,22.13,22.13,1240,2021-10-01 15:55:00,BSCO
22.129,22.129,22.129,22.129,100,2021-10-01 16:05:00,BSCO
22.1238,22.1238,22.1238,22.1238,198,2021-10-01 16:10:00,BSCO
22.125,22.125,22.1218,22.125,1742,2021-10-01 16:15:00,BSCO
22.125,22.125,22.125,22.125,552,2021-10-01 16:20:00,BSCO
22.129,22.13,22.1245,22.13,15024,2021-10-01 16:25:00,BSCO
22.13,22.13,22.1253,22.1253,565,2021-10-01 16:40:00,BSCO
22.1226,22.1226,22.1226,22.1226,152,2021-10-01 16:55:00,BSCO
22.1223,22.13,22.1223,22.125,557,2021-10-01 17:00:00,BSCO
22.1217,22.13,22.1217,22.125,3069,2021-10-01 17:05:00,BSCO
22.12,22.125,22.12,22.125,458,2021-10-01 17:10:00,BSCO
22.13,22.13,22.13,22.13,300,2021-10-01 17:15:00,BSCO
22.1221,22.13,22.1221,22.13,550,2021-10-01 17:20:00,BSCO
22.1254,22.1254,22.1226,22.1226,585,2021-10-01 17:25:00,BSCO
22.1223,22.1285,22.1223,22.1285,1059,2021-10-01 17:30:00,BSCO
22.1282,22.1282,22.125,22.125,710,2021-10-01 17:35:00,BSCO
22.1279,22.1279,22.1279,22.1279,438,2021-10-01 17:40:00,BSCO
22.125,22.13,22.12,22.13,4747,2021-10-01 17:45:00,BSCO
22.13,22.13,22.13,22.13,100,2021-10-01 17:50:00,BSCO
22.1299,22.1299,22.1257,22.1257,418,2021-10-01 18:00:00,BSCO
22.13,22.13,22.1299,22.1299,1376,2021-10-01 18:05:00,BSCO
22.1293,22.1293,22.1293,22.1293,1564,2021-10-01 18:20:00,BSCO
22.1294,22.14,22.1294,22.14,15326,2021-10-01 18:25:00,BSCO
22.135,22.135,22.135,22.135,500,2021-10-01 18:30:00,BSCO
22.135,22.135,22.135,22.135,1457,2021-10-01 18:35:00,BSCO
22.135,22.135,22.135,22.135,400,2021-10-01 18:40:00,BSCO
22.1387,22.14,22.13,22.135,3883,2021-10-01 18:45:00,BSCO
22.135,22.14,22.135,22.1379,768,2021-10-01 18:50:00,BSCO
22.14,22.14,22.14,22.14,100,2021-10-01 18:55:00,BSCO
22.135,22.139,22.135,22.135,1000,2021-10-01 19:05:00,BSCO
22.1371,22.1371,22.1371,22.1371,649,2021-10-01 19:10:00,BSCO
22.1331,22.1331,22.1331,22.1331,825,2021-10-01 19:15:00,BSCO
22.135,22.135,22.135,22.135,1134,2021-10-01 19:30:00,BSCO
22.135,22.135,22.1348,22.1348,1454,2021-10-01 19:35:00,BSCO
22.1317,22.1398,22.1317,22.135,2766,2021-10-01 19:40:00,BSCO
22.135,22.135,22.135,22.135,2658,2021-10-01 19:45:00,BSCO
22.135,22.1375,22.1301,22.1375,2333,2021-10-01 19:50:00,BSCO
22.135,22.135,22.13,22.135,2733,2021-10-01 19:55:00,BSCO
22.14,22.14,22.14,22.14,7156,2021-10-01 20:00:00,BSCO
22.13,22.13,22.13,22.13,100,2021-10-04 13:25:00,BSCO
22.13,22.13,22.125,22.125,3869,2021-10-04 13:30:00,BSCO
22.12,22.1287,22.12,22.1287,1554,2021-10-04 13:40:00,BSCO
22.13,22.13,22.12,22.1248,2022,2021-10-04 13:45:00,BSCO
22.1299,22.1299,22.12,22.12,669,2021-10-04 13:50:00,BSCO
22.1147,22.116,22.1121,22.1121,2524,2021-10-04 14:00:00,BSCO
22.1299,22.1299,22.12,22.12,1000,2021-10-04 14:05:00,BSCO
22.12,22.12,22.12,22.12,1944,2021-10-04 14:20:00,BSCO
22.12,22.12,22.1137,22.1137,1410,2021-10-04 14:25:00,BSCO
22.12,22.12,22.12,22.12,1400,2021-10-04 14:30:00,BSCO
22.12,22.12,22.12,22.12,400,2021-10-04 14:35:00,BSCO
22.1226,22.1226,22.12,22.12,1367,2021-10-04 14:40:00,BSCO
22.12,22.1286,22.12,22.1286,1261,2021-10-04 14:45:00,BSCO
22.125,22.14,22.125,22.14,16057,2021-10-04 14:50:00,BSCO
22.125,22.125,22.125,22.125,2400,2021-10-04 14:55:00,BSCO
22.125,22.125,22.125,22.125,300,2021-10-04 15:00:00,BSCO
22.1283,22.1283,22.1248,22.1248,1381,2021-10-04 15:10:00,BSCO
22.125,22.125,22.125,22.125,100,2021-10-04 15:15:00,BSCO
22.125,22.125,22.12,22.12,200,2021-10-04 15:20:00,BSCO
22.12,22.125,22.12,22.12,946,2021-10-04 15:25:00,BSCO
22.12,22.1241,22.12,22.12,1277,2021-10-04 15:30:00,BSCO
22.12,22.125,22.12,22.12,581,2021-10-04 15:35:00,BSCO
22.12,22.12,22.12,22.12,300,2021-10-04 15:40:00,BSCO
22.125,22.13,22.12,22.1299,3673,2021-10-04 15:45:00,BSCO
22.123,22.13,22.12,22.12,1834,2021-10-04 15:50:00,BSCO
22.12,22.12,22.12,22.12,600,2021-10-04 15:55:00,BSCO
22.1284,22.13,22.125,22.125,2094,2021-10-04 16:00:00,BSCO
22.1279,22.1279,22.1279,22.1279,435,2021-10-04 16:05:00,BSCO
22.127,22.127,22.127,22.127,251,2021-10-04 16:10:00,BSCO
22.125,22.125,22.125,22.125,100,2021-10-04 16:15:00,BSCO
22.125,22.125,22.125,22.125,1691,2021-10-04 16:20:00,BSCO
22.125,22.13,22.125,22.13,1563,2021-10-04 16:25:00,BSCO
22.125,22.129,22.123,22.125,2339,2021-10-04 16:30:00,BSCO
22.125,22.125,22.122,22.122,1050,2021-10-04 16:45:00,BSCO
22.125,22.128,22.125,22.128,2130,2021-10-04 16:50:00,BSCO
22.125,22.125,22.125,22.125,200,2021-10-04 16:55:00,BSCO
22.125,22.125,22.1223,22.1223,1088,2021-10-04 17:05:00,BSCO
22.122,22.13,22.122,22.1231,1753,2021-10-04 17:10:00,BSCO
22.125,22.125,22.125,22.125,100,2021-10-04 17:15:00,BSCO
22.12,22.125,22.12,22.125,324,2021-10-04 17:25:00,BSCO
22.125,22.125,22.125,22.125,165,2021-10-04 17:30:00,BSCO
22.1229,22.1229,22.1229,22.1229,225,2021-10-04 17:35:00,BSCO
22.125,22.1252,22.125,22.1252,1900,2021-10-04 17:40:00,BSCO
22.125,22.125,22.1243,22.1243,1408,2021-10-04 17:45:00,BSCO
22.125,22.13,22.1223,22.1255,2345,2021-10-04 17:50:00,BSCO
22.1272,22.1272,22.1272,22.1272,110,2021-10-04 17:55:00,BSCO
22.125,22.125,22.125,22.125,100,2021-10-04 18:00:00,BSCO
22.1284,22.1284,22.1284,22.1284,303,2021-10-04 18:05:00,BSCO
22.13,22.13,22.125,22.125,1623,2021-10-04 18:10:00,BSCO
22.1279,22.1279,22.125,22.125,1632,2021-10-04 18:15:00,BSCO
22.13,22.13,22.125,22.125,20137,2021-10-04 18:20:00,BSCO
22.125,22.125,22.125,22.125,3450,2021-10-04 18:25:00,BSCO
22.125,22.125,22.1239,22.1239,676,2021-10-04 18:30:00,BSCO
22.125,22.13,22.1213,22.125,9616,2021-10-04 18:35:00,BSCO
22.125,22.125,22.125,22.125,4597,2021-10-04 18:40:00,BSCO
22.125,22.1256,22.1217,22.1217,2891,2021-10-04 18:45:00,BSCO
22.127,22.1274,22.125,22.125,513,2021-10-04 18:50:00,BSCO
22.1288,22.13,22.12,22.125,5777,2021-10-04 18:55:00,BSCO
22.125,22.125,22.125,22.125,1000,2021-10-04 19:00:00,BSCO
22.125,22.1299,22.125,22.1299,216,2021-10-04 19:05:00,BSCO
22.13,22.13,22.123,22.1276,985,2021-10-04 19:10:00,BSCO
22.125,22.13,22.12,22.1219,38238,2021-10-04 19:15:00,BSCO
22.125,22.1254,22.125,22.125,529,2021-10-04 19:20:00,BSCO
22.1242,22.125,22.123,22.125,2734,2021-10-04 19:25:00,BSCO
22.125,22.13,22.125,22.125,2454,2021-10-04 19:30:00,BSCO
22.125,22.125,22.1248,22.1248,621,2021-10-04 19:35:00,BSCO
22.1201,22.1281,22.1201,22.1219,2432,2021-10-04 19:40:00,BSCO
22.1228,22.1228,22.1223,22.1223,2061,2021-10-04 19:45:00,BSCO
22.125,22.1282,22.125,22.125,3113,2021-10-04 19:50:00,BSCO
22.12,22.13,22.11,22.12,33285,2021-10-04 19:55:00,BSCO
22.13,22.13,22.13,22.13,1238,2021-10-04 20:00:00,BSCO
22.12,22.1263,22.12,22.1263,3322,2021-10-05 13:30:00,BSCO
22.13,22.13,22.13,22.13,402,2021-10-05 13:45:00,BSCO
22.1272,22.1272,22.1272,22.1272,120,2021-10-05 13:50:00,BSCO
22.125,22.125,22.125,22.125,2100,2021-10-05 13:55:00,BSCO
22.12,22.13,22.12,22.125,488,2021-10-05 14:20:00,BSCO
22.12,22.125,22.12,22.125,3906,2021-10-05 14:25:00,BSCO
22.1282,22.1284,22.125,22.125,2417,2021-10-05 14:30:00,BSCO
22.12,22.125,22.1173,22.1173,935,2021-10-05 14:35:00,BSCO
22.115,22.115,22.115,22.115,336,2021-10-05 14:40:00,BSCO
22.115,22.115,22.1109,22.1109,1820,2021-10-05 14:45:00,BSCO
22.115,22.115,22.115,22.115,526,2021-10-05 14:50:00,BSCO
22.1188,22.12,22.1188,22.12,1505,2021-10-05 14:55:00,BSCO
22.12,22.12,22.12,22.12,200,2021-10-05 15:00:00,BSCO
22.12,22.12,22.1141,22.1141,1331,2021-10-05 15:05:00,BSCO
22.12,22.12,22.1121,22.1121,2644,2021-10-05 15:10:00,BSCO
22.12,22.12,22.115,22.12,520,2021-10-05 15:15:00,BSCO
22.115,22.12,22.1101,22.1101,753,2021-10-05 15:20:00,BSCO
22.12,22.12,22.11,22.115,630,2021-10-05 15:25:00,BSCO
22.115,22.115,22.115,22.115,873,2021-10-05 15:30:00,BSCO
22.115,22.1195,22.115,22.1195,9364,2021-10-05 15:35:00,BSCO
22.118,22.1197,22.115,22.115,1101,2021-10-05 15:40:00,BSCO
22.1101,22.12,22.1101,22.115,2403,2021-10-05 15:45:00,BSCO
22.115,22.115,22.115,22.115,200,2021-10-05 15:50:00,BSCO
22.1155,22.1155,22.1115,22.1115,1930,2021-10-05 15:55:00,BSCO
22.115,22.115,22.115,22.115,200,2021-10-05 16:00:00,BSCO
22.115,22.115,22.115,22.115,1035,2021-10-05 16:05:00,BSCO
22.12,22.12,22.115,22.115,534,2021-10-05 16:10:00,BSCO
22.1199,22.1199,22.115,22.115,3163,2021-10-05 16:15:00,BSCO
22.12,22.12,22.115,22.115,2310,2021-10-05 16:20:00,BSCO
22.115,22.115,22.11,22.115,1856,2021-10-05 16:25:00,BSCO
22.115,22.119,22.113,22.113,8173,2021-10-05 16:30:00,BSCO
22.115,22.115,22.11,22.11,1262,2021-10-05 16:35:00,BSCO
22.115,22.12,22.113,22.1132,7892,2021-10-05 16:40:00,BSCO
22.115,22.115,22.115,22.115,400,2021-10-05 16:45:00,BSCO
22.115,22.115,22.115,22.115,200,2021-10-05 16:50:00,BSCO
22.115,22.115,22.115,22.115,200,2021-10-05 16:55:00,BSCO
22.115,22.12,22.115,22.1165,1671,2021-10-05 17:00:00,BSCO
22.12,22.12,22.1111,22.1111,3686,2021-10-05 17:05:00,BSCO
22.115,22.115,22.115,22.115,200,2021-10-05 17:10:00,BSCO
22.115,22.115,22.115,22.115,700,2021-10-05 17:15:00,BSCO
22.115,22.115,22.1102,22.115,2848,2021-10-05 17:20:00,BSCO
22.115,22.115,22.115,22.115,200,2021-10-05 17:25:00,BSCO
22.115,22.115,22.115,22.115,4700,2021-10-05 17:30:00,BSCO
22.115,22.115,22.11,22.115,1436,2021-10-05 17:35:00,BSCO
22.115,22.1173,22.1125,22.1125,1319,2021-10-05 17:40:00,BSCO
22.115,22.115,22.115,22.115,200,2021-10-05 17:45:00,BSCO
22.118,22.12,22.115,22.12,1627,2021-10-05 17:50:00,BSCO
22.115,22.115,22.1123,22.1123,1400,2021-10-05 17:55:00,BSCO
22.1199,22.1199,22.115,22.115,345,2021-10-05 18:00:00,BSCO
22.115,22.115,22.1125,22.1125,485,2021-10-05 18:05:00,BSCO
22.12,22.12,22.11,22.115,4943,2021-10-05 18:10:00,BSCO
22.12,22.12,22.1119,22.1119,1991,2021-10-05 18:15:00,BSCO
22.11,22.11,22.1,22.1077,20419,2021-10-05 18:20:00,BSCO
22.1014,22.11,22.1014,22.11,2436,2021-10-05 18:25:00,BSCO
22.1085,22.11,22.1085,22.11,800,2021-10-05 18:30:00,BSCO
22.11,22.1199,22.1038,22.1038,6006,2021-10-05 18:35:00,BSCO
22.11,22.12,22.11,22.11,7900,2021-10-05 18:40:00,BSCO
22.11,22.11,22.106,22.11,852,2021-10-05 18:45:00,BSCO
22.11,22.11,22.11,22.11,200,2021-10-05 18:50:00,BSCO
22.11,22.11,22.11,22.11,200,2021-10-05 18:55:00,BSCO
22.1016,22.12,22.1016,22.11,3395,2021-10-05 19:00:00,BSCO
22.11,22.12,22.11,22.12,200,2021-10-05 19:05:00,BSCO
22.11,22.12,22.11,22.12,1801,2021-10-05 19:10:00,BSCO
22.1032,22.12,22.1032,22.11,3378,2021-10-05 19:15:00,BSCO
22.11,22.11,22.105,22.11,613,2021-10-05 19:20:00,BSCO
22.1054,22.11,22.1054,22.11,629,2021-10-05 19:25:00,BSCO
22.11,22.115,22.11,22.11,2100,2021-10-05 19:30:00,BSCO
22.11,22.1104,22.105,22.11,992,2021-10-05 19:35:00,BSCO
22.11,22.12,22.11,22.11,1673,2021-10-05 19:40:00,BSCO
22.11,22.12,22.11,22.12,3977,2021-10-05 19:45:00,BSCO
22.12,22.12,22.1,22.1,6764,2021-10-05 19:50:00,BSCO
22.12,22.13,22.11,22.11,8418,2021-10-05 19:55:00,BSCO
22.12,22.12,22.12,22.12,982,2021-10-05 20:00:00,BSCO
22.11,22.11,22.11,22.11,100,2021-10-06 13:25:00,BSCO
22.1,22.105,22.1,22.1021,3634,2021-10-06 13:30:00,BSCO
22.104,22.1051,22.104,22.104,3187,2021-10-06 13:35:00,BSCO
22.1,22.105,22.1,22.1031,3037,2021-10-06 13:40:00,BSCO
22.11,22.11,22.11,22.11,2232,2021-10-06 13:45:00,BSCO
22.1055,22.1099,22.1055,22.1099,3200,2021-10-06 13:50:00,BSCO
22.105,22.105,22.105,22.105,643,2021-10-06 13:55:00,BSCO
22.105,22.105,22.105,22.105,323,2021-10-06 14:00:00,BSCO
22.1,22.1099,22.1,22.109,4188,2021-10-06 14:05:00,BSCO
22.1,22.105,22.1,22.105,1498,2021-10-06 14:15:00,BSCO
22.1029,22.1029,22.1001,22.1001,1088,2021-10-06 14:20:00,BSCO
22.105,22.105,22.105,22.105,200,2021-10-06 14:25:00,BSCO
22.1039,22.1099,22.1,22.1075,3071,2021-10-06 14:30:00,BSCO
22.1,22.11,22.1,22.105,3779,2021-10-06 14:35:00,BSCO
22.11,22.11,22.11,22.11,215,2021-10-06 14:40:00,BSCO
22.1011,22.105,22.1,22.1,1327,2021-10-06 14:45:00,BSCO
22.1,22.1061,22.1,22.1061,6130,2021-10-06 14:50:00,BSCO
22.105,22.105,22.105,22.105,100,2021-10-06 14:55:00,BSCO
22.1075,22.1095,22.1075,22.1095,403,2021-10-06 15:05:00,BSCO
22.105,22.105,22.1039,22.105,1043,2021-10-06 15:10:00,BSCO
22.105,22.105,22.1,22.1,1286,2021-10-06 15:15:00,BSCO
22.1089,22.1089,22.1,22.1,3177,2021-10-06 15:20:00,BSCO
22.105,22.105,22.105,22.105,300,2021-10-06 15:25:00,BSCO
22.105,22.105,22.1001,22.1001,800,2021-10-06 15:30:00,BSCO
22.1076,22.1076,22.105,22.105,554,2021-10-06 15:35:00,BSCO
22.105,22.11,22.105,22.105,10951,2021-10-06 15:40:00,BSCO
22.105,22.1062,22.1,22.104,1263,2021-10-06 15:45:00,BSCO
22.1061,22.1061,22.105,22.105,1100,2021-10-06 15:50:00,BSCO
22.104,22.105,22.104,22.105,672,2021-10-06 15:55:00,BSCO
22.1099,22.1099,22.105,22.105,325,2021-10-06 16:05:00,BSCO
22.105,22.105,22.105,22.105,450,2021-10-06 16:10:00,BSCO
22.1,22.1052,22.1,22.1052,568,2021-10-06 16:15:00,BSCO
22.105,22.1091,22.105,22.105,2560,2021-10-06 16:20:00,BSCO
22.105,22.105,22.1026,22.105,1444,2021-10-06 16:25:00,BSCO
22.1,22.1087,22.1,22.1087,2052,2021-10-06 16:35:00,BSCO
22.105,22.105,22.102,22.102,457,2021-10-06 16:40:00,BSCO
22.1099,22.1099,22.1034,22.1034,5559,2021-10-06 16:45:00,BSCO
22.105,22.105,22.105,22.105,100,2021-10-06 16:50:00,BSCO
22.105,22.105,22.105,22.105,500,2021-10-06 16:55:00,BSCO
22.105,22.105,22.105,22.105,160,2021-10-06 17:00:00,BSCO
22.1,22.105,22.1,22.105,1217,2021-10-06 17:05:00,BSCO
22.108,22.108,22.108,22.108,730,2021-10-06 17:15:00,BSCO
22.105,22.105,22.105,22.105,3220,2021-10-06 17:20:00,BSCO
22.1001,22.105,22.1,22.105,1765,2021-10-06 17:25:00,BSCO
22.1064,22.1064,22.105,22.105,1076,2021-10-06 17:30:00,BSCO
22.105,22.11,22.1,22.1,736,2021-10-06 17:35:00,BSCO
22.1099,22.1099,22.1099,22.1099,1000,2021-10-06 17:40:00,BSCO
22.105,22.11,22.105,22.11,527,2021-10-06 17:45:00,BSCO
22.1036,22.105,22.1036,22.105,3015,2021-10-06 17:50:00,BSCO
22.105,22.105,22.105,22.105,100,2021-10-06 17:55:00,BSCO
22.1,22.102,22.1,22.102,2680,2021-10-06 18:00:00,BSCO
22.1082,22.1082,22.1082,22.1082,497,2021-10-06 18:05:00,BSCO
22.105,22.11,22.105,22.105,2927,2021-10-06 18:10:00,BSCO
22.1,22.1059,22.1,22.1017,2912,2021-10-06 18:15:00,BSCO
22.1,22.105,22.1,22.105,1450,2021-10-06 18:20:00,BSCO
22.1023,22.11,22.1,22.1,1376,2021-10-06 18:30:00,BSCO
22.1075,22.11,22.1001,22.1001,450,2021-10-06 18:35:00,BSCO
22.105,22.105,22.105,22.105,100,2021-10-06 18:45:00,BSCO
22.1081,22.1081,22.1081,22.1081,317,2021-10-06 18:50:00,BSCO
22.107,22.107,22.105,22.105,1500,2021-10-06 18:55:00,BSCO
22.105,22.105,22.105,22.105,489,2021-10-06 19:00:00,BSCO
22.105,22.11,22.1,22.11,1416,2021-10-06 19:05:00,BSCO
22.105,22.1071,22.1045,22.1045,8712,2021-10-06 19:10:00,BSCO
22.105,22.105,22.105,22.105,100,2021-10-06 19:15:00,BSCO
22.11,22.11,22.1025,22.1025,1534,2021-10-06 19:20:00,BSCO
22.1076,22.109,22.1033,22.109,3089,2021-10-06 19:25:00,BSCO
22.1024,22.11,22.1024,22.1056,8078,2021-10-06 19:30:00,BSCO
22.105,22.1073,22.105,22.105,691,2021-10-06 19:35:00,BSCO
22.11,22.11,22.105,22.105,4218,2021-10-06 19:40:00,BSCO
22.105,22.1073,22.101,22.105,7149,2021-10-06 19:45:00,BSCO
22.1073,22.1073,22.1,22.1,2259,2021-10-06 19:50:00,BSCO
22.11,22.12,22.108,22.11,7352,2021-10-06 19:55:00,BSCO
22.11,22.11,22.11,22.11,672,2021-10-06 20:00:00,BSCO
22.11,22.11,22.11,22.11,100,2021-10-06 20:15:00,BSCO
22.1,22.11,22.1,22.11,427,2021-10-06 20:20:00,BSCO
22.1,22.105,22.1,22.105,3398,2021-10-07 13:30:00,BSCO
22.11,22.11,22.11,22.11,200,2021-10-07 13:35:00,BSCO
22.11,22.11,22.11,22.11,200,2021-10-07 13:40:00,BSCO
22.105,22.105,22.105,22.105,205,2021-10-07 13:45:00,BSCO
22.1,22.105,22.1,22.105,5218,2021-10-07 13:50:00,BSCO
22.1016,22.1016,22.1016,22.1016,330,2021-10-07 13:55:00,BSCO
22.1013,22.105,22.1013,22.105,1150,2021-10-07 14:00:00,BSCO
22.1001,22.1001,22.1,22.1,629,2021-10-07 14:05:00,BSCO
22.105,22.105,22.105,22.105,200,2021-10-07 14:10:00,BSCO
22.1099,22.1099,22.105,22.105,2262,2021-10-07 14:15:00,BSCO
22.105,22.105,22.105,22.105,1845,2021-10-07 14:20:00,BSCO
22.1075,22.1075,22.0901,22.0901,1690,2021-10-07 14:25:00,BSCO
22.095,22.11,22.0922,22.1043,5314,2021-10-07 14:30:00,BSCO
22.11,22.11,22.1,22.106,1828,2021-10-07 14:35:00,BSCO
22.0962,22.11,22.0962,22.11,1297,2021-10-07 14:40:00,BSCO
22.0929,22.0929,22.0929,22.0929,114,2021-10-07 14:45:00,BSCO
22.09,22.0981,22.09,22.0981,1038,2021-10-07 14:50:00,BSCO
22.1,22.1,22.095,22.095,4286,2021-10-07 14:55:00,BSCO
22.0985,22.099,22.0942,22.0942,802,2021-10-07 15:00:00,BSCO
22.099,22.1,22.093,22.1,800,2021-10-07 15:05:00,BSCO
22.1,22.1,22.0928,22.0928,1091,2021-10-07 15:15:00,BSCO
22.0999,22.0999,22.0999,22.0999,6065,2021-10-07 15:20:00,BSCO
22.099,22.1,22.0927,22.0941,4809,2021-10-07 15:25:00,BSCO
22.0945,22.1,22.0945,22.1,2535,2021-10-07 15:30:00,BSCO
22.095,22.1,22.095,22.1,1112,2021-10-07 15:35:00,BSCO
22.0901,22.0901,22.0901,22.0901,141,2021-10-07 15:40:00,BSCO
22.0951,22.0951,22.0951,22.0951,127,2021-10-07 15:45:00,BSCO
22.095,22.1,22.095,22.1,998,2021-10-07 15:50:00,BSCO
22.095,22.095,22.095,22.095,712,2021-10-07 15:55:00,BSCO
22.095,22.0999,22.0915,22.0915,10555,2021-10-07 16:00:00,BSCO
22.1,22.1,22.095,22.095,468,2021-10-07 16:05:00,BSCO
22.0962,22.0974,22.0962,22.0974,2673,2021-10-07 16:10:00,BSCO
22.1,22.1,22.1,22.1,100,2021-10-07 16:15:00,BSCO
22.0999,22.0999,22.0999,22.0999,226,2021-10-07 16:20:00,BSCO
22.093,22.093,22.093,22.093,687,2021-10-07 16:25:00,BSCO
22.1,22.1,22.0991,22.0991,222,2021-10-07 16:30:00,BSCO
22.095,22.095,22.095,22.095,1156,2021-10-07 16:35:00,BSCO
22.1,22.1,22.0929,22.095,1759,2021-10-07 16:45:00,BSCO
22.1,22.1,22.0932,22.0932,3185,2021-10-07 16:50:00,BSCO
22.0973,22.1,22.0941,22.1,3904,2021-10-07 16:55:00,BSCO
22.095,22.1,22.095,22.1,4074,2021-10-07 17:00:00,BSCO
22.091,22.091,22.091,22.091,1350,2021-10-07 17:05:00,BSCO
22.1,22.1,22.1,22.1,100,2021-10-07 17:10:00,BSCO
22.1,22.1,22.1,22.1,815,2021-10-07 17:20:00,BSCO
22.0917,22.1,22.0917,22.0948,5835,2021-10-07 17:25:00,BSCO
22.095,22.095,22.095,22.095,232,2021-10-07 17:30:00,BSCO
22.0931,22.0931,22.0931,22.0931,1495,2021-10-07 17:35:00,BSCO
22.1,22.1,22.1,22.1,100,2021-10-07 17:40:00,BSCO
22.095,22.1,22.095,22.0974,4444,2021-10-07 17:45:00,BSCO
22.09,22.0999,22.09,22.0901,2239,2021-10-07 17:50:00,BSCO
22.1,22.1,22.09,22.0979,1889,2021-10-07 17:55:00,BSCO
22.09,22.0977,22.09,22.0977,350,2021-10-07 18:00:00,BSCO
22.095,22.095,22.095,22.095,1645,2021-10-07 18:05:00,BSCO
22.0969,22.0969,22.095,22.095,1745,2021-10-07 18:15:00,BSCO
22.0921,22.0921,22.0906,22.0906,2250,2021-10-07 18:20:00,BSCO
22.1,22.1,22.1,22.1,109,2021-10-07 18:25:00,BSCO
22.09,22.1,22.09,22.1,6049,2021-10-07 18:30:00,BSCO
22.095,22.095,22.0942,22.0942,600,2021-10-07 18:35:00,BSCO
22.09,22.1,22.09,22.1,5885,2021-10-07 18:40:00,BSCO
22.0999,22.0999,22.0999,22.0999,807,2021-10-07 18:45:00,BSCO
22.1,22.1,22.095,22.095,2394,2021-10-07 18:50:00,BSCO
22.1,22.1,22.095,22.1,900,2021-10-07 18:55:00,BSCO
22.1,22.1,22.0928,22.0928,1145,2021-10-07 19:00:00,BSCO
22.095,22.095,22.095,22.095,2100,2021-10-07 19:05:00,BSCO
22.095,22.1,22.095,22.1,4802,2021-10-07 19:10:00,BSCO
22.1,22.1,22.1,22.1,639,2021-10-07 19:15:00,BSCO
22.1,22.11,22.1,22.11,1671,2021-10-07 19:20:00,BSCO
22.1,22.1,22.1,22.1,100,2021-10-07 19:25:00,BSCO
22.0999,22.0999,22.095,22.095,1088,2021-10-07 19:30:00,BSCO
22.0983,22.1,22.095,22.095,28295,2021-10-07 19:35:00,BSCO
22.09,22.0976,22.09,22.09,9691,2021-10-07 19:40:00,BSCO
22.09,22.095,22.08,22.085,5364,2021-10-07 19:45:00,BSCO
22.09,22.09,22.08,22.08,6800,2021-10-07 19:50:00,BSCO
22.08,22.11,22.08,22.08,95896,2021-10-07 19:55:00,BSCO
22.08,22.08,22.08,22.08,726,2021-10-07 20:00:00,BSCO
22.09,22.09,22.0801,22.0886,9404,2021-10-08 13:30:00,BSCO
22.0998,22.0998,22.0998,22.0998,201,2021-10-08 13:35:00,BSCO
22.09,22.09,22.09,22.09,942,2021-10-08 13:40:00,BSCO
22.085,22.085,22.085,22.085,1736,2021-10-08 13:45:00,BSCO
22.085,22.085,22.085,22.085,734,2021-10-08 13:50:00,BSCO
22.0868,22.0868,22.08,22.08,1677,2021-10-08 13:55:00,BSCO
22.08,22.0853,22.08,22.0853,281,2021-10-08 14:05:00,BSCO
22.08,22.09,22.08,22.09,386,2021-10-08 14:10:00,BSCO
22.085,22.0891,22.085,22.0891,3226,2021-10-08 14:15:00,BSCO
22.0835,22.085,22.0835,22.085,710,2021-10-08 14:20:00,BSCO
22.0801,22.0801,22.08,22.08,836,2021-10-08 14:25:00,BSCO
22.085,22.085,22.085,22.085,100,2021-10-08 14:40:00,BSCO
22.085,22.0879,22.085,22.0879,426,2021-10-08 14:50:00,BSCO
22.0891,22.0898,22.08,22.08,5611,2021-10-08 14:55:00,BSCO
22.0773,22.0773,22.0773,22.0773,113,2021-10-08 15:00:00,BSCO
22.0857,22.0857,22.0857,22.0857,362,2021-10-08 15:05:00,BSCO
22.075,22.08,22.075,22.0799,3875,2021-10-08 15:10:00,BSCO
22.079,22.08,22.07,22.07,7016,2021-10-08 15:20:00,BSCO
22.07,22.078,22.07,22.078,750,2021-10-08 15:25:00,BSCO
22.08,22.08,22.075,22.075,2699,2021-10-08 15:30:00,BSCO
22.07,22.07,22.07,22.07,100,2021-10-08 15:35:00,BSCO
22.0768,22.0768,22.0768,22.0768,231,2021-10-08 15:45:00,BSCO
22.075,22.08,22.075,22.0765,3058,2021-10-08 15:50:00,BSCO
22.0765,22.08,22.075,22.0799,1623,2021-10-08 15:55:00,BSCO
22.0731,22.075,22.0731,22.075,1552,2021-10-08 16:00:00,BSCO
22.075,22.075,22.075,22.075,100,2021-10-08 16:10:00,BSCO
22.0765,22.0765,22.0721,22.0721,1578,2021-10-08 16:15:00,BSCO
22.075,22.0796,22.075,22.0796,3992,2021-10-08 16:20:00,BSCO
22.075,22.08,22.07,22.08,17737,2021-10-08 16:25:00,BSCO
22.075,22.08,22.07,22.075,4821,2021-10-08 16:30:00,BSCO
22.075,22.08,22.075,22.08,1800,2021-10-08 16:40:00,BSCO
22.0755,22.0755,22.0755,22.0755,341,2021-10-08 16:45:00,BSCO
22.0728,22.075,22.0705,22.0705,4575,2021-10-08 16:50:00,BSCO
22.07,22.08,22.07,22.08,3100,2021-10-08 17:00:00,BSCO
22.0755,22.0755,22.075,22.075,1573,2021-10-08 17:05:00,BSCO
22.0787,22.0787,22.0787,22.0787,4275,2021-10-08 17:10:00,BSCO
22.075,22.075,22.07,22.075,923,2021-10-08 17:15:00,BSCO
22.0776,22.0776,22.07,22.075,727,2021-10-08 17:20:00,BSCO
22.075,22.08,22.075,22.08,400,2021-10-08 17:25:00,BSCO
22.08,22.08,22.0782,22.08,3009,2021-10-08 17:30:00,BSCO
22.08,22.08,22.075,22.075,3917,2021-10-08 17:35:00,BSCO
22.08,22.08,22.0719,22.08,1510,2021-10-08 17:40:00,BSCO
22.08,22.08,22.08,22.08,600,2021-10-08 17:45:00,BSCO
22.08,22.08,22.073,22.075,2538,2021-10-08 17:50:00,BSCO
22.0723,22.08,22.0723,22.08,2867,2021-10-08 17:55:00,BSCO
22.075,22.08,22.0744,22.08,5735,2021-10-08 18:00:00,BSCO
22.08,22.08,22.079,22.08,761,2021-10-08 18:05:00,BSCO
22.08,22.08,22.075,22.08,3553,2021-10-08 18:10:00,BSCO
22.08,22.08,22.0728,22.08,776,2021-10-08 18:15:00,BSCO
22.08,22.08,22.079,22.08,2024,2021-10-08 18:20:00,BSCO
22.08,22.08,22.08,22.08,700,2021-10-08 18:25:00,BSCO
22.08,22.08,22.0709,22.073,930,2021-10-08 18:30:00,BSCO
22.08,22.08,22.075,22.08,13515,2021-10-08 18:35:00,BSCO
22.08,22.08,22.0701,22.08,8875,2021-10-08 18:40:00,BSCO
22.08,22.08,22.0764,22.08,1149,2021-10-08 18:45:00,BSCO
22.08,22.08,22.0745,22.08,1999,2021-10-08 18:50:00,BSCO
22.08,22.08,22.071,22.08,4822,2021-10-08 18:55:00,BSCO
22.08,22.08,22.075,22.08,1300,2021-10-08 19:00:00,BSCO
22.08,22.08,22.075,22.08,4487,2021-10-08 19:05:00,BSCO
22.08,22.08,22.08,22.08,1300,2021-10-08 19:10:00,BSCO
22.08,22.08,22.07,22.0735,4583,2021-10-08 19:15:00,BSCO
22.08,22.0898,22.05,22.07,17289,2021-10-08 19:20:00,BSCO
22.08,22.08,22.075,22.08,1200,2021-10-08 19:25:00,BSCO
22.08,22.08,22.0741,22.08,4815,2021-10-08 19:30:00,BSCO
22.08,22.08,22.0748,22.08,2288,2021-10-08 19:35:00,BSCO
22.08,22.08,22.075,22.08,3275,2021-10-08 19:40:00,BSCO
22.08,22.08,22.0701,22.08,14477,2021-10-08 19:45:00,BSCO
22.075,22.08,22.0721,22.08,3448,2021-10-08 19:50:00,BSCO
22.08,22.09,22.07,22.09,14708,2021-10-08 19:55:00,BSCO
22.09,22.09,22.09,22.09,5367,2021-10-08 20:00:00,BSCO
