open,high,low,close,volume,datetime,symbol
169.14,169.14,169.14,169.14,158,2021-10-01 13:30:00,LBRDA
169.96,169.96,169.39,169.39,1200,2021-10-01 13:35:00,LBRDA
169.52,169.52,169.52,169.52,100,2021-10-01 13:40:00,LBRDA
169.52,169.52,169.44,169.49,1567,2021-10-01 13:45:00,LBRDA
169.54,169.54,169.41,169.52,700,2021-10-01 13:50:00,LBRDA
169.52,170.15,169.52,169.96,2500,2021-10-01 13:55:00,LBRDA
169.99,170.09,169.92,169.92,1325,2021-10-01 14:00:00,LBRDA
170.08,170.64,170.08,170.59,532,2021-10-01 14:05:00,LBRDA
170.35,170.35,170.35,170.35,100,2021-10-01 14:10:00,LBRDA
170.28,170.35,169.8,169.8,1200,2021-10-01 14:15:00,LBRDA
169.7,169.79,169.7,169.79,400,2021-10-01 14:30:00,LBRDA
169.79,169.91,169.43,169.47,2225,2021-10-01 14:35:00,LBRDA
169.47,169.47,169.47,169.47,100,2021-10-01 14:40:00,LBRDA
169.43,169.57,169.43,169.555,300,2021-10-01 14:45:00,LBRDA
169.53,169.53,169.47,169.47,300,2021-10-01 14:50:00,LBRDA
169.59,169.59,169.55,169.55,200,2021-10-01 14:55:00,LBRDA
169.69,169.69,169.57,169.57,400,2021-10-01 15:00:00,LBRDA
169.71,169.77,169.71,169.77,500,2021-10-01 15:05:00,LBRDA
169.77,170.76,169.77,170.72,1700,2021-10-01 15:10:00,LBRDA
170.71,170.71,170.55,170.685,900,2021-10-01 15:15:00,LBRDA
170.59,170.65,170.59,170.61,500,2021-10-01 15:20:00,LBRDA
170.7,170.74,170.69,170.74,300,2021-10-01 15:25:00,LBRDA
170.7,170.77,170.7,170.77,900,2021-10-01 15:30:00,LBRDA
170.75,170.75,170.75,170.75,100,2021-10-01 15:35:00,LBRDA
170.73,170.8,170.66,170.78,1008,2021-10-01 15:40:00,LBRDA
170.95,170.97,170.94,170.94,600,2021-10-01 15:45:00,LBRDA
171.05,171.05,171.05,171.05,100,2021-10-01 15:50:00,LBRDA
171.01,171.04,171.0,171.04,764,2021-10-01 15:55:00,LBRDA
170.99,170.99,170.85,170.85,200,2021-10-01 16:00:00,LBRDA
170.78,170.78,170.78,170.78,100,2021-10-01 16:05:00,LBRDA
170.91,170.91,170.85,170.85,500,2021-10-01 16:10:00,LBRDA
170.85,170.96,170.72,170.96,1400,2021-10-01 16:15:00,LBRDA
171.04,171.2,171.025,171.2,1400,2021-10-01 16:25:00,LBRDA
171.14,171.15,171.0267,171.15,300,2021-10-01 16:40:00,LBRDA
171.21,171.21,171.21,171.21,100,2021-10-01 16:50:00,LBRDA
171.14,171.14,171.05,171.05,450,2021-10-01 16:55:00,LBRDA
171.05,171.05,171.05,171.05,100,2021-10-01 17:00:00,LBRDA
171.54,171.72,171.54,171.71,420,2021-10-01 17:10:00,LBRDA
171.81,171.84,171.77,171.77,2200,2021-10-01 17:15:00,LBRDA
171.84,171.84,171.84,171.84,100,2021-10-01 17:20:00,LBRDA
171.84,171.88,171.6,171.6,900,2021-10-01 17:25:00,LBRDA
172.0,172.0,172.0,172.0,100,2021-10-01 17:30:00,LBRDA
172.01,172.02,172.0,172.02,700,2021-10-01 17:40:00,LBRDA
172.22,172.37,172.22,172.34,1200,2021-10-01 17:45:00,LBRDA
172.33,172.33,172.24,172.24,500,2021-10-01 17:50:00,LBRDA
172.26,172.26,172.25,172.255,4836,2021-10-01 18:00:00,LBRDA
172.2747,172.2747,172.2747,172.2747,1095,2021-10-01 18:15:00,LBRDA
172.44,172.44,172.42,172.42,582,2021-10-01 18:30:00,LBRDA
172.31,172.31,172.31,172.31,308,2021-10-01 18:40:00,LBRDA
172.32,172.32,172.32,172.32,100,2021-10-01 18:45:00,LBRDA
172.46,172.46,172.46,172.46,200,2021-10-01 18:55:00,LBRDA
172.56,172.56,172.56,172.56,1200,2021-10-01 19:20:00,LBRDA
172.56,172.59,172.55,172.55,1579,2021-10-01 19:25:00,LBRDA
172.52,172.52,172.52,172.52,954,2021-10-01 19:30:00,LBRDA
172.52,172.575,172.48,172.515,1900,2021-10-01 19:35:00,LBRDA
172.5,172.5,172.3927,172.3927,2541,2021-10-01 19:40:00,LBRDA
172.33,172.33,172.15,172.15,4515,2021-10-01 19:45:00,LBRDA
172.26,172.68,172.15,172.36,2800,2021-10-01 19:50:00,LBRDA
172.05,172.24,171.98,172.08,1890,2021-10-01 19:55:00,LBRDA
171.92,171.92,171.92,171.92,11153,2021-10-01 20:00:00,LBRDA
171.02,171.35,171.02,171.23,838,2021-10-04 13:30:00,LBRDA
171.27,171.59,170.53,171.53,900,2021-10-04 13:35:00,LBRDA
171.64,171.64,171.64,171.64,100,2021-10-04 13:40:00,LBRDA
171.86,172.06,171.86,172.06,700,2021-10-04 13:45:00,LBRDA
172.29,172.29,172.18,172.18,200,2021-10-04 13:50:00,LBRDA
172.51,173.0,172.51,173.0,1100,2021-10-04 13:55:00,LBRDA
173.05,173.05,172.93,172.93,400,2021-10-04 14:00:00,LBRDA
172.87,173.03,172.83,172.98,900,2021-10-04 14:05:00,LBRDA
172.96,173.19,172.76,173.19,800,2021-10-04 14:10:00,LBRDA
173.18,173.18,172.98,173.068,1466,2021-10-04 14:15:00,LBRDA
173.3,173.55,173.27,173.48,2000,2021-10-04 14:20:00,LBRDA
172.92,172.92,172.92,172.92,100,2021-10-04 14:25:00,LBRDA
172.81,172.81,172.64,172.71,617,2021-10-04 14:35:00,LBRDA
173.13,173.13,173.07,173.07,400,2021-10-04 14:45:00,LBRDA
173.1,173.1,172.84,172.84,1100,2021-10-04 14:50:00,LBRDA
172.83,172.87,172.76,172.76,1100,2021-10-04 14:55:00,LBRDA
172.76,172.795,172.62,172.795,800,2021-10-04 15:00:00,LBRDA
172.9,172.9,172.9,172.9,100,2021-10-04 15:05:00,LBRDA
172.85,173.1,172.85,173.01,600,2021-10-04 15:10:00,LBRDA
173.02,173.02,172.93,173.015,500,2021-10-04 15:15:00,LBRDA
173.23,173.285,173.16,173.16,500,2021-10-04 15:20:00,LBRDA
173.245,173.33,173.12,173.31,600,2021-10-04 15:25:00,LBRDA
173.16,173.16,172.8758,173.02,482,2021-10-04 15:30:00,LBRDA
172.9,172.96,172.73,172.79,2400,2021-10-04 15:35:00,LBRDA
172.945,172.95,172.945,172.95,200,2021-10-04 15:40:00,LBRDA
173.265,173.265,173.265,173.265,100,2021-10-04 15:50:00,LBRDA
173.19,173.28,173.19,173.28,300,2021-10-04 15:55:00,LBRDA
173.26,173.28,173.03,173.03,1100,2021-10-04 16:00:00,LBRDA
173.0,173.0,173.0,173.0,100,2021-10-04 16:05:00,LBRDA
173.12,173.2,173.09,173.09,700,2021-10-04 16:10:00,LBRDA
172.95,173.02,172.95,173.02,200,2021-10-04 16:15:00,LBRDA
173.0,173.01,172.84,172.99,1100,2021-10-04 16:20:00,LBRDA
172.96,172.97,172.96,172.97,500,2021-10-04 16:30:00,LBRDA
173.01,173.01,172.93,173.0,2090,2021-10-04 16:35:00,LBRDA
172.97,172.97,172.73,172.73,800,2021-10-04 16:40:00,LBRDA
172.73,172.93,172.63,172.93,700,2021-10-04 16:45:00,LBRDA
172.89,172.89,172.89,172.89,100,2021-10-04 16:50:00,LBRDA
172.97,172.975,172.97,172.975,200,2021-10-04 16:55:00,LBRDA
172.96,172.985,172.9,172.9,800,2021-10-04 17:00:00,LBRDA
172.9,173.05,172.9,173.05,300,2021-10-04 17:05:00,LBRDA
173.01,173.01,172.97,172.97,400,2021-10-04 17:20:00,LBRDA
172.99,173.0,172.99,173.0,600,2021-10-04 17:30:00,LBRDA
173.0,173.01,173.0,173.01,500,2021-10-04 17:35:00,LBRDA
173.0,173.01,172.93,172.93,1100,2021-10-04 17:40:00,LBRDA
172.86,172.86,172.85,172.86,1100,2021-10-04 17:45:00,LBRDA
172.77,172.79,172.77,172.77,400,2021-10-04 17:50:00,LBRDA
172.76,172.76,172.74,172.74,500,2021-10-04 17:55:00,LBRDA
172.87,172.87,172.87,172.87,100,2021-10-04 18:10:00,LBRDA
172.85,172.85,172.82,172.83,700,2021-10-04 18:15:00,LBRDA
172.83,172.83,172.83,172.83,102,2021-10-04 18:20:00,LBRDA
172.775,172.84,172.775,172.84,200,2021-10-04 18:30:00,LBRDA
172.81,172.87,172.81,172.87,200,2021-10-04 18:35:00,LBRDA
173.04,173.19,173.04,173.19,1300,2021-10-04 18:40:00,LBRDA
173.1,173.24,173.1,173.24,400,2021-10-04 18:45:00,LBRDA
173.38,173.38,173.13,173.13,1500,2021-10-04 18:50:00,LBRDA
173.19,173.25,173.09,173.09,800,2021-10-04 18:55:00,LBRDA
173.21,173.21,173.21,173.21,100,2021-10-04 19:00:00,LBRDA
173.165,173.165,173.05,173.12,807,2021-10-04 19:05:00,LBRDA
173.13,173.18,173.08,173.08,702,2021-10-04 19:10:00,LBRDA
173.23,173.23,172.95,172.97,3409,2021-10-04 19:15:00,LBRDA
172.94,172.94,172.82,172.92,1200,2021-10-04 19:20:00,LBRDA
172.88,173.0262,172.88,172.965,300,2021-10-04 19:25:00,LBRDA
173.03,173.07,172.955,173.05,1325,2021-10-04 19:30:00,LBRDA
173.1,173.1,172.95,172.98,4615,2021-10-04 19:35:00,LBRDA
172.97,173.41,172.97,173.35,3100,2021-10-04 19:40:00,LBRDA
173.47,173.47,173.36,173.41,1952,2021-10-04 19:45:00,LBRDA
173.35,173.42,172.75,172.75,3735,2021-10-04 19:50:00,LBRDA
172.84,173.47,172.84,173.47,4151,2021-10-04 19:55:00,LBRDA
173.27,173.27,173.27,173.27,9189,2021-10-04 20:00:00,LBRDA
173.41,173.6,173.24,173.49,1078,2021-10-05 13:30:00,LBRDA
173.57,173.71,173.57,173.71,786,2021-10-05 13:35:00,LBRDA
173.7,173.76,173.32,173.32,802,2021-10-05 13:40:00,LBRDA
173.56,173.9,173.56,173.9,500,2021-10-05 13:45:00,LBRDA
174.24,174.36,173.91,174.36,1300,2021-10-05 13:50:00,LBRDA
174.47,174.47,174.32,174.32,300,2021-10-05 13:55:00,LBRDA
174.64,174.71,174.64,174.71,200,2021-10-05 14:00:00,LBRDA
174.64,174.7,174.64,174.7,300,2021-10-05 14:05:00,LBRDA
174.58,174.58,174.535,174.535,200,2021-10-05 14:10:00,LBRDA
174.62,174.675,174.62,174.67,1907,2021-10-05 14:15:00,LBRDA
174.66,174.79,174.65,174.71,1304,2021-10-05 14:20:00,LBRDA
175.03,175.03,175.03,175.03,100,2021-10-05 14:30:00,LBRDA
174.82,174.92,174.81,174.89,1300,2021-10-05 14:35:00,LBRDA
174.99,174.99,174.81,174.9,1700,2021-10-05 14:40:00,LBRDA
174.82,174.99,174.82,174.99,500,2021-10-05 14:45:00,LBRDA
174.87,174.91,174.69,174.83,600,2021-10-05 14:50:00,LBRDA
174.81,174.81,174.59,174.6,1200,2021-10-05 14:55:00,LBRDA
174.75,174.81,174.75,174.81,1509,2021-10-05 15:10:00,LBRDA
174.81,174.81,174.46,174.46,1303,2021-10-05 15:15:00,LBRDA
174.54,174.54,174.5,174.5,1802,2021-10-05 15:25:00,LBRDA
174.5,174.66,174.49,174.66,1704,2021-10-05 15:30:00,LBRDA
174.65,174.71,174.65,174.69,1505,2021-10-05 15:35:00,LBRDA
174.62,174.62,174.45,174.45,1531,2021-10-05 15:40:00,LBRDA
174.59,174.67,174.49,174.66,1001,2021-10-05 15:45:00,LBRDA
174.64,174.64,174.48,174.58,1402,2021-10-05 15:50:00,LBRDA
174.51,174.67,174.51,174.62,1504,2021-10-05 15:55:00,LBRDA
174.52,174.59,174.46,174.46,400,2021-10-05 16:00:00,LBRDA
174.51,174.51,174.51,174.51,100,2021-10-05 16:05:00,LBRDA
174.53,174.53,174.53,174.53,100,2021-10-05 16:10:00,LBRDA
174.57,174.81,174.57,174.78,1451,2021-10-05 16:15:00,LBRDA
174.55,174.55,174.55,174.55,100,2021-10-05 16:20:00,LBRDA
174.55,174.55,174.46,174.47,500,2021-10-05 16:25:00,LBRDA
174.425,174.56,174.425,174.54,1700,2021-10-05 16:30:00,LBRDA
174.54,174.54,174.375,174.53,5300,2021-10-05 16:35:00,LBRDA
174.45,174.51,174.43,174.51,600,2021-10-05 16:40:00,LBRDA
174.51,174.61,174.49,174.57,1700,2021-10-05 16:45:00,LBRDA
174.55,174.56,174.325,174.325,600,2021-10-05 16:50:00,LBRDA
174.44,174.44,174.285,174.285,300,2021-10-05 17:00:00,LBRDA
174.28,174.28,174.28,174.28,100,2021-10-05 17:05:00,LBRDA
174.35,174.36,174.35,174.36,300,2021-10-05 17:10:00,LBRDA
174.35,174.37,174.35,174.37,200,2021-10-05 17:15:00,LBRDA
174.37,174.37,174.22,174.22,300,2021-10-05 17:20:00,LBRDA
174.19,174.3,174.19,174.235,900,2021-10-05 17:25:00,LBRDA
174.26,174.37,174.045,174.045,1400,2021-10-05 17:30:00,LBRDA
174.215,174.215,174.215,174.215,200,2021-10-05 17:35:00,LBRDA
174.22,174.29,174.21,174.28,1101,2021-10-05 17:40:00,LBRDA
174.25,174.4,174.2,174.4,3100,2021-10-05 17:45:00,LBRDA
174.45,174.49,174.265,174.34,4666,2021-10-05 17:50:00,LBRDA
174.34,174.35,174.34,174.34,300,2021-10-05 17:55:00,LBRDA
174.35,174.35,174.26,174.29,901,2021-10-05 18:00:00,LBRDA
174.295,174.31,174.295,174.31,400,2021-10-05 18:05:00,LBRDA
174.47,174.535,174.47,174.51,2747,2021-10-05 18:10:00,LBRDA
174.61,174.63,174.59,174.63,1200,2021-10-05 18:35:00,LBRDA
174.625,174.75,174.61,174.74,915,2021-10-05 18:40:00,LBRDA
174.75,174.83,174.73,174.73,2803,2021-10-05 18:45:00,LBRDA
174.795,174.815,174.68,174.72,1685,2021-10-05 18:50:00,LBRDA
174.66,174.66,174.66,174.66,175,2021-10-05 18:55:00,LBRDA
174.755,174.755,174.67,174.67,900,2021-10-05 19:00:00,LBRDA
174.68,174.7,174.63,174.7,300,2021-10-05 19:05:00,LBRDA
174.69,174.85,174.69,174.805,400,2021-10-05 19:10:00,LBRDA
174.845,174.845,174.81,174.81,800,2021-10-05 19:15:00,LBRDA
174.81,174.81,174.61,174.655,2404,2021-10-05 19:20:00,LBRDA
174.665,174.82,174.47,174.77,3240,2021-10-05 19:25:00,LBRDA
174.8,174.82,174.585,174.61,2600,2021-10-05 19:30:00,LBRDA
174.755,174.755,174.54,174.54,700,2021-10-05 19:35:00,LBRDA
174.55,174.8,174.55,174.735,6900,2021-10-05 19:40:00,LBRDA
174.78,174.87,174.76,174.86,600,2021-10-05 19:45:00,LBRDA
174.85,174.85,174.64,174.64,1000,2021-10-05 19:50:00,LBRDA
174.6,174.65,174.29,174.29,1700,2021-10-05 19:55:00,LBRDA
174.27,174.27,174.27,174.27,7225,2021-10-05 20:00:00,LBRDA
173.2,173.71,173.2,173.71,451,2021-10-06 13:30:00,LBRDA
173.29,173.29,173.29,173.29,100,2021-10-06 13:35:00,LBRDA
173.47,173.47,173.45,173.45,317,2021-10-06 13:45:00,LBRDA
173.26,173.4,173.26,173.33,2000,2021-10-06 13:50:00,LBRDA
173.26,173.26,173.19,173.21,700,2021-10-06 13:55:00,LBRDA
173.14,173.17,173.13,173.13,800,2021-10-06 14:00:00,LBRDA
172.97,172.97,172.68,172.68,320,2021-10-06 14:05:00,LBRDA
172.81,173.03,172.81,172.96,500,2021-10-06 14:10:00,LBRDA
173.06,173.06,173.05,173.06,300,2021-10-06 14:15:00,LBRDA
173.49,173.63,173.46,173.49,800,2021-10-06 14:25:00,LBRDA
173.55,173.58,173.48,173.48,600,2021-10-06 14:30:00,LBRDA
173.5,173.5,173.25,173.25,1100,2021-10-06 14:35:00,LBRDA
173.36,173.38,173.3,173.3,508,2021-10-06 14:40:00,LBRDA
173.3,173.34,173.12,173.25,900,2021-10-06 14:45:00,LBRDA
173.19,173.27,173.19,173.27,553,2021-10-06 14:50:00,LBRDA
173.39,173.405,173.21,173.21,700,2021-10-06 14:55:00,LBRDA
173.23,173.23,173.01,173.01,500,2021-10-06 15:00:00,LBRDA
173.01,173.01,172.8,172.8,1000,2021-10-06 15:05:00,LBRDA
172.63,172.65,172.63,172.65,300,2021-10-06 15:10:00,LBRDA
172.8,172.89,172.73,172.85,700,2021-10-06 15:15:00,LBRDA
172.85,172.9,172.7,172.825,501,2021-10-06 15:20:00,LBRDA
172.775,172.82,172.775,172.82,300,2021-10-06 15:25:00,LBRDA
172.81,173.08,172.8,172.93,1801,2021-10-06 15:30:00,LBRDA
173.12,173.21,173.1,173.21,602,2021-10-06 15:35:00,LBRDA
173.2,173.285,173.17,173.21,900,2021-10-06 15:40:00,LBRDA
173.2,173.24,173.2,173.23,400,2021-10-06 15:45:00,LBRDA
173.23,173.23,173.16,173.17,700,2021-10-06 15:50:00,LBRDA
173.335,173.335,173.33,173.33,200,2021-10-06 15:55:00,LBRDA
173.2,173.2,173.05,173.05,300,2021-10-06 16:00:00,LBRDA
173.11,173.11,172.96,172.96,1101,2021-10-06 16:05:00,LBRDA
172.97,173.07,172.97,173.07,600,2021-10-06 16:10:00,LBRDA
173.07,173.11,173.05,173.05,700,2021-10-06 16:15:00,LBRDA
173.05,173.12,172.85,172.85,1105,2021-10-06 16:20:00,LBRDA
172.95,172.95,172.7,172.75,760,2021-10-06 16:25:00,LBRDA
172.68,172.68,172.68,172.68,180,2021-10-06 16:30:00,LBRDA
172.59,172.64,172.56,172.64,510,2021-10-06 16:35:00,LBRDA
172.62,172.69,172.61,172.69,1954,2021-10-06 16:40:00,LBRDA
172.6,172.6,172.6,172.6,100,2021-10-06 16:45:00,LBRDA
172.59,172.64,172.59,172.64,414,2021-10-06 16:50:00,LBRDA
172.7,172.7,172.62,172.62,300,2021-10-06 17:00:00,LBRDA
172.61,172.61,172.55,172.55,400,2021-10-06 17:05:00,LBRDA
172.55,172.89,172.55,172.89,1356,2021-10-06 17:10:00,LBRDA
172.81,172.93,172.81,172.93,200,2021-10-06 17:15:00,LBRDA
173.1,173.21,173.1,173.16,1000,2021-10-06 17:20:00,LBRDA
173.16,173.16,173.16,173.16,100,2021-10-06 17:25:00,LBRDA
173.41,173.41,173.25,173.34,1000,2021-10-06 17:30:00,LBRDA
173.44,173.44,173.44,173.44,100,2021-10-06 17:35:00,LBRDA
173.46,173.46,173.46,173.46,219,2021-10-06 17:40:00,LBRDA
173.54,173.54,173.5,173.5,300,2021-10-06 17:45:00,LBRDA
173.45,173.45,173.405,173.41,800,2021-10-06 17:50:00,LBRDA
173.64,173.64,173.64,173.64,100,2021-10-06 17:55:00,LBRDA
173.69,173.69,173.48,173.48,804,2021-10-06 18:00:00,LBRDA
173.69,173.785,173.69,173.785,300,2021-10-06 18:10:00,LBRDA
173.89,173.89,173.87,173.87,500,2021-10-06 18:20:00,LBRDA
173.96,173.96,173.895,173.895,400,2021-10-06 18:25:00,LBRDA
173.89,173.93,173.84,173.93,700,2021-10-06 18:30:00,LBRDA
174.03,174.03,173.85,173.92,600,2021-10-06 18:35:00,LBRDA
174.02,174.05,174.02,174.05,200,2021-10-06 18:40:00,LBRDA
174.085,174.085,173.85,173.91,1800,2021-10-06 18:45:00,LBRDA
174.05,174.05,173.79,173.96,1100,2021-10-06 18:50:00,LBRDA
173.96,173.96,173.78,173.79,2200,2021-10-06 18:55:00,LBRDA
173.835,173.87,173.62,173.63,1792,2021-10-06 19:00:00,LBRDA
173.77,173.77,173.45,173.54,2153,2021-10-06 19:05:00,LBRDA
173.79,173.79,173.64,173.73,902,2021-10-06 19:10:00,LBRDA
173.67,173.69,173.58,173.58,800,2021-10-06 19:15:00,LBRDA
173.57,173.65,173.49,173.6,2836,2021-10-06 19:20:00,LBRDA
173.65,173.68,173.65,173.68,309,2021-10-06 19:25:00,LBRDA
173.81,173.875,173.81,173.83,1736,2021-10-06 19:30:00,LBRDA
173.84,173.84,173.62,173.62,800,2021-10-06 19:35:00,LBRDA
173.73,173.75,173.73,173.75,200,2021-10-06 19:40:00,LBRDA
173.92,174.13,173.84,173.97,2863,2021-10-06 19:45:00,LBRDA
174.17,174.17,173.86,173.91,979,2021-10-06 19:50:00,LBRDA
173.9,174.12,173.9,173.9,2000,2021-10-06 19:55:00,LBRDA
173.9,173.9,173.9,173.9,7248,2021-10-06 20:00:00,LBRDA
174.57,174.57,174.57,174.57,286,2021-10-07 13:30:00,LBRDA
176.11,176.11,175.99,175.99,246,2021-10-07 13:35:00,LBRDA
176.28,176.34,176.09,176.11,2620,2021-10-07 13:40:00,LBRDA
176.095,176.385,176.04,176.08,1854,2021-10-07 13:45:00,LBRDA
176.57,176.85,176.54,176.61,1669,2021-10-07 13:50:00,LBRDA
176.73,176.73,176.27,176.27,1490,2021-10-07 13:55:00,LBRDA
177.16,177.16,176.91,176.91,300,2021-10-07 14:05:00,LBRDA
177.17,177.2,176.96,176.96,500,2021-10-07 14:10:00,LBRDA
176.95,176.95,176.93,176.93,500,2021-10-07 14:15:00,LBRDA
176.79,176.79,176.43,176.43,1004,2021-10-07 14:20:00,LBRDA
176.38,176.43,176.38,176.43,225,2021-10-07 14:25:00,LBRDA
176.4,176.46,176.4,176.46,300,2021-10-07 14:30:00,LBRDA
176.45,176.45,176.25,176.37,1100,2021-10-07 14:35:00,LBRDA
176.39,176.39,176.25,176.25,200,2021-10-07 14:40:00,LBRDA
176.24,176.24,176.11,176.12,900,2021-10-07 14:45:00,LBRDA
176.14,176.14,176.08,176.08,625,2021-10-07 14:50:00,LBRDA
176.07,176.07,176.02,176.02,300,2021-10-07 14:55:00,LBRDA
176.02,176.11,175.86,175.86,500,2021-10-07 15:00:00,LBRDA
175.77,175.77,175.77,175.77,100,2021-10-07 15:05:00,LBRDA
175.75,175.75,175.65,175.65,502,2021-10-07 15:10:00,LBRDA
175.68,175.68,175.55,175.55,200,2021-10-07 15:15:00,LBRDA
175.76,175.76,175.65,175.65,400,2021-10-07 15:20:00,LBRDA
175.75,175.75,175.75,175.75,100,2021-10-07 15:25:00,LBRDA
175.98,175.98,175.89,175.89,200,2021-10-07 15:35:00,LBRDA
176.0,176.05,175.94,175.96,2130,2021-10-07 15:40:00,LBRDA
176.055,176.055,176.055,176.055,100,2021-10-07 15:55:00,LBRDA
176.1,176.11,176.1,176.11,500,2021-10-07 16:00:00,LBRDA
176.1,176.15,176.06,176.06,1800,2021-10-07 16:05:00,LBRDA
176.06,176.06,176.06,176.06,402,2021-10-07 16:10:00,LBRDA
176.01,176.01,176.01,176.01,100,2021-10-07 16:25:00,LBRDA
176.05,176.05,176.05,176.05,100,2021-10-07 16:30:00,LBRDA
176.11,176.17,176.1,176.14,672,2021-10-07 16:35:00,LBRDA
176.14,176.14,175.94,175.97,700,2021-10-07 16:40:00,LBRDA
175.97,176.03,175.9,176.03,400,2021-10-07 16:45:00,LBRDA
175.97,176.01,175.94,175.94,500,2021-10-07 16:50:00,LBRDA
175.88,175.88,175.71,175.71,200,2021-10-07 16:55:00,LBRDA
175.885,175.885,175.66,175.79,1998,2021-10-07 17:00:00,LBRDA
175.89,175.92,175.84,175.92,500,2021-10-07 17:10:00,LBRDA
175.89,175.89,175.74,175.76,1100,2021-10-07 17:15:00,LBRDA
175.72,175.72,175.72,175.72,100,2021-10-07 17:20:00,LBRDA
175.65,175.65,175.65,175.65,200,2021-10-07 17:25:00,LBRDA
175.86,175.86,175.76,175.76,300,2021-10-07 17:35:00,LBRDA
175.83,175.83,175.65,175.65,1100,2021-10-07 17:40:00,LBRDA
175.66,175.67,175.66,175.67,500,2021-10-07 17:45:00,LBRDA
175.85,175.85,175.69,175.69,300,2021-10-07 17:50:00,LBRDA
175.7,175.8,175.68,175.8,700,2021-10-07 17:55:00,LBRDA
175.75,175.75,175.59,175.59,1400,2021-10-07 18:00:00,LBRDA
175.68,175.68,175.57,175.57,423,2021-10-07 18:05:00,LBRDA
175.58,175.71,175.58,175.64,700,2021-10-07 18:10:00,LBRDA
175.66,175.66,175.66,175.66,100,2021-10-07 18:15:00,LBRDA
175.65,175.65,175.5,175.5,900,2021-10-07 18:20:00,LBRDA
175.4,175.4,175.34,175.34,300,2021-10-07 18:25:00,LBRDA
175.26,175.26,175.23,175.23,200,2021-10-07 18:30:00,LBRDA
175.38,175.38,175.15,175.255,700,2021-10-07 18:35:00,LBRDA
175.14,175.14,175.14,175.14,100,2021-10-07 18:40:00,LBRDA
175.14,175.14,175.14,175.14,100,2021-10-07 18:45:00,LBRDA
175.19,175.19,175.17,175.17,200,2021-10-07 18:50:00,LBRDA
175.17,175.32,175.17,175.19,1300,2021-10-07 18:55:00,LBRDA
175.21,175.24,175.2,175.24,500,2021-10-07 19:00:00,LBRDA
175.33,175.36,175.25,175.25,1200,2021-10-07 19:05:00,LBRDA
175.23,175.25,175.135,175.17,1900,2021-10-07 19:10:00,LBRDA
175.2,175.2,174.96,174.96,1300,2021-10-07 19:15:00,LBRDA
174.96,174.965,174.77,174.77,1495,2021-10-07 19:20:00,LBRDA
174.77,174.89,174.71,174.86,2700,2021-10-07 19:25:00,LBRDA
174.925,174.925,174.925,174.925,100,2021-10-07 19:30:00,LBRDA
174.92,174.92,174.92,174.92,100,2021-10-07 19:35:00,LBRDA
174.93,174.97,174.87,174.92,600,2021-10-07 19:40:00,LBRDA
174.83,174.89,174.73,174.85,1267,2021-10-07 19:45:00,LBRDA
174.75,174.75,174.56,174.61,700,2021-10-07 19:50:00,LBRDA
174.55,174.61,174.11,174.38,3603,2021-10-07 19:55:00,LBRDA
174.38,174.38,174.38,174.38,5396,2021-10-07 20:00:00,LBRDA
173.16,173.16,172.94,172.94,300,2021-10-08 13:25:00,LBRDA
172.39,172.39,169.61,169.64,14580,2021-10-08 13:30:00,LBRDA
169.35,169.61,168.93,168.93,3440,2021-10-08 13:35:00,LBRDA
169.24,169.43,168.59,168.59,1300,2021-10-08 13:40:00,LBRDA
168.8,168.81,168.09,168.435,800,2021-10-08 13:45:00,LBRDA
168.42,168.6,167.77,167.77,1114,2021-10-08 13:50:00,LBRDA
168.09,168.09,167.95,168.05,500,2021-10-08 14:05:00,LBRDA
167.99,168.0,167.36,167.68,1978,2021-10-08 14:10:00,LBRDA
167.68,167.73,167.26,167.43,2486,2021-10-08 14:15:00,LBRDA
167.66,167.98,167.66,167.98,623,2021-10-08 14:20:00,LBRDA
167.96,168.4,167.83,168.03,6223,2021-10-08 14:25:00,LBRDA
167.75,168.17,167.64,168.17,4200,2021-10-08 14:30:00,LBRDA
167.98,168.0,167.62,167.62,2381,2021-10-08 14:35:00,LBRDA
167.26,167.26,167.02,167.02,400,2021-10-08 14:40:00,LBRDA
166.895,167.07,166.72,166.88,500,2021-10-08 14:45:00,LBRDA
167.17,167.17,167.17,167.17,200,2021-10-08 14:50:00,LBRDA
166.88,167.475,166.88,167.27,500,2021-10-08 15:00:00,LBRDA
167.37,167.68,167.32,167.32,1227,2021-10-08 15:05:00,LBRDA
167.39,167.39,167.36,167.36,430,2021-10-08 15:10:00,LBRDA
167.34,167.34,167.34,167.34,200,2021-10-08 15:15:00,LBRDA
167.3,167.49,167.09,167.46,1500,2021-10-08 15:25:00,LBRDA
167.45,167.525,167.4,167.44,1297,2021-10-08 15:30:00,LBRDA
167.41,167.41,167.41,167.41,100,2021-10-08 15:35:00,LBRDA
167.4,167.4,167.17,167.17,300,2021-10-08 15:45:00,LBRDA
167.14,167.15,166.81,166.81,400,2021-10-08 15:50:00,LBRDA
166.89,166.89,166.785,166.785,300,2021-10-08 15:55:00,LBRDA
166.78,166.78,166.78,166.78,100,2021-10-08 16:05:00,LBRDA
166.77,166.88,166.56,166.88,732,2021-10-08 16:10:00,LBRDA
166.775,166.775,166.775,166.775,178,2021-10-08 16:15:00,LBRDA
166.8973,166.8973,166.66,166.66,200,2021-10-08 16:20:00,LBRDA
166.68,166.71,166.61,166.61,800,2021-10-08 16:30:00,LBRDA
166.83,166.83,166.83,166.83,100,2021-10-08 16:50:00,LBRDA
166.635,166.635,166.635,166.635,100,2021-10-08 16:55:00,LBRDA
166.61,166.63,166.34,166.34,400,2021-10-08 17:00:00,LBRDA
166.65,166.65,166.43,166.43,300,2021-10-08 17:10:00,LBRDA
166.305,166.41,166.14,166.25,500,2021-10-08 17:15:00,LBRDA
166.07,166.07,166.07,166.07,100,2021-10-08 17:20:00,LBRDA
166.19,166.19,166.07,166.07,201,2021-10-08 17:25:00,LBRDA
166.02,166.08,165.94,165.94,1000,2021-10-08 17:30:00,LBRDA
166.35,166.35,166.35,166.35,100,2021-10-08 17:35:00,LBRDA
166.43,166.44,166.31,166.31,2033,2021-10-08 17:40:00,LBRDA
166.53,166.53,166.49,166.53,300,2021-10-08 17:45:00,LBRDA
166.8974,167.1,166.8974,167.1,400,2021-10-08 17:50:00,LBRDA
167.2,167.24,167.2,167.24,200,2021-10-08 17:55:00,LBRDA
167.0683,167.07,167.0683,167.07,357,2021-10-08 18:00:00,LBRDA
167.035,167.035,167.035,167.035,100,2021-10-08 18:10:00,LBRDA
167.11,167.11,167.02,167.02,494,2021-10-08 18:15:00,LBRDA
167.12,167.12,167.12,167.12,100,2021-10-08 18:20:00,LBRDA
167.09,167.1,167.02,167.02,700,2021-10-08 18:35:00,LBRDA
167.11,167.11,166.82,166.82,1100,2021-10-08 18:40:00,LBRDA
166.82,166.83,166.72,166.82,1100,2021-10-08 18:45:00,LBRDA
166.87,166.87,166.79,166.81,800,2021-10-08 18:50:00,LBRDA
166.8,166.81,166.75,166.8,600,2021-10-08 18:55:00,LBRDA
166.895,166.895,166.895,166.895,100,2021-10-08 19:00:00,LBRDA
166.87,166.89,166.65,166.65,700,2021-10-08 19:05:00,LBRDA
166.82,166.84,166.81,166.815,600,2021-10-08 19:10:00,LBRDA
166.795,166.85,166.795,166.85,300,2021-10-08 19:15:00,LBRDA
166.7382,166.7382,166.71,166.71,415,2021-10-08 19:20:00,LBRDA
166.65,166.67,166.58,166.59,4236,2021-10-08 19:25:00,LBRDA
166.58,166.58,166.535,166.56,1000,2021-10-08 19:30:00,LBRDA
166.61,166.61,166.32,166.32,4855,2021-10-08 19:35:00,LBRDA
166.21,166.34,165.75,165.84,3839,2021-10-08 19:40:00,LBRDA
165.82,166.1007,165.81,165.94,5980,2021-10-08 19:45:00,LBRDA
165.88,165.9,165.64,165.69,4988,2021-10-08 19:50:00,LBRDA
165.68,165.75,165.42,165.49,14450,2021-10-08 19:55:00,LBRDA
165.48,165.48,165.48,165.48,12796,2021-10-08 20:00:00,LBRDA
165.03,165.49,164.87,165.3,671,2021-10-11 13:30:00,LBRDA
165.29,165.29,165.29,165.29,100,2021-10-11 13:35:00,LBRDA
165.255,165.27,165.02,165.02,1000,2021-10-11 13:40:00,LBRDA
164.99,164.99,164.53,164.58,1100,2021-10-11 13:45:00,LBRDA
164.58,165.08,164.58,165.08,600,2021-10-11 13:50:00,LBRDA
165.14,165.14,165.12,165.12,200,2021-10-11 13:55:00,LBRDA
165.26,165.48,165.26,165.48,400,2021-10-11 14:05:00,LBRDA
165.61,165.61,165.3902,165.3962,700,2021-10-11 14:10:00,LBRDA
165.81,165.82,165.7093,165.7093,875,2021-10-11 14:40:00,LBRDA
165.7,165.95,165.665,165.94,4200,2021-10-11 14:45:00,LBRDA
165.93,165.93,165.92,165.92,300,2021-10-11 14:50:00,LBRDA
166.0,166.04,165.88,165.95,800,2021-10-11 14:55:00,LBRDA
165.94,166.05,165.93,166.05,700,2021-10-11 15:00:00,LBRDA
166.11,166.11,165.99,166.11,900,2021-10-11 15:05:00,LBRDA
166.13,166.13,166.1,166.1,600,2021-10-11 15:10:00,LBRDA
166.09,166.115,165.64,165.64,2200,2021-10-11 15:15:00,LBRDA
165.6,165.6,165.375,165.375,700,2021-10-11 15:20:00,LBRDA
165.16,165.16,164.825,164.825,1500,2021-10-11 15:25:00,LBRDA
164.85,165.14,164.85,165.14,2150,2021-10-11 15:30:00,LBRDA
165.07,165.41,165.07,165.38,900,2021-10-11 15:35:00,LBRDA
165.35,165.36,165.3,165.3,500,2021-10-11 15:40:00,LBRDA
165.24,165.46,165.24,165.46,700,2021-10-11 15:45:00,LBRDA
165.46,165.6,165.46,165.48,400,2021-10-11 15:50:00,LBRDA
165.48,165.48,165.48,165.48,100,2021-10-11 15:55:00,LBRDA
165.56,165.57,165.27,165.57,1200,2021-10-11 16:00:00,LBRDA
165.56,165.57,165.42,165.45,900,2021-10-11 16:05:00,LBRDA
165.48,165.48,165.47,165.48,500,2021-10-11 16:10:00,LBRDA
165.52,165.77,165.505,165.68,1200,2021-10-11 16:15:00,LBRDA
165.63,165.78,165.63,165.68,1100,2021-10-11 16:20:00,LBRDA
165.84,165.96,165.84,165.94,500,2021-10-11 16:25:00,LBRDA
166.26,166.26,166.26,166.26,100,2021-10-11 16:35:00,LBRDA
166.32,166.5,166.32,166.5,1000,2021-10-11 16:45:00,LBRDA
166.38,166.52,166.35,166.52,2130,2021-10-11 16:50:00,LBRDA
166.52,166.52,166.52,166.52,100,2021-10-11 17:00:00,LBRDA
166.36,166.36,166.04,166.04,2400,2021-10-11 17:05:00,LBRDA
166.32,166.32,166.27,166.27,200,2021-10-11 17:10:00,LBRDA
166.34,166.34,165.89,165.9,3200,2021-10-11 17:20:00,LBRDA
165.9,165.9,165.68,165.7,1400,2021-10-11 17:25:00,LBRDA
165.67,165.71,165.64,165.67,900,2021-10-11 17:30:00,LBRDA
165.53,165.53,165.53,165.53,100,2021-10-11 17:35:00,LBRDA
165.72,165.74,165.69,165.69,1000,2021-10-11 17:40:00,LBRDA
165.69,165.83,165.43,165.47,2500,2021-10-11 17:45:00,LBRDA
165.41,165.52,165.36,165.45,2600,2021-10-11 17:50:00,LBRDA
165.47,165.47,165.21,165.21,2303,2021-10-11 17:55:00,LBRDA
165.29,165.38,165.27,165.38,800,2021-10-11 18:00:00,LBRDA
165.55,165.55,165.49,165.5,700,2021-10-11 18:05:00,LBRDA
165.49,165.5,165.42,165.45,2200,2021-10-11 18:10:00,LBRDA
165.45,165.5,165.45,165.47,800,2021-10-11 18:15:00,LBRDA
165.44,165.46,165.26,165.27,700,2021-10-11 18:20:00,LBRDA
165.25,165.38,165.17,165.17,768,2021-10-11 18:25:00,LBRDA
165.25,165.25,165.22,165.22,300,2021-10-11 18:30:00,LBRDA
165.21,165.26,165.13,165.2,509,2021-10-11 18:40:00,LBRDA
165.17,165.17,164.9,164.92,2203,2021-10-11 18:45:00,LBRDA
164.89,164.92,164.715,164.715,1223,2021-10-11 18:50:00,LBRDA
164.68,164.68,164.68,164.68,100,2021-10-11 18:55:00,LBRDA
164.72,164.72,164.67,164.67,1700,2021-10-11 19:00:00,LBRDA
164.66,164.67,164.305,164.305,3100,2021-10-11 19:05:00,LBRDA
164.35,164.35,164.25,164.25,500,2021-10-11 19:10:00,LBRDA
164.24,164.24,164.12,164.2,2610,2021-10-11 19:15:00,LBRDA
164.15,164.15,164.03,164.03,6365,2021-10-11 19:20:00,LBRDA
164.03,164.1,163.93,163.98,1600,2021-10-11 19:25:00,LBRDA
163.94,164.01,163.91,163.92,700,2021-10-11 19:30:00,LBRDA
163.89,163.9,163.85,163.89,800,2021-10-11 19:35:00,LBRDA
163.8,163.8,163.58,163.61,1300,2021-10-11 19:40:00,LBRDA
163.59,163.59,163.49,163.49,500,2021-10-11 19:45:00,LBRDA
163.49,163.7,163.42,163.7,1713,2021-10-11 19:50:00,LBRDA
163.72,163.82,163.41,163.41,2248,2021-10-11 19:55:00,LBRDA
163.41,163.41,163.41,163.41,5717,2021-10-11 20:00:00,LBRDA
164.13,164.13,163.0,163.37,2110,2021-10-12 13:30:00,LBRDA
162.93,162.93,161.63,161.63,3038,2021-10-12 13:35:00,LBRDA
161.94,161.94,161.94,161.94,100,2021-10-12 13:40:00,LBRDA
161.91,161.91,161.72,161.83,730,2021-10-12 13:45:00,LBRDA
161.77,161.79,161.49,161.53,1600,2021-10-12 13:50:00,LBRDA
161.64,161.81,161.63,161.81,1800,2021-10-12 13:55:00,LBRDA
162.06,162.08,162.06,162.08,200,2021-10-12 14:00:00,LBRDA
162.26,162.595,162.26,162.595,807,2021-10-12 14:10:00,LBRDA
162.59,162.68,162.45,162.68,1600,2021-10-12 14:15:00,LBRDA
162.95,162.95,162.83,162.83,1100,2021-10-12 14:25:00,LBRDA
162.83,162.83,162.54,162.815,600,2021-10-12 14:30:00,LBRDA
162.8,162.8,162.79,162.8,427,2021-10-12 14:35:00,LBRDA
163.0,163.34,163.0,163.34,1432,2021-10-12 14:40:00,LBRDA
163.36,163.42,163.26,163.37,1335,2021-10-12 14:50:00,LBRDA
163.36,163.36,163.23,163.25,552,2021-10-12 14:55:00,LBRDA
163.43,163.53,163.27,163.45,1000,2021-10-12 15:00:00,LBRDA
163.53,163.62,163.49,163.58,900,2021-10-12 15:05:00,LBRDA
163.38,163.42,163.38,163.42,400,2021-10-12 15:10:00,LBRDA
163.56,163.56,163.49,163.49,401,2021-10-12 15:15:00,LBRDA
163.7,163.7,163.7,163.7,300,2021-10-12 15:25:00,LBRDA
163.675,163.675,163.675,163.675,100,2021-10-12 15:30:00,LBRDA
163.89,163.89,163.575,163.575,2300,2021-10-12 15:40:00,LBRDA
163.9,163.94,163.805,163.805,1500,2021-10-12 15:50:00,LBRDA
163.99,164.01,163.85,163.85,2200,2021-10-12 15:55:00,LBRDA
163.99,164.48,163.98,164.48,1000,2021-10-12 16:00:00,LBRDA
164.4,164.42,164.37,164.37,400,2021-10-12 16:05:00,LBRDA
164.37,164.37,164.33,164.33,200,2021-10-12 16:10:00,LBRDA
164.29,164.29,164.165,164.165,400,2021-10-12 16:15:00,LBRDA
164.13,164.13,164.13,164.13,100,2021-10-12 16:20:00,LBRDA
164.07,164.07,163.87,163.88,1200,2021-10-12 16:25:00,LBRDA
163.83,163.83,163.71,163.73,500,2021-10-12 16:30:00,LBRDA
163.79,163.91,163.77,163.91,900,2021-10-12 16:35:00,LBRDA
164.04,164.12,164.04,164.12,400,2021-10-12 16:40:00,LBRDA
164.11,164.17,164.0,164.01,1500,2021-10-12 16:45:00,LBRDA
163.98,163.98,163.96,163.96,200,2021-10-12 16:50:00,LBRDA
163.78,163.78,163.78,163.78,200,2021-10-12 16:55:00,LBRDA
163.69,163.88,163.69,163.79,1813,2021-10-12 17:00:00,LBRDA
163.725,163.91,163.725,163.9,300,2021-10-12 17:05:00,LBRDA
163.9,164.02,163.76,163.76,1600,2021-10-12 17:10:00,LBRDA
163.87,164.02,163.86,164.02,1452,2021-10-12 17:30:00,LBRDA
163.96,164.02,163.96,164.01,1511,2021-10-12 17:35:00,LBRDA
164.095,164.245,164.095,164.245,1202,2021-10-12 17:40:00,LBRDA
164.21,164.24,164.11,164.11,600,2021-10-12 17:45:00,LBRDA
164.0,164.0,163.79,163.91,800,2021-10-12 17:50:00,LBRDA
163.88,163.88,163.88,163.88,100,2021-10-12 17:55:00,LBRDA
163.84,163.84,163.84,163.84,100,2021-10-12 18:00:00,LBRDA
163.93,164.0,163.8,163.94,3135,2021-10-12 18:05:00,LBRDA
163.96,164.06,163.96,164.06,200,2021-10-12 18:10:00,LBRDA
164.09,164.19,164.09,164.18,900,2021-10-12 18:15:00,LBRDA
164.16,164.25,164.16,164.25,400,2021-10-12 18:20:00,LBRDA
164.2352,164.2352,164.16,164.16,772,2021-10-12 18:25:00,LBRDA
164.12,164.12,164.11,164.11,400,2021-10-12 18:30:00,LBRDA
164.05,164.05,164.04,164.04,600,2021-10-12 18:35:00,LBRDA
163.95,163.95,163.95,163.95,200,2021-10-12 18:40:00,LBRDA
163.92,163.92,163.89,163.89,1004,2021-10-12 18:45:00,LBRDA
164.03,164.03,164.0,164.0,200,2021-10-12 18:50:00,LBRDA
163.95,163.95,163.93,163.93,200,2021-10-12 18:55:00,LBRDA
163.885,163.885,163.88,163.88,200,2021-10-12 19:00:00,LBRDA
163.915,163.915,163.87,163.87,800,2021-10-12 19:10:00,LBRDA
163.79,163.79,163.62,163.66,6000,2021-10-12 19:15:00,LBRDA
163.615,163.615,163.615,163.615,100,2021-10-12 19:20:00,LBRDA
163.67,163.76,163.67,163.76,200,2021-10-12 19:25:00,LBRDA
163.83,163.83,163.71,163.77,1200,2021-10-12 19:30:00,LBRDA
163.85,163.85,163.25,163.25,3294,2021-10-12 19:35:00,LBRDA
163.25,163.33,163.16,163.24,6594,2021-10-12 19:40:00,LBRDA
163.22,163.24,162.97,162.97,1900,2021-10-12 19:45:00,LBRDA
163.01,163.01,162.88,162.91,2189,2021-10-12 19:50:00,LBRDA
163.08,163.26,162.92,163.01,3116,2021-10-12 19:55:00,LBRDA
163.19,163.19,163.19,163.19,9683,2021-10-12 20:00:00,LBRDA
162.93,162.93,162.93,162.93,444,2021-10-13 13:30:00,LBRDA
164.17,164.29,164.17,164.21,654,2021-10-13 13:35:00,LBRDA
164.32,164.32,163.79,163.79,1224,2021-10-13 13:40:00,LBRDA
163.62,163.62,163.54,163.58,500,2021-10-13 13:50:00,LBRDA
163.55,163.6,163.465,163.465,1800,2021-10-13 13:55:00,LBRDA
163.4,163.4,163.22,163.22,305,2021-10-13 14:00:00,LBRDA
163.73,163.73,163.525,163.525,301,2021-10-13 14:05:00,LBRDA
163.49,163.49,163.21,163.22,500,2021-10-13 14:10:00,LBRDA
162.9,162.9,162.83,162.89,500,2021-10-13 14:15:00,LBRDA
162.81,162.81,162.81,162.81,100,2021-10-13 14:20:00,LBRDA
162.75,162.75,162.685,162.685,400,2021-10-13 14:25:00,LBRDA
162.84,162.84,162.84,162.84,100,2021-10-13 14:30:00,LBRDA
163.17,163.17,163.17,163.17,100,2021-10-13 14:35:00,LBRDA
163.56,163.56,163.01,163.01,1701,2021-10-13 14:45:00,LBRDA
162.97,163.22,162.92,163.02,2863,2021-10-13 14:50:00,LBRDA
163.0724,163.0724,162.87,162.87,400,2021-10-13 14:55:00,LBRDA
163.21,163.215,162.97,163.16,1100,2021-10-13 15:00:00,LBRDA
163.16,163.2,163.13,163.2,1200,2021-10-13 15:05:00,LBRDA
163.47,163.47,163.47,163.47,200,2021-10-13 15:10:00,LBRDA
163.41,163.57,163.34,163.47,1300,2021-10-13 15:15:00,LBRDA
163.37,163.37,163.08,163.22,1477,2021-10-13 15:20:00,LBRDA
163.19,163.19,162.93,162.93,400,2021-10-13 15:25:00,LBRDA
162.92,162.94,162.82,162.93,501,2021-10-13 15:30:00,LBRDA
162.92,163.08,162.92,163.08,1795,2021-10-13 15:35:00,LBRDA
163.17,163.17,163.17,163.17,100,2021-10-13 15:45:00,LBRDA
163.445,163.48,163.32,163.4,1616,2021-10-13 15:50:00,LBRDA
163.4,163.4,163.4,163.4,100,2021-10-13 16:00:00,LBRDA
163.5,163.55,163.49,163.5,1000,2021-10-13 16:05:00,LBRDA
163.62,163.67,163.58,163.66,1111,2021-10-13 16:10:00,LBRDA
163.53,163.53,163.43,163.43,400,2021-10-13 16:15:00,LBRDA
163.33,163.38,163.33,163.38,200,2021-10-13 16:20:00,LBRDA
163.41,163.4268,163.39,163.42,420,2021-10-13 16:25:00,LBRDA
163.31,163.31,163.25,163.26,400,2021-10-13 16:30:00,LBRDA
163.26,163.26,163.18,163.18,300,2021-10-13 16:40:00,LBRDA
163.18,163.18,163.125,163.125,320,2021-10-13 16:45:00,LBRDA
163.11,163.11,163.1,163.1,200,2021-10-13 16:50:00,LBRDA
163.09,163.15,163.06,163.09,600,2021-10-13 17:00:00,LBRDA
163.35,163.35,163.3,163.3,400,2021-10-13 17:05:00,LBRDA
163.34,163.34,163.34,163.34,100,2021-10-13 17:10:00,LBRDA
163.34,163.34,163.34,163.34,100,2021-10-13 17:15:00,LBRDA
163.34,163.34,163.32,163.32,600,2021-10-13 17:20:00,LBRDA
163.43,163.43,163.43,163.43,100,2021-10-13 17:25:00,LBRDA
163.43,163.43,163.3,163.34,300,2021-10-13 17:30:00,LBRDA
163.52,163.52,163.52,163.52,100,2021-10-13 17:35:00,LBRDA
163.505,163.505,163.46,163.49,400,2021-10-13 17:40:00,LBRDA
163.57,163.57,163.57,163.57,100,2021-10-13 17:45:00,LBRDA
163.63,163.63,163.63,163.63,100,2021-10-13 17:55:00,LBRDA
163.83,163.83,163.745,163.75,538,2021-10-13 18:00:00,LBRDA
163.69,163.72,163.68,163.71,1500,2021-10-13 18:05:00,LBRDA
163.645,163.72,163.59,163.59,500,2021-10-13 18:20:00,LBRDA
163.54,163.65,163.54,163.54,1200,2021-10-13 18:25:00,LBRDA
163.54,163.59,163.54,163.59,500,2021-10-13 18:30:00,LBRDA
163.54,163.54,163.54,163.54,100,2021-10-13 18:35:00,LBRDA
163.68,163.68,163.51,163.51,300,2021-10-13 18:40:00,LBRDA
163.66,163.66,163.66,163.66,100,2021-10-13 18:45:00,LBRDA
163.64,163.71,163.64,163.71,300,2021-10-13 18:55:00,LBRDA
163.75,163.75,163.75,163.75,201,2021-10-13 19:00:00,LBRDA
163.74,163.82,163.735,163.735,500,2021-10-13 19:05:00,LBRDA
163.79,163.79,163.79,163.79,100,2021-10-13 19:10:00,LBRDA
163.89,163.89,163.89,163.89,137,2021-10-13 19:15:00,LBRDA
163.89,163.91,163.8,163.91,600,2021-10-13 19:20:00,LBRDA
163.89,163.89,163.89,163.89,100,2021-10-13 19:25:00,LBRDA
164.03,164.05,163.99,164.05,628,2021-10-13 19:30:00,LBRDA
164.19,164.2,164.18,164.18,840,2021-10-13 19:35:00,LBRDA
164.2,164.2,164.01,164.064,1959,2021-10-13 19:40:00,LBRDA
164.02,164.2,164.02,164.11,3772,2021-10-13 19:45:00,LBRDA
164.1,164.165,163.9,163.9,1500,2021-10-13 19:50:00,LBRDA
163.87,164.04,163.71,164.04,2400,2021-10-13 19:55:00,LBRDA
163.91,163.91,163.91,163.91,6601,2021-10-13 20:00:00,LBRDA
165.41,165.41,165.41,165.41,1201,2021-10-14 13:30:00,LBRDA
165.59,165.87,165.43,165.47,1974,2021-10-14 13:40:00,LBRDA
165.72,165.72,165.72,165.72,100,2021-10-14 13:45:00,LBRDA
165.73,165.73,165.6,165.62,800,2021-10-14 13:50:00,LBRDA
165.71,165.71,165.51,165.58,600,2021-10-14 13:55:00,LBRDA
165.99,166.16,165.88,166.12,800,2021-10-14 14:00:00,LBRDA
165.97,165.97,165.67,165.67,600,2021-10-14 14:05:00,LBRDA
165.71,165.73,165.66,165.69,500,2021-10-14 14:10:00,LBRDA
165.75,165.95,165.28,165.945,6857,2021-10-14 14:15:00,LBRDA
165.945,165.945,165.905,165.905,1100,2021-10-14 14:20:00,LBRDA
165.94,165.94,165.67,165.67,1400,2021-10-14 14:25:00,LBRDA
165.8,165.93,165.64,165.87,1512,2021-10-14 14:30:00,LBRDA
166.21,166.22,165.7687,165.7687,2389,2021-10-14 14:40:00,LBRDA
165.85,165.96,165.78,165.96,1002,2021-10-14 14:45:00,LBRDA
166.18,166.18,165.93,165.93,1003,2021-10-14 14:50:00,LBRDA
166.05,166.29,166.05,166.15,1162,2021-10-14 14:55:00,LBRDA
166.14,166.34,166.09,166.24,2593,2021-10-14 15:00:00,LBRDA
166.52,166.743,166.5,166.5,1476,2021-10-14 15:05:00,LBRDA
166.62,166.77,166.525,166.61,2100,2021-10-14 15:10:00,LBRDA
166.685,166.685,166.685,166.685,103,2021-10-14 15:15:00,LBRDA
166.81,166.81,166.63,166.73,1400,2021-10-14 15:20:00,LBRDA
166.9199,166.92,166.57,166.57,2403,2021-10-14 15:25:00,LBRDA
166.52,166.605,166.44,166.5,913,2021-10-14 15:30:00,LBRDA
166.42,166.465,166.275,166.32,3233,2021-10-14 15:35:00,LBRDA
166.44,166.47,166.07,166.07,1450,2021-10-14 15:40:00,LBRDA
166.12,166.12,166.0,166.0,331,2021-10-14 15:45:00,LBRDA
166.21,166.21,166.065,166.065,335,2021-10-14 15:55:00,LBRDA
166.155,166.155,166.11,166.11,324,2021-10-14 16:00:00,LBRDA
166.17,166.29,166.17,166.2625,745,2021-10-14 16:15:00,LBRDA
166.38,166.43,166.36,166.395,1661,2021-10-14 16:20:00,LBRDA
166.55,167.0,166.55,166.72,10300,2021-10-14 16:25:00,LBRDA
166.76,166.76,166.71,166.71,555,2021-10-14 16:30:00,LBRDA
166.88,166.89,166.88,166.89,205,2021-10-14 16:35:00,LBRDA
166.74,166.74,166.525,166.525,796,2021-10-14 16:40:00,LBRDA
166.63,166.63,166.56,166.56,200,2021-10-14 16:45:00,LBRDA
166.63,166.705,166.6225,166.705,502,2021-10-14 16:50:00,LBRDA
166.67,166.7,166.58,166.7,577,2021-10-14 16:55:00,LBRDA
166.65,166.65,166.54,166.54,800,2021-10-14 17:00:00,LBRDA
166.71,166.71,166.63,166.69,501,2021-10-14 17:05:00,LBRDA
166.655,166.655,166.655,166.655,100,2021-10-14 17:10:00,LBRDA
166.605,166.64,166.565,166.58,3238,2021-10-14 17:20:00,LBRDA
166.63,166.63,166.58,166.59,739,2021-10-14 17:25:00,LBRDA
166.59,166.63,166.56,166.585,1300,2021-10-14 17:30:00,LBRDA
166.57,166.67,166.57,166.67,800,2021-10-14 17:35:00,LBRDA
166.805,166.805,166.805,166.805,104,2021-10-14 17:40:00,LBRDA
166.775,166.775,166.775,166.775,1275,2021-10-14 17:45:00,LBRDA
166.79,166.8,166.76,166.765,1764,2021-10-14 17:50:00,LBRDA
166.86,166.86,166.77,166.825,891,2021-10-14 17:55:00,LBRDA
166.98,166.98,166.75,166.83,2232,2021-10-14 18:00:00,LBRDA
166.8,166.87,166.8,166.87,526,2021-10-14 18:05:00,LBRDA
166.795,166.795,166.74,166.74,1100,2021-10-14 18:10:00,LBRDA
166.725,166.75,166.64,166.64,1980,2021-10-14 18:15:00,LBRDA
166.61,166.61,166.61,166.61,200,2021-10-14 18:20:00,LBRDA
166.715,166.715,166.675,166.7,1900,2021-10-14 18:25:00,LBRDA
166.675,166.675,166.625,166.625,300,2021-10-14 18:30:00,LBRDA
166.58,166.665,166.58,166.665,300,2021-10-14 18:35:00,LBRDA
166.735,166.735,166.735,166.735,231,2021-10-14 18:45:00,LBRDA
166.77,166.77,166.74,166.74,600,2021-10-14 18:50:00,LBRDA
166.785,166.785,166.785,166.785,100,2021-10-14 18:55:00,LBRDA
166.71,166.8,166.67,166.73,5255,2021-10-14 19:00:00,LBRDA
166.73,166.73,166.73,166.73,300,2021-10-14 19:05:00,LBRDA
166.715,166.715,166.62,166.665,1292,2021-10-14 19:10:00,LBRDA
166.58,166.66,166.57,166.635,1400,2021-10-14 19:15:00,LBRDA
166.675,166.675,166.675,166.675,514,2021-10-14 19:20:00,LBRDA
166.65,166.65,166.65,166.65,100,2021-10-14 19:25:00,LBRDA
166.57,166.64,166.52,166.52,1200,2021-10-14 19:30:00,LBRDA
166.39,166.4,166.305,166.38,601,2021-10-14 19:35:00,LBRDA
166.22,166.29,166.21,166.29,300,2021-10-14 19:40:00,LBRDA
166.25,166.505,166.25,166.36,900,2021-10-14 19:45:00,LBRDA
166.47,166.59,166.22,166.22,3536,2021-10-14 19:50:00,LBRDA
166.36,166.41,165.99,166.0,7834,2021-10-14 19:55:00,LBRDA
166.0,166.0,166.0,166.0,15296,2021-10-14 20:00:00,LBRDA
166.23,166.23,166.23,166.23,508,2021-10-15 13:30:00,LBRDA
166.51,167.21,166.5,166.99,1960,2021-10-15 13:35:00,LBRDA
166.93,167.09,166.79,166.79,400,2021-10-15 13:40:00,LBRDA
166.89,166.97,166.62,166.77,1416,2021-10-15 13:45:00,LBRDA
166.74,166.74,166.74,166.74,100,2021-10-15 13:50:00,LBRDA
167.0,167.26,166.84,166.84,5687,2021-10-15 13:55:00,LBRDA
166.99,167.04,166.99,167.04,200,2021-10-15 14:00:00,LBRDA
167.57,167.66,167.57,167.65,800,2021-10-15 14:20:00,LBRDA
167.66,167.66,167.66,167.66,244,2021-10-15 14:25:00,LBRDA
167.86,167.95,167.8,167.83,2143,2021-10-15 14:30:00,LBRDA
167.75,167.75,167.62,167.62,903,2021-10-15 14:35:00,LBRDA
167.82,167.83,167.82,167.83,505,2021-10-15 14:45:00,LBRDA
167.83,167.83,167.8,167.83,800,2021-10-15 14:50:00,LBRDA
167.81,167.83,167.57,167.57,988,2021-10-15 14:55:00,LBRDA
167.69,167.69,167.55,167.55,460,2021-10-15 15:05:00,LBRDA
167.64,167.81,167.64,167.72,2600,2021-10-15 15:10:00,LBRDA
167.71,167.71,167.44,167.44,400,2021-10-15 15:15:00,LBRDA
167.31,167.37,167.03,167.03,500,2021-10-15 15:20:00,LBRDA
167.03,167.03,166.99,166.99,300,2021-10-15 15:25:00,LBRDA
166.82,166.88,166.72,166.72,1200,2021-10-15 15:30:00,LBRDA
166.71,166.71,166.51,166.58,1702,2021-10-15 15:45:00,LBRDA
166.22,166.22,166.01,166.07,900,2021-10-15 15:50:00,LBRDA
166.11,166.11,166.11,166.11,100,2021-10-15 15:55:00,LBRDA
166.31,166.31,166.28,166.28,300,2021-10-15 16:00:00,LBRDA
166.28,166.28,166.13,166.26,1200,2021-10-15 16:05:00,LBRDA
166.2,166.2,166.2,166.2,100,2021-10-15 16:10:00,LBRDA
166.28,166.33,166.18,166.195,1100,2021-10-15 16:20:00,LBRDA
166.19,166.19,166.13,166.13,228,2021-10-15 16:25:00,LBRDA
166.11,166.23,166.045,166.23,1300,2021-10-15 16:30:00,LBRDA
166.34,166.34,166.17,166.18,2600,2021-10-15 16:35:00,LBRDA
166.17,166.17,166.11,166.11,900,2021-10-15 16:40:00,LBRDA
166.24,166.24,166.21,166.21,259,2021-10-15 16:50:00,LBRDA
166.25,166.27,166.25,166.27,201,2021-10-15 16:55:00,LBRDA
166.21,166.21,166.21,166.21,400,2021-10-15 17:00:00,LBRDA
166.25,166.25,166.23,166.23,200,2021-10-15 17:05:00,LBRDA
166.25,166.28,166.095,166.095,2601,2021-10-15 17:10:00,LBRDA
166.09,166.15,166.09,166.15,1232,2021-10-15 17:15:00,LBRDA
166.14,166.14,166.14,166.14,300,2021-10-15 17:20:00,LBRDA
166.12,166.1501,166.12,166.1501,300,2021-10-15 17:25:00,LBRDA
166.0917,166.15,166.06,166.15,1450,2021-10-15 17:30:00,LBRDA
166.12,166.12,166.12,166.12,100,2021-10-15 17:40:00,LBRDA
166.1,166.1,166.025,166.025,300,2021-10-15 17:50:00,LBRDA
165.99,165.99,165.99,165.99,200,2021-10-15 17:55:00,LBRDA
165.97,166.07,165.97,166.02,1200,2021-10-15 18:00:00,LBRDA
166.17,166.17,166.05,166.05,955,2021-10-15 18:10:00,LBRDA
166.05,166.05,166.05,166.05,100,2021-10-15 18:15:00,LBRDA
166.05,166.05,166.02,166.02,400,2021-10-15 18:20:00,LBRDA
166.0,166.0,165.96,165.96,300,2021-10-15 18:25:00,LBRDA
165.95,165.95,165.755,165.765,1000,2021-10-15 18:30:00,LBRDA
165.73,165.76,165.64,165.64,800,2021-10-15 18:35:00,LBRDA
165.63,165.63,165.54,165.55,819,2021-10-15 18:40:00,LBRDA
165.54,165.55,165.405,165.405,1400,2021-10-15 18:45:00,LBRDA
165.37,165.55,165.33,165.48,900,2021-10-15 18:50:00,LBRDA
165.43,165.52,165.43,165.52,945,2021-10-15 18:55:00,LBRDA
165.58,165.58,165.54,165.54,1500,2021-10-15 19:00:00,LBRDA
165.54,165.54,165.53,165.53,800,2021-10-15 19:05:00,LBRDA
165.52,165.52,165.335,165.475,2911,2021-10-15 19:10:00,LBRDA
165.43,165.43,165.43,165.43,100,2021-10-15 19:15:00,LBRDA
165.44,165.5,165.44,165.48,900,2021-10-15 19:20:00,LBRDA
165.51,165.51,165.46,165.46,200,2021-10-15 19:25:00,LBRDA
165.555,165.555,165.43,165.45,1400,2021-10-15 19:30:00,LBRDA
165.39,165.46,165.34,165.46,654,2021-10-15 19:35:00,LBRDA
165.43,165.51,165.42,165.42,1500,2021-10-15 19:40:00,LBRDA
165.5,165.64,165.48,165.64,2600,2021-10-15 19:45:00,LBRDA
165.55,165.58,165.22,165.22,1200,2021-10-15 19:50:00,LBRDA
165.25,165.38,165.14,165.15,8954,2021-10-15 19:55:00,LBRDA
165.15,165.15,165.15,165.15,7896,2021-10-15 20:00:00,LBRDA
164.36,165.01,164.36,165.01,1265,2021-10-18 13:30:00,LBRDA
163.71,163.71,163.71,163.71,100,2021-10-18 13:40:00,LBRDA
163.45,163.45,163.21,163.21,610,2021-10-18 13:50:00,LBRDA
163.41,163.54,163.0,163.0,1200,2021-10-18 13:55:00,LBRDA
163.24,163.24,163.24,163.24,200,2021-10-18 14:00:00,LBRDA
163.26,163.5843,163.215,163.54,500,2021-10-18 14:05:00,LBRDA
163.9,163.9,163.68,163.68,500,2021-10-18 14:10:00,LBRDA
163.65,163.65,163.65,163.65,100,2021-10-18 14:15:00,LBRDA
163.69,163.81,163.38,163.81,900,2021-10-18 14:20:00,LBRDA
163.58,163.58,163.58,163.58,100,2021-10-18 14:25:00,LBRDA
163.56,163.6834,163.5,163.6834,500,2021-10-18 14:30:00,LBRDA
163.81,163.99,163.81,163.99,400,2021-10-18 14:35:00,LBRDA
164.05,164.18,164.05,164.18,200,2021-10-18 14:40:00,LBRDA
164.54,164.59,164.53,164.59,300,2021-10-18 14:45:00,LBRDA
164.64,164.79,164.5,164.79,500,2021-10-18 14:50:00,LBRDA
164.58,164.58,164.58,164.58,100,2021-10-18 14:55:00,LBRDA
164.62,164.78,164.62,164.78,200,2021-10-18 15:00:00,LBRDA
164.71,164.97,164.71,164.9,700,2021-10-18 15:05:00,LBRDA
164.99,165.2,164.99,165.2,500,2021-10-18 15:10:00,LBRDA
165.23,165.23,165.14,165.14,300,2021-10-18 15:25:00,LBRDA
165.0,165.26,165.0,165.26,700,2021-10-18 15:30:00,LBRDA
165.3,165.53,165.3,165.53,800,2021-10-18 15:35:00,LBRDA
165.66,165.69,165.66,165.69,200,2021-10-18 15:40:00,LBRDA
165.52,165.52,165.52,165.52,100,2021-10-18 15:45:00,LBRDA
165.56,165.58,165.55,165.55,500,2021-10-18 15:50:00,LBRDA
165.49,165.49,165.49,165.49,100,2021-10-18 15:55:00,LBRDA
165.35,165.42,165.35,165.42,200,2021-10-18 16:05:00,LBRDA
165.48,165.54,165.41,165.47,1000,2021-10-18 16:10:00,LBRDA
165.38,165.38,165.38,165.38,100,2021-10-18 16:20:00,LBRDA
165.15,165.15,165.15,165.15,100,2021-10-18 16:30:00,LBRDA
165.12,165.12,164.95,164.98,400,2021-10-18 16:35:00,LBRDA
165.05,165.05,164.99,164.99,200,2021-10-18 16:45:00,LBRDA
164.97,165.19,164.97,165.19,800,2021-10-18 16:50:00,LBRDA
165.16,165.28,165.11,165.28,561,2021-10-18 16:55:00,LBRDA
165.32,165.43,165.3,165.43,900,2021-10-18 17:00:00,LBRDA
165.28,165.28,165.28,165.28,100,2021-10-18 17:25:00,LBRDA
165.04,165.35,165.04,165.31,400,2021-10-18 17:30:00,LBRDA
165.23,165.32,165.2,165.32,400,2021-10-18 17:40:00,LBRDA
165.25,165.25,165.24,165.25,300,2021-10-18 17:55:00,LBRDA
165.18,165.32,165.18,165.32,300,2021-10-18 18:00:00,LBRDA
165.39,165.52,165.39,165.5,400,2021-10-18 18:10:00,LBRDA
165.62,165.62,165.62,165.62,100,2021-10-18 18:15:00,LBRDA
165.55,165.55,165.33,165.33,530,2021-10-18 18:20:00,LBRDA
165.2,165.26,165.2,165.26,600,2021-10-18 18:30:00,LBRDA
165.34,165.34,165.26,165.26,500,2021-10-18 18:35:00,LBRDA
165.25,165.25,165.03,165.13,700,2021-10-18 18:40:00,LBRDA
165.15,165.28,165.14,165.26,500,2021-10-18 18:50:00,LBRDA
165.35,165.35,165.19,165.19,300,2021-10-18 18:55:00,LBRDA
165.31,165.32,165.28,165.28,400,2021-10-18 19:00:00,LBRDA
165.33,165.33,165.23,165.27,900,2021-10-18 19:05:00,LBRDA
165.33,165.505,165.3,165.39,902,2021-10-18 19:10:00,LBRDA
165.44,165.44,165.44,165.44,100,2021-10-18 19:15:00,LBRDA
165.5,165.54,165.49,165.54,800,2021-10-18 19:20:00,LBRDA
165.77,165.77,165.67,165.67,200,2021-10-18 19:25:00,LBRDA
165.72,165.72,165.24,165.26,800,2021-10-18 19:30:00,LBRDA
165.3,165.43,165.27,165.43,1919,2021-10-18 19:35:00,LBRDA
165.5,165.5,165.33,165.37,1000,2021-10-18 19:40:00,LBRDA
165.63,165.66,165.44,165.52,1300,2021-10-18 19:45:00,LBRDA
165.54,165.85,165.54,165.85,1800,2021-10-18 19:50:00,LBRDA
165.82,165.82,165.66,165.71,3805,2021-10-18 19:55:00,LBRDA
165.81,165.81,165.81,165.81,15596,2021-10-18 20:00:00,LBRDA
166.92,167.52,166.23,167.35,1980,2021-10-19 13:30:00,LBRDA
167.98,168.21,167.893,168.21,400,2021-10-19 13:40:00,LBRDA
168.38,168.45,168.32,168.45,300,2021-10-19 13:45:00,LBRDA
168.47,168.63,168.4,168.56,1370,2021-10-19 13:50:00,LBRDA
168.59,169.13,168.52,169.13,1900,2021-10-19 13:55:00,LBRDA
169.05,169.16,168.9,169.16,1800,2021-10-19 14:00:00,LBRDA
169.64,170.0,169.64,169.87,500,2021-10-19 14:10:00,LBRDA
169.83,169.87,169.36,169.36,500,2021-10-19 14:15:00,LBRDA
169.25,169.42,169.25,169.4,1100,2021-10-19 14:20:00,LBRDA
169.45,169.45,169.45,169.45,100,2021-10-19 14:25:00,LBRDA
169.38,169.45,169.33,169.45,400,2021-10-19 14:30:00,LBRDA
169.62,169.62,169.29,169.29,1800,2021-10-19 14:35:00,LBRDA
169.41,169.48,169.35,169.43,1500,2021-10-19 14:40:00,LBRDA
169.67,169.67,169.47,169.47,1100,2021-10-19 14:45:00,LBRDA
169.75,169.75,169.53,169.53,912,2021-10-19 14:50:00,LBRDA
169.57,169.57,169.45,169.55,1100,2021-10-19 14:55:00,LBRDA
169.59,169.63,169.44,169.53,1100,2021-10-19 15:00:00,LBRDA
169.61,169.61,169.61,169.61,100,2021-10-19 15:05:00,LBRDA
169.94,169.94,169.8,169.8,800,2021-10-19 15:10:00,LBRDA
169.82,169.82,169.69,169.69,300,2021-10-19 15:15:00,LBRDA
169.7,169.71,169.47,169.47,500,2021-10-19 15:20:00,LBRDA
169.23,169.31,169.16,169.16,400,2021-10-19 15:25:00,LBRDA
169.35,169.35,169.23,169.23,1100,2021-10-19 15:30:00,LBRDA
169.105,169.105,169.105,169.105,100,2021-10-19 15:35:00,LBRDA
168.92,169.1,168.92,169.02,1000,2021-10-19 15:40:00,LBRDA
168.945,168.99,168.84,168.84,600,2021-10-19 15:45:00,LBRDA
168.93,168.93,168.93,168.93,384,2021-10-19 15:55:00,LBRDA
169.01,169.02,168.81,168.81,1847,2021-10-19 16:10:00,LBRDA
168.84,168.84,168.73,168.73,931,2021-10-19 16:15:00,LBRDA
168.74,168.76,168.66,168.72,1463,2021-10-19 16:25:00,LBRDA
168.97,169.2,168.96,169.2,700,2021-10-19 16:30:00,LBRDA
169.2311,169.2311,169.2311,169.2311,100,2021-10-19 16:35:00,LBRDA
169.28,169.31,169.135,169.135,500,2021-10-19 16:40:00,LBRDA
169.12,169.13,168.95,168.95,900,2021-10-19 16:50:00,LBRDA
169.07,169.07,169.01,169.01,200,2021-10-19 16:55:00,LBRDA
169.03,169.03,169.01,169.01,200,2021-10-19 17:15:00,LBRDA
169.05,169.05,168.95,169.0,845,2021-10-19 17:20:00,LBRDA
169.11,169.17,169.11,169.145,1100,2021-10-19 17:30:00,LBRDA
169.21,169.21,169.19,169.19,200,2021-10-19 17:35:00,LBRDA
169.39,169.47,169.39,169.47,400,2021-10-19 17:50:00,LBRDA
169.465,169.52,169.465,169.52,500,2021-10-19 17:55:00,LBRDA
169.58,169.58,169.505,169.505,2000,2021-10-19 18:05:00,LBRDA
169.65,169.65,169.6,169.6,510,2021-10-19 18:10:00,LBRDA
169.692,169.692,169.65,169.65,200,2021-10-19 18:15:00,LBRDA
169.8906,169.8906,169.81,169.81,710,2021-10-19 18:25:00,LBRDA
169.76,169.85,169.75,169.75,1900,2021-10-19 18:30:00,LBRDA
169.77,169.77,169.77,169.77,100,2021-10-19 18:35:00,LBRDA
169.88,170.0153,169.88,170.0153,319,2021-10-19 18:40:00,LBRDA
169.945,170.0975,169.91,169.91,1400,2021-10-19 18:45:00,LBRDA
169.95,170.015,169.94,170.015,400,2021-10-19 18:50:00,LBRDA
170.09,170.09,170.09,170.09,100,2021-10-19 18:55:00,LBRDA
170.14,170.25,170.14,170.25,239,2021-10-19 19:00:00,LBRDA
170.21,170.23,170.08,170.1,1687,2021-10-19 19:05:00,LBRDA
170.135,170.135,170.135,170.135,100,2021-10-19 19:10:00,LBRDA
170.26,170.26,170.21,170.23,400,2021-10-19 19:15:00,LBRDA
170.36,170.4,170.28,170.335,1422,2021-10-19 19:20:00,LBRDA
170.39,170.4,170.39,170.4,300,2021-10-19 19:25:00,LBRDA
170.4,170.43,170.17,170.31,3500,2021-10-19 19:30:00,LBRDA
170.31,170.32,170.12,170.12,1000,2021-10-19 19:35:00,LBRDA
170.17,170.17,170.01,170.09,1671,2021-10-19 19:40:00,LBRDA
170.12,170.18,170.06,170.07,1500,2021-10-19 19:45:00,LBRDA
170.02,170.11,169.92,169.93,900,2021-10-19 19:50:00,LBRDA
169.94,170.03,169.805,169.86,2486,2021-10-19 19:55:00,LBRDA
170.01,170.01,170.01,170.01,7633,2021-10-19 20:00:00,LBRDA
170.76,170.76,170.0,170.0,887,2021-10-20 13:30:00,LBRDA
170.98,171.15,170.57,170.83,1900,2021-10-20 13:35:00,LBRDA
170.11,170.11,170.11,170.11,100,2021-10-20 13:40:00,LBRDA
170.51,170.52,170.47,170.51,700,2021-10-20 13:45:00,LBRDA
170.95,170.96,170.93,170.96,400,2021-10-20 13:50:00,LBRDA
170.94,170.94,170.38,170.55,2700,2021-10-20 13:55:00,LBRDA
171.2604,171.44,171.2604,171.44,450,2021-10-20 14:00:00,LBRDA
171.79,171.8,171.66,171.66,500,2021-10-20 14:10:00,LBRDA
171.62,172.15,171.62,172.15,1500,2021-10-20 14:15:00,LBRDA
172.14,172.25,171.81,172.25,520,2021-10-20 14:20:00,LBRDA
172.2,172.38,172.19,172.34,700,2021-10-20 14:25:00,LBRDA
172.28,172.54,172.28,172.42,1400,2021-10-20 14:35:00,LBRDA
172.45,172.5,172.435,172.5,2700,2021-10-20 14:40:00,LBRDA
172.5,172.6,172.5,172.52,2120,2021-10-20 14:45:00,LBRDA
172.9724,172.9724,172.875,172.955,700,2021-10-20 14:50:00,LBRDA
172.935,172.935,172.795,172.795,296,2021-10-20 14:55:00,LBRDA
172.75,172.75,172.705,172.705,400,2021-10-20 15:00:00,LBRDA
172.825,172.84,172.62,172.62,1300,2021-10-20 15:05:00,LBRDA
172.61,172.74,172.6,172.67,1250,2021-10-20 15:10:00,LBRDA
172.62,172.6712,172.44,172.44,800,2021-10-20 15:15:00,LBRDA
172.39,172.39,172.33,172.33,750,2021-10-20 15:20:00,LBRDA
172.53,172.53,172.51,172.51,600,2021-10-20 15:25:00,LBRDA
172.71,172.71,172.575,172.575,600,2021-10-20 15:30:00,LBRDA
172.485,172.485,172.44,172.465,300,2021-10-20 15:35:00,LBRDA
172.795,172.795,172.79,172.79,700,2021-10-20 15:40:00,LBRDA
172.905,172.905,172.895,172.895,600,2021-10-20 15:50:00,LBRDA
172.86,172.86,172.86,172.86,100,2021-10-20 15:55:00,LBRDA
172.795,172.795,172.64,172.76,942,2021-10-20 16:00:00,LBRDA
172.88,172.91,172.86,172.87,800,2021-10-20 16:05:00,LBRDA
172.82,172.82,172.82,172.82,100,2021-10-20 16:10:00,LBRDA
172.775,172.8,172.72,172.77,700,2021-10-20 16:15:00,LBRDA
172.905,172.905,172.71,172.71,1100,2021-10-20 16:20:00,LBRDA
172.73,172.77,172.73,172.77,300,2021-10-20 16:25:00,LBRDA
172.75,173.0,172.702,173.0,421,2021-10-20 16:30:00,LBRDA
173.0,173.01,172.99,173.01,500,2021-10-20 16:35:00,LBRDA
173.03,173.04,173.03,173.04,300,2021-10-20 16:40:00,LBRDA
173.08,173.09,173.0235,173.0235,500,2021-10-20 16:45:00,LBRDA
173.29,173.29,173.29,173.29,100,2021-10-20 16:55:00,LBRDA
173.22,173.285,173.22,173.27,800,2021-10-20 17:00:00,LBRDA
173.22,173.25,173.18,173.18,900,2021-10-20 17:05:00,LBRDA
173.09,173.09,173.04,173.04,200,2021-10-20 17:10:00,LBRDA
173.04,173.04,173.04,173.04,100,2021-10-20 17:15:00,LBRDA
172.77,172.77,172.59,172.63,599,2021-10-20 17:20:00,LBRDA
172.79,172.79,172.79,172.79,198,2021-10-20 17:25:00,LBRDA
173.03,173.03,173.0,173.015,24870,2021-10-20 17:35:00,LBRDA
173.01,173.05,172.995,173.0,3595,2021-10-20 17:40:00,LBRDA
173.04,173.04,172.9,172.9,600,2021-10-20 17:45:00,LBRDA
172.9,172.905,172.9,172.905,1104,2021-10-20 17:50:00,LBRDA
172.83,172.83,172.63,172.63,400,2021-10-20 17:55:00,LBRDA
172.59,172.59,172.41,172.41,700,2021-10-20 18:00:00,LBRDA
172.415,172.4814,172.415,172.425,1101,2021-10-20 18:05:00,LBRDA
172.36,172.36,172.14,172.19,1000,2021-10-20 18:10:00,LBRDA
172.28,172.28,172.21,172.21,700,2021-10-20 18:15:00,LBRDA
172.27,172.27,172.09,172.09,906,2021-10-20 18:20:00,LBRDA
172.09,172.09,172.0,172.08,800,2021-10-20 18:25:00,LBRDA
172.035,172.05,171.96,172.035,1122,2021-10-20 18:30:00,LBRDA
172.14,172.2724,172.14,172.2724,200,2021-10-20 18:35:00,LBRDA
172.61,172.61,172.57,172.57,396,2021-10-20 18:45:00,LBRDA
172.56,172.56,172.51,172.51,200,2021-10-20 18:50:00,LBRDA
172.5,172.66,172.5,172.65,580,2021-10-20 18:55:00,LBRDA
172.59,172.61,172.59,172.6,600,2021-10-20 19:00:00,LBRDA
172.75,172.75,172.58,172.58,864,2021-10-20 19:05:00,LBRDA
172.56,172.67,172.56,172.59,800,2021-10-20 19:10:00,LBRDA
172.61,172.63,172.6,172.63,300,2021-10-20 19:15:00,LBRDA
172.53,172.58,172.53,172.56,400,2021-10-20 19:20:00,LBRDA
172.73,172.74,172.66,172.72,824,2021-10-20 19:25:00,LBRDA
172.73,172.93,172.68,172.91,3498,2021-10-20 19:30:00,LBRDA
172.9,173.0,172.82,172.86,3020,2021-10-20 19:35:00,LBRDA
172.79,172.91,172.79,172.9,1600,2021-10-20 19:40:00,LBRDA
172.9,172.94,172.86,172.91,1800,2021-10-20 19:45:00,LBRDA
173.0,173.01,172.75,172.86,2300,2021-10-20 19:50:00,LBRDA
172.77,172.77,172.42,172.73,4400,2021-10-20 19:55:00,LBRDA
172.6,172.6,172.6,172.6,7488,2021-10-20 20:00:00,LBRDA
172.39,173.1,172.28,173.1,1622,2021-10-21 13:30:00,LBRDA
172.87,172.99,172.77,172.99,600,2021-10-21 13:35:00,LBRDA
172.8734,172.89,172.86,172.89,400,2021-10-21 13:40:00,LBRDA
172.77,172.77,172.49,172.56,700,2021-10-21 13:45:00,LBRDA
172.35,172.35,172.32,172.32,300,2021-10-21 13:50:00,LBRDA
172.42,172.42,172.175,172.175,500,2021-10-21 13:55:00,LBRDA
172.17,172.17,172.11,172.11,600,2021-10-21 14:00:00,LBRDA
172.05,172.05,172.05,172.05,100,2021-10-21 14:05:00,LBRDA
172.06,172.06,172.06,172.06,100,2021-10-21 14:10:00,LBRDA
171.98,171.98,171.92,171.92,400,2021-10-21 14:15:00,LBRDA
172.67,172.76,172.67,172.76,300,2021-10-21 14:30:00,LBRDA
173.54,173.56,173.47,173.47,1690,2021-10-21 15:10:00,LBRDA
173.65,173.78,173.65,173.77,900,2021-10-21 15:15:00,LBRDA
173.76,173.81,173.74,173.81,900,2021-10-21 15:20:00,LBRDA
174.025,174.025,173.94,173.94,412,2021-10-21 15:25:00,LBRDA
174.05,174.05,173.88,173.88,422,2021-10-21 15:30:00,LBRDA
173.77,173.77,173.61,173.61,608,2021-10-21 15:35:00,LBRDA
173.64,173.64,173.52,173.52,300,2021-10-21 15:40:00,LBRDA
173.54,173.54,173.54,173.54,100,2021-10-21 15:45:00,LBRDA
174.33,174.5,174.165,174.18,3556,2021-10-21 16:10:00,LBRDA
174.25,174.25,174.25,174.25,200,2021-10-21 16:15:00,LBRDA
174.24,174.24,174.24,174.24,201,2021-10-21 16:20:00,LBRDA
174.205,174.38,174.205,174.345,1500,2021-10-21 16:25:00,LBRDA
174.38,174.38,174.38,174.38,300,2021-10-21 16:30:00,LBRDA
174.365,174.52,174.365,174.52,600,2021-10-21 16:35:00,LBRDA
174.5,174.5,174.33,174.33,400,2021-10-21 16:40:00,LBRDA
174.38,174.415,174.255,174.255,300,2021-10-21 16:45:00,LBRDA
174.13,174.13,174.13,174.13,100,2021-10-21 16:50:00,LBRDA
174.145,174.145,174.145,174.145,100,2021-10-21 16:55:00,LBRDA
174.13,174.14,173.97,173.97,1500,2021-10-21 17:00:00,LBRDA
174.0,174.0,173.91,173.92,1300,2021-10-21 17:05:00,LBRDA
173.84,173.84,173.72,173.745,2375,2021-10-21 17:10:00,LBRDA
174.02,174.02,174.02,174.02,100,2021-10-21 17:15:00,LBRDA
174.0,174.0,173.94,173.94,1085,2021-10-21 17:20:00,LBRDA
174.02,174.06,173.985,174.06,780,2021-10-21 17:25:00,LBRDA
174.1,174.1,174.1,174.1,310,2021-10-21 17:30:00,LBRDA
174.095,174.11,174.095,174.11,400,2021-10-21 17:35:00,LBRDA
173.9121,173.9121,173.9121,173.9121,600,2021-10-21 17:40:00,LBRDA
173.83,173.83,173.83,173.83,201,2021-10-21 17:45:00,LBRDA
173.81,173.83,173.7175,173.74,1600,2021-10-21 17:50:00,LBRDA
173.805,173.805,173.72,173.72,702,2021-10-21 18:00:00,LBRDA
173.71,173.71,173.66,173.66,536,2021-10-21 18:05:00,LBRDA
173.63,173.64,173.58,173.58,300,2021-10-21 18:10:00,LBRDA
173.58,173.58,173.56,173.565,900,2021-10-21 18:20:00,LBRDA
173.555,173.555,173.53,173.53,400,2021-10-21 18:25:00,LBRDA
173.51,173.51,173.45,173.45,500,2021-10-21 18:30:00,LBRDA
173.43,173.43,173.43,173.43,300,2021-10-21 18:35:00,LBRDA
173.41,173.41,173.34,173.34,300,2021-10-21 18:40:00,LBRDA
173.32,173.34,173.32,173.34,600,2021-10-21 18:45:00,LBRDA
173.38,173.52,173.36,173.52,498,2021-10-21 18:50:00,LBRDA
173.5,173.52,173.42,173.43,1492,2021-10-21 18:55:00,LBRDA
173.41,173.4132,173.33,173.4,1178,2021-10-21 19:00:00,LBRDA
173.4,173.4,173.19,173.2,2816,2021-10-21 19:05:00,LBRDA
173.25,173.25,173.25,173.25,1249,2021-10-21 19:10:00,LBRDA
173.25,173.25,173.2,173.2,1100,2021-10-21 19:15:00,LBRDA
173.21,173.25,173.21,173.25,600,2021-10-21 19:20:00,LBRDA
173.25,173.31,173.25,173.31,400,2021-10-21 19:25:00,LBRDA
173.31,173.31,173.31,173.31,300,2021-10-21 19:30:00,LBRDA
173.005,173.005,173.005,173.005,112,2021-10-21 19:35:00,LBRDA
172.86,172.87,172.58,172.65,400,2021-10-21 19:40:00,LBRDA
172.58,172.58,172.26,172.27,3114,2021-10-21 19:45:00,LBRDA
172.4,172.59,172.4,172.59,400,2021-10-21 19:50:00,LBRDA
172.68,172.74,172.62,172.62,1250,2021-10-21 19:55:00,LBRDA
172.82,172.82,172.82,172.82,6636,2021-10-21 20:00:00,LBRDA
172.77,172.77,172.77,172.77,250,2021-10-22 13:30:00,LBRDA
172.56,172.65,172.56,172.57,900,2021-10-22 13:35:00,LBRDA
172.17,172.17,172.17,172.17,100,2021-10-22 13:40:00,LBRDA
171.79,171.79,171.79,171.79,100,2021-10-22 13:45:00,LBRDA
172.13,172.13,172.13,172.13,700,2021-10-22 13:50:00,LBRDA
172.49,172.49,172.49,172.49,100,2021-10-22 13:55:00,LBRDA
172.58,173.11,172.57,173.11,3100,2021-10-22 14:10:00,LBRDA
173.09,173.22,173.09,173.12,800,2021-10-22 14:15:00,LBRDA
173.24,173.3,173.24,173.3,400,2021-10-22 14:20:00,LBRDA
173.43,173.43,173.43,173.43,300,2021-10-22 14:25:00,LBRDA
173.33,173.33,173.33,173.33,200,2021-10-22 14:30:00,LBRDA
173.33,173.42,173.32,173.32,1000,2021-10-22 14:35:00,LBRDA
173.52,173.64,173.52,173.64,300,2021-10-22 14:40:00,LBRDA
173.6498,173.92,173.635,173.87,1700,2021-10-22 14:45:00,LBRDA
173.9,174.18,173.9,174.045,2021,2021-10-22 14:50:00,LBRDA
174.01,174.03,173.845,173.845,411,2021-10-22 14:55:00,LBRDA
173.805,173.805,173.8,173.8,200,2021-10-22 15:00:00,LBRDA
173.82,173.82,173.815,173.815,200,2021-10-22 15:05:00,LBRDA
173.8,173.8,173.52,173.61,899,2021-10-22 15:10:00,LBRDA
173.67,173.67,173.57,173.57,600,2021-10-22 15:15:00,LBRDA
173.58,173.58,173.2,173.2,1400,2021-10-22 15:20:00,LBRDA
173.27,173.33,173.195,173.315,800,2021-10-22 15:25:00,LBRDA
173.34,173.34,173.19,173.205,1000,2021-10-22 15:30:00,LBRDA
173.085,173.085,172.775,172.82,1310,2021-10-22 15:35:00,LBRDA
172.64,172.64,172.41,172.41,2050,2021-10-22 15:40:00,LBRDA
172.25,172.36,172.25,172.32,778,2021-10-22 15:45:00,LBRDA
172.31,172.47,172.31,172.35,1400,2021-10-22 15:50:00,LBRDA
172.46,172.69,172.41,172.69,627,2021-10-22 15:55:00,LBRDA
172.58,172.59,172.47,172.49,1918,2021-10-22 16:00:00,LBRDA
172.5,172.51,172.49,172.505,777,2021-10-22 16:05:00,LBRDA
172.46,172.48,172.34,172.46,1220,2021-10-22 16:10:00,LBRDA
172.63,172.76,172.575,172.76,430,2021-10-22 16:15:00,LBRDA
172.75,172.75,172.75,172.75,100,2021-10-22 16:20:00,LBRDA
172.74,172.75,172.74,172.75,1600,2021-10-22 16:25:00,LBRDA
172.76,172.8,172.75,172.79,1356,2021-10-22 16:30:00,LBRDA
172.89,172.92,172.88,172.92,1000,2021-10-22 16:35:00,LBRDA
172.9,172.91,172.79,172.91,1300,2021-10-22 16:40:00,LBRDA
173.25,173.25,173.25,173.25,300,2021-10-22 16:45:00,LBRDA
173.23,173.23,173.23,173.23,241,2021-10-22 16:50:00,LBRDA
173.2,173.2,173.2,173.2,300,2021-10-22 16:55:00,LBRDA
173.09,173.09,173.09,173.09,170,2021-10-22 17:00:00,LBRDA
173.0725,173.12,173.0725,173.085,593,2021-10-22 17:05:00,LBRDA
172.99,172.99,172.99,172.99,100,2021-10-22 17:10:00,LBRDA
172.93,173.05,172.93,173.05,1300,2021-10-22 17:15:00,LBRDA
173.07,173.1,173.07,173.07,1100,2021-10-22 17:25:00,LBRDA
173.02,173.06,172.965,173.06,1300,2021-10-22 17:30:00,LBRDA
173.16,173.2,173.16,173.16,600,2021-10-22 17:35:00,LBRDA
173.2,173.3,173.2,173.2,2612,2021-10-22 17:40:00,LBRDA
173.16,173.24,173.15,173.24,1000,2021-10-22 17:45:00,LBRDA
173.22,173.42,173.22,173.42,300,2021-10-22 17:50:00,LBRDA
173.35,173.35,173.22,173.27,608,2021-10-22 17:55:00,LBRDA
173.3,173.34,173.3,173.34,501,2021-10-22 18:00:00,LBRDA
173.59,173.59,173.59,173.59,200,2021-10-22 18:10:00,LBRDA
173.595,173.595,173.52,173.57,2000,2021-10-22 18:15:00,LBRDA
173.59,173.6,173.58,173.6,500,2021-10-22 18:20:00,LBRDA
173.75,173.75,173.75,173.75,200,2021-10-22 18:25:00,LBRDA
173.75,173.78,173.74,173.765,1800,2021-10-22 18:30:00,LBRDA
173.775,173.795,173.73,173.73,900,2021-10-22 18:35:00,LBRDA
173.69,173.69,173.65,173.68,1000,2021-10-22 18:40:00,LBRDA
173.66,173.75,173.66,173.73,400,2021-10-22 18:45:00,LBRDA
173.71,173.815,173.71,173.8,900,2021-10-22 18:50:00,LBRDA
173.77,173.77,173.65,173.68,1123,2021-10-22 19:00:00,LBRDA
173.74,173.74,173.67,173.68,800,2021-10-22 19:10:00,LBRDA
173.69,173.72,173.61,173.62,1866,2021-10-22 19:15:00,LBRDA
173.59,173.59,173.56,173.57,400,2021-10-22 19:20:00,LBRDA
173.78,173.83,173.66,173.76,3123,2021-10-22 19:25:00,LBRDA
173.86,173.86,173.78,173.79,2600,2021-10-22 19:30:00,LBRDA
173.76,173.8,173.58,173.58,1200,2021-10-22 19:35:00,LBRDA
173.45,173.62,173.45,173.47,1000,2021-10-22 19:40:00,LBRDA
173.3,173.36,173.11,173.17,800,2021-10-22 19:45:00,LBRDA
173.15,173.26,173.13,173.21,1219,2021-10-22 19:50:00,LBRDA
173.05,173.26,172.925,173.13,3765,2021-10-22 19:55:00,LBRDA
173.2,173.2,173.2,173.2,9414,2021-10-22 20:00:00,LBRDA
174.0,174.0,172.68,172.99,1678,2021-10-25 13:30:00,LBRDA
172.31,172.32,172.31,172.32,400,2021-10-25 13:35:00,LBRDA
172.19,172.33,172.19,172.33,300,2021-10-25 13:40:00,LBRDA
172.27,172.27,172.1,172.2,900,2021-10-25 13:45:00,LBRDA
172.26,172.32,172.2,172.32,800,2021-10-25 13:50:00,LBRDA
172.36,172.36,172.32,172.32,689,2021-10-25 13:55:00,LBRDA
172.09,172.39,172.08,172.39,1431,2021-10-25 14:00:00,LBRDA
172.29,172.29,172.17,172.18,600,2021-10-25 14:10:00,LBRDA
172.18,172.18,172.1,172.1,600,2021-10-25 14:15:00,LBRDA
172.1,172.13,171.9,171.9,1200,2021-10-25 14:20:00,LBRDA
171.86,171.9,171.79,171.79,400,2021-10-25 14:25:00,LBRDA
171.79,171.81,171.79,171.81,200,2021-10-25 14:30:00,LBRDA
171.81,171.93,171.76,171.93,600,2021-10-25 14:35:00,LBRDA
171.96,172.0,171.94,172.0,746,2021-10-25 14:40:00,LBRDA
172.13,172.3,172.13,172.3,792,2021-10-25 14:50:00,LBRDA
172.38,172.38,172.37,172.37,366,2021-10-25 14:55:00,LBRDA
172.37,172.45,172.33,172.45,601,2021-10-25 15:00:00,LBRDA
172.485,172.55,172.485,172.52,800,2021-10-25 15:05:00,LBRDA
172.52,172.52,172.465,172.465,600,2021-10-25 15:10:00,LBRDA
172.45,172.45,172.16,172.16,1300,2021-10-25 15:15:00,LBRDA
172.16,172.16,171.97,172.0,700,2021-10-25 15:20:00,LBRDA
171.83,171.83,171.57,171.58,800,2021-10-25 15:25:00,LBRDA
171.61,171.61,171.57,171.57,400,2021-10-25 15:30:00,LBRDA
171.64,171.67,171.17,171.21,2400,2021-10-25 15:35:00,LBRDA
171.28,171.51,171.28,171.51,300,2021-10-25 15:40:00,LBRDA
171.71,171.71,171.63,171.63,200,2021-10-25 15:50:00,LBRDA
171.81,172.0,171.79,172.0,936,2021-10-25 15:55:00,LBRDA
172.28,172.38,172.26,172.38,500,2021-10-25 16:05:00,LBRDA
172.35,172.35,172.35,172.35,100,2021-10-25 16:10:00,LBRDA
172.32,172.35,172.22,172.31,2000,2021-10-25 16:15:00,LBRDA
172.3,172.3,172.3,172.3,100,2021-10-25 16:20:00,LBRDA
172.27,172.31,172.13,172.13,1620,2021-10-25 16:25:00,LBRDA
172.03,172.22,171.93,172.09,2585,2021-10-25 16:30:00,LBRDA
172.11,172.18,171.94,171.99,3100,2021-10-25 16:35:00,LBRDA
172.08,172.08,171.83,171.83,600,2021-10-25 16:40:00,LBRDA
171.83,172.03,171.79,172.03,1915,2021-10-25 16:45:00,LBRDA
172.32,172.34,172.25,172.25,400,2021-10-25 16:50:00,LBRDA
172.2,172.27,172.07,172.16,2112,2021-10-25 16:55:00,LBRDA
172.1,172.215,171.9,171.98,2200,2021-10-25 17:00:00,LBRDA
172.11,172.11,172.07,172.07,400,2021-10-25 17:05:00,LBRDA
172.23,172.23,172.23,172.23,100,2021-10-25 17:10:00,LBRDA
172.26,172.33,172.25,172.28,3199,2021-10-25 17:15:00,LBRDA
172.41,172.41,172.36,172.36,357,2021-10-25 17:20:00,LBRDA
172.59,172.59,172.37,172.37,1493,2021-10-25 17:25:00,LBRDA
172.39,172.41,172.17,172.175,3910,2021-10-25 17:30:00,LBRDA
172.39,172.39,172.17,172.17,1500,2021-10-25 17:40:00,LBRDA
172.2,172.2,172.2,172.2,100,2021-10-25 17:45:00,LBRDA
172.07,172.2,172.07,172.17,1300,2021-10-25 17:50:00,LBRDA
172.16,172.16,172.12,172.16,800,2021-10-25 17:55:00,LBRDA
172.13,172.15,172.13,172.15,200,2021-10-25 18:00:00,LBRDA
172.19,172.19,172.16,172.16,200,2021-10-25 18:10:00,LBRDA
172.3,172.32,172.17,172.29,6100,2021-10-25 18:15:00,LBRDA
172.24,172.33,172.24,172.28,1200,2021-10-25 18:20:00,LBRDA
172.52,172.52,172.49,172.49,500,2021-10-25 18:25:00,LBRDA
172.6,172.6,172.6,172.6,217,2021-10-25 18:30:00,LBRDA
172.59,172.63,172.51,172.58,1600,2021-10-25 18:35:00,LBRDA
172.59,172.6,172.41,172.41,935,2021-10-25 18:40:00,LBRDA
172.39,172.39,172.28,172.38,1100,2021-10-25 18:45:00,LBRDA
172.37,172.38,172.2,172.22,2800,2021-10-25 18:50:00,LBRDA
172.21,172.22,172.1,172.12,1700,2021-10-25 18:55:00,LBRDA
172.07,172.15,172.06,172.13,800,2021-10-25 19:00:00,LBRDA
172.13,172.158,172.1,172.12,1633,2021-10-25 19:05:00,LBRDA
172.22,172.22,172.22,172.22,100,2021-10-25 19:15:00,LBRDA
172.3,172.31,172.3,172.31,600,2021-10-25 19:20:00,LBRDA
172.335,172.39,172.33,172.33,800,2021-10-25 19:25:00,LBRDA
172.305,172.42,172.29,172.42,2400,2021-10-25 19:30:00,LBRDA
172.48,172.54,172.48,172.54,1108,2021-10-25 19:35:00,LBRDA
172.58,172.72,172.58,172.72,1288,2021-10-25 19:40:00,LBRDA
172.705,172.705,172.51,172.58,1200,2021-10-25 19:45:00,LBRDA
172.67,172.7,172.41,172.41,1400,2021-10-25 19:50:00,LBRDA
172.43,172.57,172.33,172.33,4900,2021-10-25 19:55:00,LBRDA
172.55,172.55,172.55,172.55,5494,2021-10-25 20:00:00,LBRDA
173.48,173.48,172.63,173.38,1526,2021-10-26 13:30:00,LBRDA
173.5179,173.5179,173.235,173.235,675,2021-10-26 13:35:00,LBRDA
173.14,173.23,172.79,172.86,715,2021-10-26 13:40:00,LBRDA
172.78,172.8,172.58,172.8,573,2021-10-26 13:45:00,LBRDA
173.03,173.03,173.03,173.03,200,2021-10-26 13:50:00,LBRDA
173.3,173.59,173.3,173.59,229,2021-10-26 13:55:00,LBRDA
173.4,173.64,173.38,173.64,900,2021-10-26 14:00:00,LBRDA
173.52,173.52,173.52,173.52,100,2021-10-26 14:05:00,LBRDA
173.63,173.78,173.63,173.75,1105,2021-10-26 14:10:00,LBRDA
173.9,173.9,173.9,173.9,101,2021-10-26 14:15:00,LBRDA
173.81,173.85,173.81,173.85,305,2021-10-26 14:20:00,LBRDA
173.72,173.72,173.72,173.72,111,2021-10-26 14:25:00,LBRDA
173.61,173.61,173.56,173.575,500,2021-10-26 14:30:00,LBRDA
173.54,173.54,173.46,173.46,301,2021-10-26 14:35:00,LBRDA
173.44,173.46,173.44,173.46,200,2021-10-26 14:40:00,LBRDA
173.24,173.24,173.13,173.13,343,2021-10-26 14:45:00,LBRDA
173.3,173.3,173.26,173.26,211,2021-10-26 14:50:00,LBRDA
173.29,173.29,173.29,173.29,109,2021-10-26 14:55:00,LBRDA
173.54,173.66,173.54,173.64,902,2021-10-26 15:00:00,LBRDA
173.59,173.59,173.59,173.59,200,2021-10-26 15:05:00,LBRDA
173.53,173.53,173.37,173.37,300,2021-10-26 15:10:00,LBRDA
173.27,173.27,173.18,173.18,400,2021-10-26 15:15:00,LBRDA
173.48,173.48,173.47,173.48,300,2021-10-26 15:20:00,LBRDA
173.48,173.48,173.48,173.48,200,2021-10-26 15:25:00,LBRDA
173.63,173.63,173.62,173.63,506,2021-10-26 15:30:00,LBRDA
173.57,173.57,173.57,173.57,100,2021-10-26 15:35:00,LBRDA
173.47,173.47,173.29,173.29,300,2021-10-26 15:50:00,LBRDA
173.26,173.27,173.17,173.17,400,2021-10-26 15:55:00,LBRDA
173.17,173.24,173.17,173.24,903,2021-10-26 16:00:00,LBRDA
173.24,173.24,173.24,173.24,200,2021-10-26 16:05:00,LBRDA
173.3,173.3,173.3,173.3,100,2021-10-26 16:10:00,LBRDA
173.57,173.57,173.53,173.55,900,2021-10-26 16:25:00,LBRDA
173.57,173.57,173.345,173.36,800,2021-10-26 16:30:00,LBRDA
173.32,173.32,173.28,173.28,300,2021-10-26 16:35:00,LBRDA
173.36,173.36,173.34,173.36,796,2021-10-26 16:40:00,LBRDA
173.27,173.27,173.23,173.25,1319,2021-10-26 16:45:00,LBRDA
173.28,173.28,173.26,173.275,419,2021-10-26 16:50:00,LBRDA
173.26,173.28,173.25,173.25,1800,2021-10-26 16:55:00,LBRDA
173.21,173.21,173.21,173.21,100,2021-10-26 17:00:00,LBRDA
173.01,173.01,173.0,173.0,200,2021-10-26 17:05:00,LBRDA
172.79,172.79,172.79,172.79,100,2021-10-26 17:10:00,LBRDA
172.84,172.85,172.84,172.85,200,2021-10-26 17:15:00,LBRDA
173.02,173.02,172.97,172.97,300,2021-10-26 17:20:00,LBRDA
172.93,173.0,172.93,173.0,1100,2021-10-26 17:25:00,LBRDA
172.99,172.99,172.97,172.97,400,2021-10-26 17:30:00,LBRDA
172.8,172.8,172.79,172.79,200,2021-10-26 17:35:00,LBRDA
172.75,172.83,172.75,172.83,800,2021-10-26 17:40:00,LBRDA
172.81,172.82,172.78,172.8,600,2021-10-26 17:45:00,LBRDA
172.8,172.81,172.665,172.665,1013,2021-10-26 17:50:00,LBRDA
172.65,172.66,172.57,172.58,800,2021-10-26 17:55:00,LBRDA
172.49,172.49,172.49,172.49,100,2021-10-26 18:00:00,LBRDA
172.36,172.36,172.26,172.26,200,2021-10-26 18:05:00,LBRDA
172.26,172.26,172.26,172.26,107,2021-10-26 18:10:00,LBRDA
172.25,172.27,172.035,172.035,1300,2021-10-26 18:15:00,LBRDA
172.01,172.02,171.85,171.85,700,2021-10-26 18:20:00,LBRDA
171.77,171.83,171.72,171.72,600,2021-10-26 18:25:00,LBRDA
171.75,172.03,171.75,172.01,1100,2021-10-26 18:30:00,LBRDA
172.0,172.03,171.93,172.01,600,2021-10-26 18:35:00,LBRDA
172.01,172.01,171.98,171.98,500,2021-10-26 18:40:00,LBRDA
172.05,172.18,172.05,172.18,510,2021-10-26 18:50:00,LBRDA
172.26,172.26,172.25,172.25,200,2021-10-26 18:55:00,LBRDA
172.33,172.33,172.32,172.32,200,2021-10-26 19:00:00,LBRDA
172.35,172.35,172.34,172.34,410,2021-10-26 19:05:00,LBRDA
172.3,172.445,172.3,172.445,1389,2021-10-26 19:10:00,LBRDA
172.41,172.6,172.36,172.6,3000,2021-10-26 19:15:00,LBRDA
172.8,172.94,172.8,172.89,1500,2021-10-26 19:20:00,LBRDA
172.92,172.92,172.635,172.635,1100,2021-10-26 19:25:00,LBRDA
172.68,172.83,172.54,172.82,1400,2021-10-26 19:30:00,LBRDA
172.68,172.94,172.68,172.91,700,2021-10-26 19:35:00,LBRDA
173.0,173.0,172.89,172.94,1177,2021-10-26 19:40:00,LBRDA
172.925,173.04,172.88,172.88,1000,2021-10-26 19:45:00,LBRDA
172.69,172.69,172.39,172.53,900,2021-10-26 19:50:00,LBRDA
172.57,172.57,172.12,172.12,3561,2021-10-26 19:55:00,LBRDA
172.12,172.12,172.12,172.12,7471,2021-10-26 20:00:00,LBRDA
171.72,171.72,171.72,171.72,415,2021-10-27 13:30:00,LBRDA
171.51,171.82,171.47,171.82,400,2021-10-27 13:35:00,LBRDA
171.87,172.0,171.21,171.21,2100,2021-10-27 13:40:00,LBRDA
171.23,171.23,171.18,171.18,300,2021-10-27 13:45:00,LBRDA
171.0,171.25,171.0,171.25,200,2021-10-27 13:50:00,LBRDA
171.12,171.12,170.91,171.05,500,2021-10-27 13:55:00,LBRDA
171.3,171.3,171.04,171.09,400,2021-10-27 14:00:00,LBRDA
171.17,171.23,171.17,171.18,300,2021-10-27 14:10:00,LBRDA
171.15,171.15,171.03,171.13,700,2021-10-27 14:15:00,LBRDA
171.16,171.16,171.16,171.16,102,2021-10-27 14:20:00,LBRDA
171.46,171.46,171.46,171.46,100,2021-10-27 14:30:00,LBRDA
171.79,171.79,171.79,171.79,300,2021-10-27 14:35:00,LBRDA
171.76,171.79,171.76,171.79,600,2021-10-27 14:40:00,LBRDA
171.87,171.87,171.87,171.87,100,2021-10-27 14:45:00,LBRDA
171.75,171.75,171.56,171.6,1375,2021-10-27 14:50:00,LBRDA
171.58,171.58,171.56,171.56,600,2021-10-27 14:55:00,LBRDA
171.55,171.62,171.42,171.42,1400,2021-10-27 15:00:00,LBRDA
171.41,171.41,171.17,171.17,323,2021-10-27 15:05:00,LBRDA
171.07,171.07,171.07,171.07,200,2021-10-27 15:10:00,LBRDA
171.05,171.21,171.05,171.21,200,2021-10-27 15:15:00,LBRDA
171.08,171.16,171.08,171.16,600,2021-10-27 15:20:00,LBRDA
171.2,171.2,171.18,171.18,900,2021-10-27 15:25:00,LBRDA
171.18,171.22,171.18,171.22,400,2021-10-27 15:30:00,LBRDA
171.4869,171.4869,171.4869,171.4869,183,2021-10-27 15:40:00,LBRDA
171.7,171.7,171.7,171.7,200,2021-10-27 15:45:00,LBRDA
171.88,171.88,171.79,171.79,1400,2021-10-27 15:50:00,LBRDA
171.77,171.84,171.77,171.84,400,2021-10-27 15:55:00,LBRDA
171.87,171.87,171.87,171.87,100,2021-10-27 16:00:00,LBRDA
171.86,171.86,171.84,171.84,700,2021-10-27 16:05:00,LBRDA
171.74,171.74,171.73,171.73,200,2021-10-27 16:10:00,LBRDA
171.83,171.83,171.78,171.79,600,2021-10-27 16:15:00,LBRDA
171.82,171.86,171.82,171.86,379,2021-10-27 16:25:00,LBRDA
171.81,171.87,171.62,171.62,1100,2021-10-27 16:30:00,LBRDA
171.6,171.6,171.6,171.6,100,2021-10-27 16:35:00,LBRDA
171.67,171.67,171.46,171.46,682,2021-10-27 16:40:00,LBRDA
171.46,171.46,171.33,171.33,300,2021-10-27 16:50:00,LBRDA
171.21,171.34,171.21,171.34,500,2021-10-27 16:55:00,LBRDA
171.33,171.33,171.33,171.33,300,2021-10-27 17:00:00,LBRDA
171.35,171.36,171.29,171.29,1100,2021-10-27 17:05:00,LBRDA
171.26,171.26,171.25,171.25,600,2021-10-27 17:10:00,LBRDA
171.14,171.14,170.98,170.98,200,2021-10-27 17:15:00,LBRDA
171.09,171.12,171.07,171.07,800,2021-10-27 17:20:00,LBRDA
171.2,171.2,171.11,171.11,500,2021-10-27 17:25:00,LBRDA
171.23,171.23,171.09,171.09,300,2021-10-27 17:30:00,LBRDA
171.07,171.09,170.96,170.96,600,2021-10-27 17:35:00,LBRDA
170.9,170.9,170.9,170.9,100,2021-10-27 17:40:00,LBRDA
171.07,171.07,171.06,171.07,600,2021-10-27 17:50:00,LBRDA
171.065,171.08,171.065,171.08,300,2021-10-27 18:05:00,LBRDA
171.28,171.28,171.28,171.28,101,2021-10-27 18:15:00,LBRDA
171.24,171.24,171.24,171.24,200,2021-10-27 18:20:00,LBRDA
171.25,171.25,171.16,171.17,1400,2021-10-27 18:25:00,LBRDA
171.13,171.13,171.06,171.13,1407,2021-10-27 18:30:00,LBRDA
171.09,171.15,171.08,171.15,500,2021-10-27 18:35:00,LBRDA
171.14,171.14,171.09,171.09,900,2021-10-27 18:40:00,LBRDA
171.03,171.03,171.0,171.0,300,2021-10-27 18:45:00,LBRDA
171.09,171.09,171.07,171.09,600,2021-10-27 18:50:00,LBRDA
171.08,171.08,171.04,171.04,700,2021-10-27 18:55:00,LBRDA
171.21,171.29,171.21,171.21,400,2021-10-27 19:00:00,LBRDA
171.12,171.12,171.12,171.12,100,2021-10-27 19:05:00,LBRDA
171.1,171.11,170.96,170.96,1313,2021-10-27 19:10:00,LBRDA
170.94,170.95,170.42,170.42,2201,2021-10-27 19:15:00,LBRDA
170.335,170.335,170.15,170.15,547,2021-10-27 19:20:00,LBRDA
170.02,170.05,170.0,170.05,1081,2021-10-27 19:25:00,LBRDA
170.03,170.28,170.03,170.28,400,2021-10-27 19:30:00,LBRDA
170.29,170.43,170.29,170.325,400,2021-10-27 19:35:00,LBRDA
170.315,170.41,170.315,170.335,418,2021-10-27 19:40:00,LBRDA
170.28,170.31,170.07,170.07,2100,2021-10-27 19:45:00,LBRDA
170.01,170.01,169.86,169.86,200,2021-10-27 19:50:00,LBRDA
169.73,169.85,169.65,169.65,1600,2021-10-27 19:55:00,LBRDA
169.58,169.58,169.58,169.58,6627,2021-10-27 20:00:00,LBRDA
168.42,168.42,164.42,165.24,3040,2021-10-28 13:30:00,LBRDA
165.84,166.74,165.84,166.28,915,2021-10-28 13:35:00,LBRDA
166.18,166.18,165.75,166.11,1000,2021-10-28 13:40:00,LBRDA
166.64,166.64,166.64,166.64,100,2021-10-28 13:45:00,LBRDA
167.32,167.47,167.32,167.47,200,2021-10-28 13:50:00,LBRDA
167.82,168.49,167.78,168.19,600,2021-10-28 13:55:00,LBRDA
168.46,168.465,168.46,168.465,200,2021-10-28 14:00:00,LBRDA
168.73,169.14,168.73,169.05,504,2021-10-28 14:05:00,LBRDA
168.9,168.99,168.77,168.77,1600,2021-10-28 14:10:00,LBRDA
168.525,168.7,168.525,168.7,400,2021-10-28 14:15:00,LBRDA
168.69,168.775,168.5,168.56,600,2021-10-28 14:20:00,LBRDA
168.69,168.89,168.69,168.89,200,2021-10-28 14:25:00,LBRDA
168.75,169.24,168.75,169.18,400,2021-10-28 14:30:00,LBRDA
169.025,169.025,169.025,169.025,100,2021-10-28 14:35:00,LBRDA
169.14,169.14,169.1,169.1,452,2021-10-28 14:40:00,LBRDA
169.1193,169.21,169.1193,169.21,207,2021-10-28 14:45:00,LBRDA
169.37,169.37,169.37,169.37,100,2021-10-28 14:50:00,LBRDA
169.35,169.62,169.35,169.59,1535,2021-10-28 15:00:00,LBRDA
169.36,169.46,169.09,169.15,1000,2021-10-28 15:05:00,LBRDA
169.1,169.21,169.1,169.15,1300,2021-10-28 15:10:00,LBRDA
169.03,169.03,168.82,169.02,409,2021-10-28 15:15:00,LBRDA
169.01,169.01,169.01,169.01,100,2021-10-28 15:20:00,LBRDA
168.95,168.95,168.82,168.82,200,2021-10-28 15:25:00,LBRDA
168.8,168.81,168.75,168.75,400,2021-10-28 15:30:00,LBRDA
168.87,168.92,168.87,168.92,200,2021-10-28 15:35:00,LBRDA
169.14,169.15,169.115,169.115,600,2021-10-28 15:40:00,LBRDA
169.0,169.0,168.96,168.975,800,2021-10-28 15:45:00,LBRDA
168.945,169.07,168.945,169.06,700,2021-10-28 15:50:00,LBRDA
169.04,169.09,168.995,169.09,500,2021-10-28 15:55:00,LBRDA
169.23,169.24,169.23,169.24,200,2021-10-28 16:00:00,LBRDA
169.34,169.41,169.31,169.31,1000,2021-10-28 16:05:00,LBRDA
169.26,169.31,169.26,169.28,900,2021-10-28 16:15:00,LBRDA
169.27,169.28,169.27,169.28,200,2021-10-28 16:20:00,LBRDA
169.26,169.28,169.15,169.24,500,2021-10-28 16:30:00,LBRDA
169.15,169.15,169.1,169.14,1200,2021-10-28 16:35:00,LBRDA
169.2266,169.2266,169.2266,169.2266,100,2021-10-28 16:40:00,LBRDA
169.305,169.305,169.305,169.305,100,2021-10-28 16:45:00,LBRDA
169.36,169.36,169.33,169.36,300,2021-10-28 16:50:00,LBRDA
169.4,169.4,169.17,169.19,800,2021-10-28 16:55:00,LBRDA
169.17,169.2,169.17,169.17,1000,2021-10-28 17:00:00,LBRDA
169.1,169.13,169.1,169.12,500,2021-10-28 17:05:00,LBRDA
169.15,169.15,169.13,169.13,200,2021-10-28 17:10:00,LBRDA
169.21,169.21,168.87,168.87,800,2021-10-28 17:15:00,LBRDA
168.73,168.77,168.73,168.77,200,2021-10-28 17:20:00,LBRDA
168.82,168.82,168.82,168.82,100,2021-10-28 17:25:00,LBRDA
168.86,168.975,168.82,168.975,700,2021-10-28 17:30:00,LBRDA
168.93,168.93,168.93,168.93,100,2021-10-28 17:50:00,LBRDA
168.82,168.82,168.79,168.81,600,2021-10-28 17:55:00,LBRDA
168.84,168.995,168.84,168.995,200,2021-10-28 18:00:00,LBRDA
169.1,169.1,169.1,169.1,100,2021-10-28 18:05:00,LBRDA
169.04,169.05,169.02,169.05,800,2021-10-28 18:10:00,LBRDA
169.06,169.06,169.06,169.06,100,2021-10-28 18:15:00,LBRDA
168.99,169.12,168.99,169.12,600,2021-10-28 18:20:00,LBRDA
169.02,169.02,168.98,168.99,700,2021-10-28 18:25:00,LBRDA
168.97,168.99,168.89,168.89,600,2021-10-28 18:30:00,LBRDA
168.89,168.89,168.845,168.845,200,2021-10-28 18:35:00,LBRDA
168.76,168.76,168.72,168.75,900,2021-10-28 18:45:00,LBRDA
168.63,168.63,168.51,168.51,700,2021-10-28 18:50:00,LBRDA
168.51,168.6,168.36,168.6,1873,2021-10-28 18:55:00,LBRDA
168.59,168.7,168.59,168.65,900,2021-10-28 19:00:00,LBRDA
168.665,168.7,168.64,168.64,500,2021-10-28 19:05:00,LBRDA
168.6,168.61,168.39,168.41,1800,2021-10-28 19:10:00,LBRDA
168.54,168.54,168.54,168.54,100,2021-10-28 19:15:00,LBRDA
168.57,168.57,168.55,168.57,400,2021-10-28 19:20:00,LBRDA
168.465,168.5,168.465,168.5,900,2021-10-28 19:25:00,LBRDA
168.505,168.66,168.505,168.66,604,2021-10-28 19:30:00,LBRDA
168.82,169.13,168.82,169.13,1025,2021-10-28 19:35:00,LBRDA
169.22,169.24,169.03,169.03,3642,2021-10-28 19:40:00,LBRDA
168.85,169.0,168.85,169.0,500,2021-10-28 19:45:00,LBRDA
169.11,169.13,168.99,169.07,800,2021-10-28 19:50:00,LBRDA
169.19,169.2,168.885,168.94,5230,2021-10-28 19:55:00,LBRDA
168.93,168.93,168.93,168.93,5888,2021-10-28 20:00:00,LBRDA
165.97,165.97,164.93,164.93,600,2021-10-29 11:30:00,LBRDA
164.71,164.71,164.71,164.71,100,2021-10-29 12:40:00,LBRDA
163.86,163.86,163.86,163.86,100,2021-10-29 12:50:00,LBRDA
163.74,163.74,163.74,163.74,102,2021-10-29 12:55:00,LBRDA
162.92,163.0,162.87,163.0,542,2021-10-29 13:20:00,LBRDA
163.62,163.7,163.61,163.69,500,2021-10-29 13:25:00,LBRDA
163.96,163.97,161.62,162.5,7270,2021-10-29 13:30:00,LBRDA
162.72,162.85,161.825,162.81,2765,2021-10-29 13:35:00,LBRDA
162.42,162.93,162.0,162.93,800,2021-10-29 13:40:00,LBRDA
162.69,163.69,162.69,163.61,2455,2021-10-29 13:45:00,LBRDA
163.53,163.75,163.25,163.75,1960,2021-10-29 13:50:00,LBRDA
163.72,163.74,163.57,163.57,300,2021-10-29 13:55:00,LBRDA
163.32,163.34,162.76,162.77,1600,2021-10-29 14:00:00,LBRDA
162.61,162.61,161.35,161.41,3598,2021-10-29 14:05:00,LBRDA
161.25,161.43,161.09,161.09,2497,2021-10-29 14:10:00,LBRDA
161.0,161.05,160.83,160.99,1184,2021-10-29 14:15:00,LBRDA
160.83,160.83,160.37,160.41,1600,2021-10-29 14:20:00,LBRDA
160.17,160.28,159.69,159.84,2210,2021-10-29 14:25:00,LBRDA
160.17,160.17,160.02,160.12,600,2021-10-29 14:30:00,LBRDA
159.9,160.02,159.66,159.75,2033,2021-10-29 14:35:00,LBRDA
159.61,159.64,159.285,159.44,1177,2021-10-29 14:40:00,LBRDA
159.99,159.99,159.5,159.5,1015,2021-10-29 14:50:00,LBRDA
159.52,159.61,159.235,159.61,801,2021-10-29 14:55:00,LBRDA
159.48,159.48,159.2,159.2,733,2021-10-29 15:00:00,LBRDA
159.23,159.37,159.12,159.36,2674,2021-10-29 15:05:00,LBRDA
159.45,159.55,159.3,159.3,500,2021-10-29 15:10:00,LBRDA
159.3,159.32,159.1,159.15,1127,2021-10-29 15:15:00,LBRDA
159.15,159.31,159.02,159.31,1596,2021-10-29 15:20:00,LBRDA
159.47,159.47,159.25,159.25,806,2021-10-29 15:25:00,LBRDA
159.48,159.56,159.39,159.39,500,2021-10-29 15:30:00,LBRDA
159.37,159.385,158.76,158.76,1700,2021-10-29 15:35:00,LBRDA
158.93,159.31,158.83,159.165,2767,2021-10-29 15:40:00,LBRDA
159.22,159.26,159.2,159.215,1100,2021-10-29 15:45:00,LBRDA
159.21,159.22,159.02,159.07,2462,2021-10-29 15:50:00,LBRDA
159.1,159.1,158.805,158.805,700,2021-10-29 15:55:00,LBRDA
158.71,158.96,158.71,158.96,700,2021-10-29 16:00:00,LBRDA
159.06,159.09,159.06,159.09,300,2021-10-29 16:05:00,LBRDA
159.09,159.09,158.96,158.96,1200,2021-10-29 16:10:00,LBRDA
158.95,159.11,158.88,159.0,4544,2021-10-29 16:15:00,LBRDA
158.965,159.3,158.93,159.2,5390,2021-10-29 16:20:00,LBRDA
159.16,159.165,159.07,159.16,1500,2021-10-29 16:25:00,LBRDA
159.18,159.18,159.18,159.18,550,2021-10-29 16:30:00,LBRDA
159.835,160.0,159.83,159.87,1627,2021-10-29 16:35:00,LBRDA
160.17,160.17,160.17,160.17,200,2021-10-29 16:40:00,LBRDA
160.25,160.59,160.245,160.59,1540,2021-10-29 16:45:00,LBRDA
160.6,160.75,160.6,160.75,2006,2021-10-29 16:50:00,LBRDA
160.75,160.75,160.67,160.74,1037,2021-10-29 16:55:00,LBRDA
160.68,160.68,160.5,160.5525,1100,2021-10-29 17:00:00,LBRDA
160.345,160.5,160.31,160.5,1500,2021-10-29 17:05:00,LBRDA
160.59,161.02,160.53,160.88,4720,2021-10-29 17:10:00,LBRDA
161.04,161.1,161.03,161.085,817,2021-10-29 17:15:00,LBRDA
161.24,161.31,161.22,161.31,500,2021-10-29 17:25:00,LBRDA
161.305,161.305,161.3,161.3,300,2021-10-29 17:30:00,LBRDA
161.26,161.34,161.25,161.26,400,2021-10-29 17:35:00,LBRDA
161.05,161.05,160.77,160.77,300,2021-10-29 17:40:00,LBRDA
160.76,160.76,160.575,160.575,400,2021-10-29 17:45:00,LBRDA
160.59,160.59,160.52,160.52,591,2021-10-29 17:50:00,LBRDA
160.46,160.51,160.41,160.41,822,2021-10-29 17:55:00,LBRDA
160.02,160.075,159.93,159.96,3717,2021-10-29 18:00:00,LBRDA
160.0,160.01,159.94,159.94,2829,2021-10-29 18:05:00,LBRDA
160.03,160.04,160.03,160.04,200,2021-10-29 18:10:00,LBRDA
159.98,160.085,159.98,160.0,792,2021-10-29 18:15:00,LBRDA
160.0,160.0,159.91,159.94,1750,2021-10-29 18:20:00,LBRDA
159.81,159.82,159.74,159.74,400,2021-10-29 18:25:00,LBRDA
159.75,159.95,159.75,159.88,400,2021-10-29 18:30:00,LBRDA
160.04,160.18,160.01,160.18,1400,2021-10-29 18:35:00,LBRDA
160.215,160.215,160.215,160.215,100,2021-10-29 18:40:00,LBRDA
160.65,160.68,160.35,160.37,4400,2021-10-29 18:45:00,LBRDA
160.41,160.41,160.36,160.39,700,2021-10-29 18:50:00,LBRDA
160.35,160.475,160.28,160.33,1284,2021-10-29 18:55:00,LBRDA
160.28,160.28,159.9,160.04,1806,2021-10-29 19:00:00,LBRDA
160.1,160.125,159.99,160.12,983,2021-10-29 19:05:00,LBRDA
160.18,160.23,160.18,160.23,300,2021-10-29 19:10:00,LBRDA
160.15,160.15,159.96,159.96,1083,2021-10-29 19:15:00,LBRDA
160.05,160.075,159.91,159.91,1154,2021-10-29 19:20:00,LBRDA
159.84,159.94,159.78,159.78,1145,2021-10-29 19:25:00,LBRDA
159.76,159.76,159.72,159.72,400,2021-10-29 19:30:00,LBRDA
159.84,159.84,159.84,159.84,217,2021-10-29 19:35:00,LBRDA
160.42,160.456,160.33,160.37,700,2021-10-29 19:40:00,LBRDA
160.66,160.66,160.66,160.66,100,2021-10-29 19:45:00,LBRDA
160.66,160.94,160.58,160.94,2200,2021-10-29 19:50:00,LBRDA
161.03,161.04,160.63,160.63,2624,2021-10-29 19:55:00,LBRDA
160.77,161.53,160.77,161.53,14464,2021-10-29 20:00:00,LBRDA
161.0,161.0,161.0,161.0,183,2021-10-29 20:40:00,LBRDA
160.77,160.77,160.77,160.77,954,2021-10-29 20:45:00,LBRDA
