open,high,low,close,volume,datetime,symbol
4.76,4.81,4.74,4.79,6978,2021-08-02 13:30:00,PANL
4.74,4.81,4.73,4.73,4399,2021-08-02 13:31:00,PANL
4.72,4.79,4.72,4.79,1690,2021-08-02 13:32:00,PANL
4.7501,4.78,4.75,4.78,2800,2021-08-02 13:38:00,PANL
4.8,4.82,4.8,4.82,304,2021-08-02 13:41:00,PANL
4.82,4.82,4.82,4.82,100,2021-08-02 13:43:00,PANL
4.85,4.85,4.85,4.85,200,2021-08-02 13:45:00,PANL
4.86,4.89,4.86,4.89,900,2021-08-02 13:46:00,PANL
4.84,4.84,4.84,4.84,311,2021-08-02 13:47:00,PANL
4.87,4.87,4.87,4.87,200,2021-08-02 13:49:00,PANL
4.8872,4.8872,4.885,4.885,700,2021-08-02 13:51:00,PANL
4.87,4.89,4.8341,4.8341,5909,2021-08-02 13:52:00,PANL
4.86,4.86,4.86,4.86,500,2021-08-02 14:01:00,PANL
4.855,4.855,4.83,4.83,1500,2021-08-02 14:03:00,PANL
4.86,4.86,4.86,4.86,200,2021-08-02 14:11:00,PANL
4.86,4.86,4.86,4.86,411,2021-08-02 14:13:00,PANL
4.855,4.88,4.855,4.88,300,2021-08-02 14:15:00,PANL
4.86,4.86,4.86,4.86,150,2021-08-02 14:16:00,PANL
4.865,4.88,4.865,4.88,323,2021-08-02 14:17:00,PANL
4.88,4.88,4.88,4.88,450,2021-08-02 14:18:00,PANL
4.88,4.9,4.88,4.9,4693,2021-08-02 14:20:00,PANL
4.92,4.94,4.91,4.91,6728,2021-08-02 14:21:00,PANL
4.91,4.92,4.8969,4.8969,610,2021-08-02 14:22:00,PANL
4.89,4.89,4.88,4.88,1667,2021-08-02 14:24:00,PANL
4.879,4.91,4.8782,4.91,5279,2021-08-02 14:26:00,PANL
4.9099,4.93,4.89,4.93,1439,2021-08-02 14:30:00,PANL
4.89,4.91,4.89,4.91,217,2021-08-02 14:33:00,PANL
4.9,4.9,4.8801,4.8801,348,2021-08-02 14:34:00,PANL
4.9,4.9,4.9,4.9,300,2021-08-02 14:35:00,PANL
4.8894,4.8999,4.8894,4.8999,400,2021-08-02 14:40:00,PANL
4.9,4.9,4.9,4.9,490,2021-08-02 14:41:00,PANL
4.885,4.9,4.885,4.9,5300,2021-08-02 14:48:00,PANL
4.8962,4.8962,4.8962,4.8962,672,2021-08-02 14:50:00,PANL
4.91,4.91,4.89,4.89,1850,2021-08-02 14:51:00,PANL
4.891,4.891,4.891,4.891,400,2021-08-02 14:52:00,PANL
4.885,4.885,4.885,4.885,331,2021-08-02 14:55:00,PANL
4.885,4.885,4.885,4.885,100,2021-08-02 14:56:00,PANL
4.87,4.87,4.86,4.86,1427,2021-08-02 15:00:00,PANL
4.87,4.87,4.85,4.85,1527,2021-08-02 15:03:00,PANL
4.85,4.85,4.82,4.82,4053,2021-08-02 15:05:00,PANL
4.825,4.825,4.825,4.825,500,2021-08-02 15:06:00,PANL
4.8227,4.8227,4.82,4.82,500,2021-08-02 15:08:00,PANL
4.82,4.82,4.8021,4.8021,1370,2021-08-02 15:19:00,PANL
4.8013,4.804,4.8013,4.804,1118,2021-08-02 15:20:00,PANL
4.81,4.8105,4.8,4.8,900,2021-08-02 15:23:00,PANL
4.8,4.8,4.77,4.77,1983,2021-08-02 15:26:00,PANL
4.7899,4.7899,4.7899,4.7899,100,2021-08-02 15:30:00,PANL
4.7715,4.7727,4.7715,4.7727,1100,2021-08-02 15:31:00,PANL
4.77,4.77,4.77,4.77,100,2021-08-02 15:32:00,PANL
4.775,4.775,4.77,4.77,1000,2021-08-02 15:34:00,PANL
4.77,4.77,4.77,4.77,580,2021-08-02 15:36:00,PANL
4.76,4.76,4.76,4.76,300,2021-08-02 15:37:00,PANL
4.76,4.76,4.7598,4.7598,1500,2021-08-02 15:41:00,PANL
4.76,4.76,4.76,4.76,368,2021-08-02 15:42:00,PANL
4.765,4.765,4.765,4.765,300,2021-08-02 15:44:00,PANL
4.77,4.78,4.77,4.78,485,2021-08-02 15:51:00,PANL
4.78,4.78,4.78,4.78,100,2021-08-02 15:53:00,PANL
4.7701,4.7701,4.7701,4.7701,2500,2021-08-02 15:56:00,PANL
4.77,4.77,4.77,4.77,300,2021-08-02 16:06:00,PANL
4.77,4.77,4.77,4.77,750,2021-08-02 16:11:00,PANL
4.76,4.76,4.7527,4.7527,1200,2021-08-02 16:12:00,PANL
4.76,4.76,4.76,4.76,500,2021-08-02 16:29:00,PANL
4.77,4.77,4.77,4.77,1000,2021-08-02 16:39:00,PANL
4.775,4.78,4.775,4.78,600,2021-08-02 16:42:00,PANL
4.78,4.785,4.78,4.785,391,2021-08-02 16:44:00,PANL
4.78,4.78,4.78,4.78,323,2021-08-02 16:45:00,PANL
4.77,4.77,4.77,4.77,100,2021-08-02 17:03:00,PANL
4.78,4.78,4.765,4.78,4400,2021-08-02 17:09:00,PANL
4.7636,4.7636,4.7632,4.7632,200,2021-08-02 17:14:00,PANL
4.7636,4.7636,4.76,4.76,3220,2021-08-02 17:18:00,PANL
4.76,4.76,4.76,4.76,104,2021-08-02 17:21:00,PANL
4.76,4.78,4.7527,4.78,2300,2021-08-02 17:22:00,PANL
4.77,4.77,4.77,4.77,100,2021-08-02 17:26:00,PANL
4.7684,4.7684,4.7684,4.7684,630,2021-08-02 17:27:00,PANL
4.77,4.77,4.77,4.77,200,2021-08-02 17:31:00,PANL
4.77,4.77,4.77,4.77,122,2021-08-02 17:32:00,PANL
4.77,4.77,4.77,4.77,100,2021-08-02 17:33:00,PANL
4.75,4.75,4.75,4.75,200,2021-08-02 17:37:00,PANL
4.7799,4.7799,4.75,4.75,411,2021-08-02 17:39:00,PANL
4.75,4.75,4.75,4.75,500,2021-08-02 17:45:00,PANL
4.765,4.765,4.765,4.765,100,2021-08-02 17:47:00,PANL
4.76,4.76,4.76,4.76,100,2021-08-02 17:52:00,PANL
4.76,4.76,4.73,4.74,5298,2021-08-02 17:53:00,PANL
4.7327,4.7327,4.7327,4.7327,100,2021-08-02 17:56:00,PANL
4.73,4.7327,4.73,4.73,500,2021-08-02 17:57:00,PANL
4.73,4.73,4.73,4.73,300,2021-08-02 17:58:00,PANL
4.75,4.75,4.75,4.75,1000,2021-08-02 18:06:00,PANL
4.75,4.75,4.75,4.75,100,2021-08-02 18:07:00,PANL
4.7699,4.7699,4.7699,4.7699,100,2021-08-02 18:12:00,PANL
4.7648,4.7648,4.7648,4.7648,210,2021-08-02 18:27:00,PANL
4.745,4.745,4.745,4.745,100,2021-08-02 18:35:00,PANL
4.745,4.76,4.745,4.76,1100,2021-08-02 18:52:00,PANL
4.76,4.76,4.76,4.76,300,2021-08-02 18:53:00,PANL
4.77,4.77,4.77,4.77,400,2021-08-02 18:54:00,PANL
4.77,4.77,4.77,4.77,400,2021-08-02 18:57:00,PANL
4.78,4.78,4.78,4.78,300,2021-08-02 19:00:00,PANL
4.78,4.78,4.78,4.78,216,2021-08-02 19:01:00,PANL
4.78,4.78,4.78,4.78,100,2021-08-02 19:04:00,PANL
4.78,4.78,4.78,4.78,400,2021-08-02 19:17:00,PANL
4.78,4.78,4.78,4.78,100,2021-08-02 19:18:00,PANL
4.775,4.78,4.775,4.78,1400,2021-08-02 19:22:00,PANL
4.78,4.78,4.78,4.78,104,2021-08-02 19:25:00,PANL
4.78,4.78,4.77,4.77,345,2021-08-02 19:27:00,PANL
4.77,4.77,4.77,4.77,100,2021-08-02 19:30:00,PANL
4.78,4.78,4.78,4.78,100,2021-08-02 19:31:00,PANL
4.78,4.78,4.78,4.78,100,2021-08-02 19:40:00,PANL
4.78,4.78,4.78,4.78,207,2021-08-02 19:44:00,PANL
4.775,4.775,4.76,4.76,792,2021-08-02 19:45:00,PANL
4.75,4.77,4.75,4.77,500,2021-08-02 19:50:00,PANL
4.76,4.76,4.75,4.76,1064,2021-08-02 19:51:00,PANL
4.75,4.75,4.75,4.75,100,2021-08-02 19:52:00,PANL
4.7441,4.7441,4.7441,4.7441,363,2021-08-02 19:53:00,PANL
4.75,4.75,4.75,4.75,100,2021-08-02 19:54:00,PANL
4.74,4.7699,4.74,4.75,1229,2021-08-02 19:56:00,PANL
4.75,4.78,4.75,4.77,5387,2021-08-02 19:57:00,PANL
4.76,4.79,4.76,4.79,6304,2021-08-02 19:58:00,PANL
4.79,4.8,4.77,4.8,5149,2021-08-02 19:59:00,PANL
4.8,4.8,4.8,4.8,3776,2021-08-02 20:00:00,PANL
4.85,4.85,4.85,4.85,500,2021-08-02 22:45:00,PANL
4.8301,4.8301,4.8301,4.8301,300,2021-08-03 12:21:00,PANL
4.96,4.96,4.84,4.84,5209,2021-08-03 13:30:00,PANL
4.83,4.83,4.83,4.83,800,2021-08-03 13:31:00,PANL
4.83,4.83,4.8,4.8,646,2021-08-03 13:33:00,PANL
4.75,4.75,4.7498,4.75,581,2021-08-03 13:44:00,PANL
4.73,4.73,4.7157,4.7157,1693,2021-08-03 13:46:00,PANL
4.72,4.74,4.72,4.74,503,2021-08-03 13:47:00,PANL
4.725,4.725,4.725,4.725,100,2021-08-03 13:49:00,PANL
4.71,4.725,4.71,4.725,4610,2021-08-03 13:50:00,PANL
4.71,4.71,4.71,4.71,200,2021-08-03 13:55:00,PANL
4.71,4.715,4.71,4.715,400,2021-08-03 14:10:00,PANL
4.7116,4.7116,4.7116,4.7116,800,2021-08-03 14:12:00,PANL
4.72,4.72,4.72,4.72,500,2021-08-03 14:20:00,PANL
4.72,4.73,4.72,4.73,1011,2021-08-03 14:24:00,PANL
4.74,4.74,4.74,4.74,1000,2021-08-03 14:28:00,PANL
4.779,4.779,4.779,4.779,104,2021-08-03 14:32:00,PANL
4.7529,4.78,4.7529,4.78,1600,2021-08-03 14:38:00,PANL
4.76,4.76,4.76,4.76,100,2021-08-03 14:42:00,PANL
4.7709,4.7709,4.76,4.76,3900,2021-08-03 14:51:00,PANL
4.75,4.75,4.75,4.75,100,2021-08-03 14:53:00,PANL
4.74,4.7499,4.73,4.738,800,2021-08-03 14:55:00,PANL
4.75,4.75,4.75,4.75,235,2021-08-03 15:00:00,PANL
4.73,4.73,4.73,4.73,1200,2021-08-03 15:02:00,PANL
4.74,4.74,4.74,4.74,100,2021-08-03 15:07:00,PANL
4.74,4.74,4.74,4.74,100,2021-08-03 15:08:00,PANL
4.74,4.75,4.74,4.75,882,2021-08-03 15:09:00,PANL
4.75,4.75,4.75,4.75,1055,2021-08-03 15:10:00,PANL
4.7456,4.7456,4.7456,4.7456,400,2021-08-03 15:11:00,PANL
4.74,4.74,4.74,4.74,100,2021-08-03 15:13:00,PANL
4.7438,4.7438,4.7438,4.7438,187,2021-08-03 15:16:00,PANL
4.74,4.74,4.74,4.74,100,2021-08-03 15:17:00,PANL
4.73,4.73,4.73,4.73,1000,2021-08-03 15:28:00,PANL
4.74,4.74,4.74,4.74,100,2021-08-03 15:33:00,PANL
4.75,4.75,4.75,4.75,834,2021-08-03 15:39:00,PANL
4.75,4.75,4.75,4.75,200,2021-08-03 15:46:00,PANL
4.7699,4.7699,4.7699,4.7699,1302,2021-08-03 15:50:00,PANL
4.7502,4.7502,4.7502,4.7502,1789,2021-08-03 15:51:00,PANL
4.73,4.745,4.73,4.745,200,2021-08-03 15:56:00,PANL
4.75,4.75,4.75,4.75,100,2021-08-03 16:01:00,PANL
4.75,4.75,4.75,4.75,100,2021-08-03 16:03:00,PANL
4.75,4.75,4.75,4.75,100,2021-08-03 16:05:00,PANL
4.74,4.74,4.74,4.74,2300,2021-08-03 16:11:00,PANL
4.735,4.735,4.735,4.735,100,2021-08-03 16:29:00,PANL
4.73,4.73,4.73,4.73,959,2021-08-03 16:30:00,PANL
4.72,4.78,4.72,4.78,8716,2021-08-03 16:33:00,PANL
4.75,4.75,4.75,4.75,1000,2021-08-03 16:36:00,PANL
4.76,4.76,4.76,4.76,103,2021-08-03 16:40:00,PANL
4.77,4.77,4.77,4.77,1735,2021-08-03 16:42:00,PANL
4.779,4.78,4.779,4.78,464,2021-08-03 16:48:00,PANL
4.79,4.79,4.79,4.79,104,2021-08-03 16:53:00,PANL
4.7868,4.7868,4.7868,4.7868,150,2021-08-03 16:58:00,PANL
4.79,4.79,4.79,4.79,200,2021-08-03 17:03:00,PANL
4.8,4.8,4.8,4.8,800,2021-08-03 17:04:00,PANL
4.8,4.805,4.8,4.8,567,2021-08-03 17:11:00,PANL
4.8,4.8,4.8,4.8,100,2021-08-03 17:15:00,PANL
4.81,4.81,4.81,4.81,200,2021-08-03 17:16:00,PANL
4.83,4.83,4.83,4.83,863,2021-08-03 17:32:00,PANL
4.835,4.835,4.835,4.835,115,2021-08-03 17:34:00,PANL
4.83,4.84,4.83,4.83,325,2021-08-03 17:38:00,PANL
4.829,4.83,4.816,4.8299,1400,2021-08-03 17:50:00,PANL
4.83,4.83,4.83,4.83,100,2021-08-03 17:51:00,PANL
4.83,4.83,4.83,4.83,300,2021-08-03 17:52:00,PANL
4.84,4.8599,4.84,4.8599,772,2021-08-03 17:55:00,PANL
4.85,4.88,4.85,4.88,1674,2021-08-03 18:00:00,PANL
4.885,4.885,4.86,4.87,2248,2021-08-03 18:01:00,PANL
4.86,4.865,4.86,4.865,1963,2021-08-03 18:11:00,PANL
4.865,4.869,4.865,4.869,450,2021-08-03 18:14:00,PANL
4.8601,4.8601,4.86,4.86,200,2021-08-03 18:16:00,PANL
4.87,4.87,4.87,4.87,222,2021-08-03 18:17:00,PANL
4.87,4.87,4.87,4.87,100,2021-08-03 18:20:00,PANL
4.87,4.89,4.8657,4.89,662,2021-08-03 18:21:00,PANL
4.8727,4.8727,4.8727,4.8727,200,2021-08-03 18:22:00,PANL
4.89,4.89,4.88,4.88,332,2021-08-03 18:23:00,PANL
4.88,4.88,4.88,4.88,200,2021-08-03 18:24:00,PANL
4.8861,4.89,4.8861,4.89,1330,2021-08-03 18:26:00,PANL
4.885,4.89,4.8847,4.89,2568,2021-08-03 18:28:00,PANL
4.895,4.895,4.89,4.89,1000,2021-08-03 18:30:00,PANL
4.89,4.89,4.89,4.89,100,2021-08-03 18:32:00,PANL
4.89,4.89,4.89,4.89,300,2021-08-03 18:33:00,PANL
4.9,4.91,4.9,4.91,761,2021-08-03 18:34:00,PANL
4.905,4.905,4.905,4.905,100,2021-08-03 18:35:00,PANL
4.9,4.9,4.9,4.9,300,2021-08-03 18:36:00,PANL
4.9,4.9,4.9,4.9,200,2021-08-03 18:37:00,PANL
4.9,4.9,4.9,4.9,100,2021-08-03 18:38:00,PANL
4.9,4.9,4.9,4.9,100,2021-08-03 18:39:00,PANL
4.9,4.9,4.9,4.9,100,2021-08-03 18:40:00,PANL
4.9,4.91,4.9,4.91,300,2021-08-03 18:41:00,PANL
4.91,4.91,4.91,4.91,100,2021-08-03 18:42:00,PANL
4.91,4.91,4.91,4.91,100,2021-08-03 18:43:00,PANL
4.91,4.91,4.91,4.91,3306,2021-08-03 18:44:00,PANL
4.93,4.93,4.93,4.93,100,2021-08-03 18:45:00,PANL
4.94,4.94,4.94,4.94,100,2021-08-03 18:46:00,PANL
4.94,4.94,4.94,4.94,300,2021-08-03 18:47:00,PANL
4.925,4.94,4.9106,4.94,900,2021-08-03 18:48:00,PANL
4.94,4.94,4.94,4.94,100,2021-08-03 18:49:00,PANL
4.94,4.94,4.94,4.94,200,2021-08-03 18:50:00,PANL
4.94,4.94,4.94,4.94,100,2021-08-03 18:51:00,PANL
4.94,4.94,4.94,4.94,100,2021-08-03 18:52:00,PANL
4.94,4.94,4.8801,4.8801,2364,2021-08-03 18:53:00,PANL
4.91,4.91,4.86,4.86,1000,2021-08-03 18:55:00,PANL
4.88,4.88,4.88,4.88,100,2021-08-03 19:00:00,PANL
4.88,4.88,4.86,4.8707,1190,2021-08-03 19:01:00,PANL
4.8707,4.9,4.8707,4.9,1150,2021-08-03 19:02:00,PANL
4.88,4.8813,4.88,4.8813,1000,2021-08-03 19:03:00,PANL
4.8813,4.9,4.8813,4.9,700,2021-08-03 19:04:00,PANL
4.9,4.9,4.9,4.9,538,2021-08-03 19:06:00,PANL
4.92,4.92,4.92,4.92,100,2021-08-03 19:08:00,PANL
4.92,4.92,4.92,4.92,200,2021-08-03 19:09:00,PANL
4.92,4.92,4.92,4.92,100,2021-08-03 19:10:00,PANL
4.92,4.92,4.91,4.91,592,2021-08-03 19:12:00,PANL
4.92,4.92,4.92,4.92,100,2021-08-03 19:14:00,PANL
4.91,4.91,4.91,4.91,300,2021-08-03 19:16:00,PANL
4.91,4.91,4.87,4.87,2000,2021-08-03 19:17:00,PANL
4.87,4.87,4.87,4.87,475,2021-08-03 19:18:00,PANL
4.8699,4.8699,4.8699,4.8699,100,2021-08-03 19:19:00,PANL
4.9,4.9,4.9,4.9,200,2021-08-03 19:21:00,PANL
4.91,4.91,4.89,4.89,600,2021-08-03 19:23:00,PANL
4.89,4.89,4.88,4.88,900,2021-08-03 19:24:00,PANL
4.88,4.91,4.88,4.91,500,2021-08-03 19:28:00,PANL
4.91,4.91,4.91,4.91,200,2021-08-03 19:29:00,PANL
4.91,4.91,4.91,4.91,200,2021-08-03 19:30:00,PANL
4.91,4.91,4.89,4.89,740,2021-08-03 19:31:00,PANL
4.89,4.89,4.88,4.88,1025,2021-08-03 19:32:00,PANL
4.91,4.91,4.91,4.91,200,2021-08-03 19:34:00,PANL
4.9,4.9,4.88,4.88,1578,2021-08-03 19:35:00,PANL
4.88,4.88,4.8799,4.8799,250,2021-08-03 19:36:00,PANL
4.88,4.88,4.875,4.875,455,2021-08-03 19:39:00,PANL
4.89,4.9,4.88,4.88,1141,2021-08-03 19:40:00,PANL
4.87,4.87,4.87,4.87,100,2021-08-03 19:41:00,PANL
4.87,4.87,4.87,4.87,1091,2021-08-03 19:43:00,PANL
4.88,4.88,4.87,4.87,300,2021-08-03 19:44:00,PANL
4.86,4.88,4.86,4.88,600,2021-08-03 19:45:00,PANL
4.86,4.88,4.86,4.88,300,2021-08-03 19:46:00,PANL
4.86,4.88,4.86,4.88,300,2021-08-03 19:47:00,PANL
4.88,4.88,4.8657,4.88,1100,2021-08-03 19:48:00,PANL
4.88,4.89,4.88,4.89,700,2021-08-03 19:49:00,PANL
4.89,4.89,4.88,4.88,2745,2021-08-03 19:50:00,PANL
4.89,4.89,4.89,4.89,100,2021-08-03 19:51:00,PANL
4.89,4.89,4.89,4.89,200,2021-08-03 19:52:00,PANL
4.89,4.89,4.876,4.89,6240,2021-08-03 19:53:00,PANL
4.89,4.9,4.89,4.89,1921,2021-08-03 19:54:00,PANL
4.89,4.93,4.89,4.92,8947,2021-08-03 19:55:00,PANL
4.92,4.93,4.92,4.92,1599,2021-08-03 19:56:00,PANL
4.94,4.94,4.9,4.91,6296,2021-08-03 19:57:00,PANL
4.9,4.9199,4.9,4.9199,3546,2021-08-03 19:58:00,PANL
4.9,4.91,4.89,4.9,3806,2021-08-03 19:59:00,PANL
4.91,4.91,4.91,4.91,4448,2021-08-03 20:00:00,PANL
4.84,4.84,4.84,4.84,2149,2021-08-04 13:30:00,PANL
4.84,4.84,4.84,4.84,150,2021-08-04 13:31:00,PANL
4.839,4.8698,4.839,4.8698,2203,2021-08-04 13:34:00,PANL
4.86,4.86,4.8585,4.8585,916,2021-08-04 13:37:00,PANL
4.8401,4.8401,4.8401,4.8401,300,2021-08-04 13:42:00,PANL
4.84,4.84,4.84,4.84,1000,2021-08-04 13:47:00,PANL
4.85,4.85,4.85,4.85,400,2021-08-04 13:48:00,PANL
4.85,4.85,4.85,4.85,220,2021-08-04 13:54:00,PANL
4.85,4.85,4.84,4.84,1100,2021-08-04 13:56:00,PANL
4.85,4.85,4.85,4.85,200,2021-08-04 14:01:00,PANL
4.89,4.9,4.89,4.8991,2600,2021-08-04 14:13:00,PANL
4.91,4.91,4.91,4.91,399,2021-08-04 14:17:00,PANL
4.9,4.9,4.9,4.9,2400,2021-08-04 14:18:00,PANL
4.9025,4.9025,4.89,4.89,1700,2021-08-04 14:23:00,PANL
4.887,4.9,4.887,4.9,3000,2021-08-04 14:24:00,PANL
4.88,4.88,4.88,4.88,1200,2021-08-04 14:26:00,PANL
4.9,4.9,4.9,4.9,2499,2021-08-04 14:29:00,PANL
4.905,4.905,4.905,4.905,1000,2021-08-04 14:30:00,PANL
4.905,4.905,4.905,4.905,122,2021-08-04 14:32:00,PANL
4.88,4.88,4.88,4.88,100,2021-08-04 14:33:00,PANL
4.88,4.88,4.88,4.88,200,2021-08-04 14:41:00,PANL
4.88,4.88,4.88,4.88,126,2021-08-04 14:56:00,PANL
4.88,4.88,4.88,4.88,100,2021-08-04 14:58:00,PANL
4.89,4.89,4.89,4.89,400,2021-08-04 15:03:00,PANL
4.89,4.89,4.89,4.89,200,2021-08-04 15:04:00,PANL
4.8801,4.8801,4.88,4.88,200,2021-08-04 15:05:00,PANL
4.88,4.9,4.88,4.9,1346,2021-08-04 15:07:00,PANL
4.9083,4.9083,4.9083,4.9083,124,2021-08-04 15:08:00,PANL
4.91,4.91,4.91,4.91,200,2021-08-04 15:18:00,PANL
4.91,4.92,4.91,4.92,3865,2021-08-04 15:23:00,PANL
4.9101,4.92,4.9101,4.92,2600,2021-08-04 15:27:00,PANL
4.91,4.91,4.88,4.88,4827,2021-08-04 15:28:00,PANL
4.8701,4.885,4.87,4.87,3700,2021-08-04 15:30:00,PANL
4.87,4.87,4.87,4.87,200,2021-08-04 15:31:00,PANL
4.8799,4.8799,4.8799,4.8799,500,2021-08-04 15:36:00,PANL
4.84,4.845,4.84,4.845,292,2021-08-04 15:43:00,PANL
4.85,4.87,4.85,4.87,900,2021-08-04 15:57:00,PANL
4.855,4.855,4.855,4.855,2000,2021-08-04 16:02:00,PANL
4.84,4.84,4.84,4.84,100,2021-08-04 16:10:00,PANL
4.84,4.84,4.83,4.83,400,2021-08-04 16:25:00,PANL
4.8315,4.8315,4.8315,4.8315,400,2021-08-04 16:51:00,PANL
4.8201,4.8201,4.8201,4.8201,100,2021-08-04 17:05:00,PANL
4.82,4.82,4.82,4.82,1200,2021-08-04 17:06:00,PANL
4.82,4.82,4.82,4.82,200,2021-08-04 17:21:00,PANL
4.826,4.826,4.826,4.826,122,2021-08-04 17:23:00,PANL
4.83,4.83,4.83,4.83,300,2021-08-04 17:36:00,PANL
4.84,4.84,4.84,4.84,400,2021-08-04 18:12:00,PANL
4.83,4.83,4.83,4.83,300,2021-08-04 18:16:00,PANL
4.84,4.84,4.84,4.84,1000,2021-08-04 18:24:00,PANL
4.845,4.845,4.845,4.845,100,2021-08-04 18:28:00,PANL
4.845,4.845,4.845,4.845,100,2021-08-04 18:45:00,PANL
4.84,4.84,4.83,4.83,1066,2021-08-04 18:46:00,PANL
4.825,4.825,4.82,4.82,677,2021-08-04 18:48:00,PANL
4.81,4.81,4.81,4.81,568,2021-08-04 19:01:00,PANL
4.8001,4.8001,4.8,4.8,844,2021-08-04 19:19:00,PANL
4.79,4.79,4.79,4.79,100,2021-08-04 19:21:00,PANL
4.81,4.81,4.81,4.81,296,2021-08-04 19:29:00,PANL
4.8,4.8,4.8,4.8,100,2021-08-04 19:31:00,PANL
4.81,4.81,4.81,4.81,200,2021-08-04 19:32:00,PANL
4.81,4.81,4.81,4.81,100,2021-08-04 19:34:00,PANL
4.81,4.812,4.81,4.812,3227,2021-08-04 19:39:00,PANL
4.82,4.82,4.82,4.82,1300,2021-08-04 19:46:00,PANL
4.81,4.8199,4.81,4.8199,6575,2021-08-04 19:47:00,PANL
4.8,4.812,4.8,4.812,700,2021-08-04 19:53:00,PANL
4.81,4.81,4.81,4.81,103,2021-08-04 19:55:00,PANL
4.8,4.82,4.8,4.82,868,2021-08-04 19:57:00,PANL
4.82,4.82,4.8,4.8,561,2021-08-04 19:59:00,PANL
4.81,4.81,4.81,4.81,680,2021-08-04 20:00:00,PANL
4.8,4.8,4.8,4.8,200,2021-08-04 22:05:00,PANL
4.84,4.84,4.84,4.84,1332,2021-08-05 13:30:00,PANL
4.84,4.84,4.84,4.84,500,2021-08-05 13:32:00,PANL
4.88,4.88,4.88,4.88,5165,2021-08-05 13:33:00,PANL
4.85,4.85,4.85,4.85,204,2021-08-05 13:34:00,PANL
4.8643,4.8643,4.82,4.82,286,2021-08-05 13:36:00,PANL
4.82,4.82,4.82,4.82,300,2021-08-05 13:37:00,PANL
4.82,4.82,4.82,4.82,100,2021-08-05 13:38:00,PANL
4.8699,4.8699,4.8699,4.8699,838,2021-08-05 13:40:00,PANL
4.87,4.89,4.87,4.89,3595,2021-08-05 13:43:00,PANL
4.87,4.87,4.87,4.87,300,2021-08-05 13:45:00,PANL
4.87,4.87,4.87,4.87,100,2021-08-05 13:46:00,PANL
4.87,4.87,4.87,4.87,100,2021-08-05 13:50:00,PANL
4.88,4.88,4.88,4.88,300,2021-08-05 13:52:00,PANL
4.9,4.9,4.9,4.9,1900,2021-08-05 13:57:00,PANL
4.9,4.9,4.9,4.9,800,2021-08-05 14:00:00,PANL
4.899,4.9,4.899,4.8999,1900,2021-08-05 14:03:00,PANL
4.91,4.91,4.91,4.91,200,2021-08-05 14:04:00,PANL
4.9399,4.9399,4.91,4.91,2790,2021-08-05 14:05:00,PANL
4.9053,4.9053,4.9053,4.9053,200,2021-08-05 14:08:00,PANL
4.8801,4.8801,4.8801,4.8801,1000,2021-08-05 14:09:00,PANL
4.895,4.895,4.895,4.895,100,2021-08-05 14:11:00,PANL
4.89,4.89,4.89,4.89,200,2021-08-05 14:15:00,PANL
4.894,4.894,4.894,4.894,1800,2021-08-05 14:16:00,PANL
4.88,4.88,4.87,4.87,1240,2021-08-05 14:19:00,PANL
4.88,4.88,4.88,4.88,200,2021-08-05 14:21:00,PANL
4.87,4.87,4.87,4.87,100,2021-08-05 14:23:00,PANL
4.86,4.86,4.86,4.86,1000,2021-08-05 14:24:00,PANL
4.88,4.88,4.88,4.88,492,2021-08-05 14:26:00,PANL
4.89,4.89,4.89,4.89,500,2021-08-05 14:28:00,PANL
4.88,4.88,4.88,4.88,300,2021-08-05 14:30:00,PANL
4.88,4.89,4.88,4.89,3040,2021-08-05 14:31:00,PANL
4.89,4.89,4.89,4.89,490,2021-08-05 14:33:00,PANL
4.9,4.9,4.9,4.9,4000,2021-08-05 14:48:00,PANL
4.91,4.91,4.91,4.91,400,2021-08-05 14:50:00,PANL
4.94,4.94,4.9247,4.9247,1926,2021-08-05 14:51:00,PANL
4.9101,4.9101,4.9101,4.9101,4256,2021-08-05 14:53:00,PANL
4.91,4.91,4.91,4.91,383,2021-08-05 14:56:00,PANL
4.93,4.93,4.93,4.93,300,2021-08-05 15:01:00,PANL
4.9308,4.9308,4.9308,4.9308,300,2021-08-05 15:02:00,PANL
4.935,4.935,4.93,4.93,1900,2021-08-05 15:03:00,PANL
4.9308,4.9385,4.9308,4.9385,2800,2021-08-05 15:04:00,PANL
4.93,4.93,4.93,4.93,2400,2021-08-05 15:05:00,PANL
4.93,4.93,4.93,4.93,100,2021-08-05 15:09:00,PANL
4.94,4.94,4.94,4.94,100,2021-08-05 15:11:00,PANL
4.94,4.96,4.94,4.9515,5393,2021-08-05 15:12:00,PANL
4.96,4.9636,4.95,4.9565,6495,2021-08-05 15:13:00,PANL
4.96,4.97,4.9598,4.96,1902,2021-08-05 15:22:00,PANL
4.965,4.965,4.965,4.965,750,2021-08-05 15:25:00,PANL
4.96,4.96,4.96,4.96,200,2021-08-05 15:26:00,PANL
4.958,4.958,4.958,4.958,300,2021-08-05 15:28:00,PANL
4.96,4.96,4.96,4.96,100,2021-08-05 15:29:00,PANL
4.96,4.96,4.96,4.96,100,2021-08-05 15:30:00,PANL
4.96,4.96,4.96,4.96,100,2021-08-05 15:31:00,PANL
4.9504,4.96,4.9504,4.96,400,2021-08-05 15:34:00,PANL
4.955,4.955,4.955,4.955,100,2021-08-05 15:35:00,PANL
4.96,4.96,4.955,4.955,300,2021-08-05 15:36:00,PANL
4.965,4.965,4.965,4.965,2000,2021-08-05 15:38:00,PANL
4.97,4.97,4.97,4.97,200,2021-08-05 15:39:00,PANL
4.965,5.0,4.965,5.0,11182,2021-08-05 15:40:00,PANL
4.98,4.98,4.98,4.98,600,2021-08-05 15:43:00,PANL
4.965,4.97,4.965,4.97,2100,2021-08-05 15:44:00,PANL
4.972,4.972,4.972,4.972,500,2021-08-05 15:46:00,PANL
4.96,4.96,4.96,4.96,1000,2021-08-05 15:54:00,PANL
4.96,4.96,4.96,4.96,1400,2021-08-05 15:56:00,PANL
4.96,4.96,4.96,4.96,100,2021-08-05 15:57:00,PANL
4.95,4.95,4.95,4.95,1000,2021-08-05 15:59:00,PANL
4.96,4.96,4.9598,4.9598,400,2021-08-05 16:00:00,PANL
4.96,4.96,4.96,4.96,500,2021-08-05 16:01:00,PANL
4.96,4.96,4.96,4.96,200,2021-08-05 16:11:00,PANL
4.95,4.95,4.95,4.95,200,2021-08-05 16:15:00,PANL
4.9103,4.9103,4.9103,4.9103,400,2021-08-05 16:18:00,PANL
4.95,4.95,4.95,4.95,5000,2021-08-05 16:19:00,PANL
4.93,4.93,4.93,4.93,200,2021-08-05 16:23:00,PANL
4.9399,4.9399,4.9399,4.9399,100,2021-08-05 16:28:00,PANL
4.93,4.93,4.9201,4.9201,600,2021-08-05 16:32:00,PANL
4.9242,4.9242,4.9242,4.9242,300,2021-08-05 16:44:00,PANL
4.929,4.929,4.929,4.929,100,2021-08-05 16:49:00,PANL
4.9207,4.9218,4.92,4.92,302,2021-08-05 16:51:00,PANL
4.92,4.92,4.92,4.92,100,2021-08-05 16:57:00,PANL
4.9,4.905,4.9,4.905,5150,2021-08-05 17:00:00,PANL
4.905,4.905,4.905,4.905,289,2021-08-05 17:01:00,PANL
4.9,4.9,4.9,4.9,100,2021-08-05 17:02:00,PANL
4.9,4.9,4.9,4.9,1221,2021-08-05 17:08:00,PANL
4.89,4.89,4.89,4.89,360,2021-08-05 17:09:00,PANL
4.89,4.89,4.89,4.89,100,2021-08-05 17:16:00,PANL
4.89,4.89,4.89,4.89,200,2021-08-05 17:21:00,PANL
4.9,4.9,4.9,4.9,200,2021-08-05 17:22:00,PANL
4.895,4.895,4.895,4.895,100,2021-08-05 17:29:00,PANL
4.9,4.9,4.89,4.89,1581,2021-08-05 17:31:00,PANL
4.9085,4.9085,4.9085,4.9085,200,2021-08-05 17:36:00,PANL
4.905,4.905,4.905,4.905,100,2021-08-05 17:38:00,PANL
4.92,4.92,4.92,4.92,200,2021-08-05 17:40:00,PANL
4.9363,4.9363,4.9363,4.9363,1000,2021-08-05 17:42:00,PANL
4.92,4.92,4.92,4.92,400,2021-08-05 17:45:00,PANL
4.925,4.925,4.925,4.925,3000,2021-08-05 17:57:00,PANL
4.92,4.92,4.92,4.92,200,2021-08-05 18:01:00,PANL
4.91,4.91,4.91,4.91,100,2021-08-05 18:09:00,PANL
4.9001,4.9036,4.9001,4.9036,6984,2021-08-05 18:15:00,PANL
4.9,4.9,4.89,4.9,403,2021-08-05 18:16:00,PANL
4.9,4.9,4.9,4.9,100,2021-08-05 18:22:00,PANL
4.89,4.89,4.89,4.89,200,2021-08-05 18:25:00,PANL
4.9073,4.9073,4.9073,4.9073,612,2021-08-05 18:27:00,PANL
4.9,4.9,4.9,4.9,100,2021-08-05 18:35:00,PANL
4.9,4.9,4.9,4.9,200,2021-08-05 18:37:00,PANL
4.9,4.9,4.9,4.9,200,2021-08-05 18:44:00,PANL
4.905,4.905,4.905,4.905,5000,2021-08-05 19:00:00,PANL
4.905,4.905,4.905,4.905,100,2021-08-05 19:11:00,PANL
4.9001,4.9001,4.9001,4.9001,100,2021-08-05 19:14:00,PANL
4.909,4.91,4.909,4.91,1766,2021-08-05 19:17:00,PANL
4.91,4.91,4.91,4.91,300,2021-08-05 19:18:00,PANL
4.92,4.92,4.92,4.92,1100,2021-08-05 19:19:00,PANL
4.92,4.92,4.92,4.92,200,2021-08-05 19:21:00,PANL
4.92,4.92,4.92,4.92,500,2021-08-05 19:22:00,PANL
4.92,4.92,4.92,4.92,300,2021-08-05 19:25:00,PANL
4.93,4.98,4.93,4.965,10092,2021-08-05 19:38:00,PANL
4.965,4.965,4.93,4.93,1725,2021-08-05 19:39:00,PANL
4.93,4.93,4.93,4.93,575,2021-08-05 19:41:00,PANL
4.93,4.93,4.93,4.93,100,2021-08-05 19:42:00,PANL
4.93,4.93,4.93,4.93,300,2021-08-05 19:43:00,PANL
4.93,4.93,4.93,4.93,100,2021-08-05 19:44:00,PANL
4.93,4.93,4.91,4.92,6346,2021-08-05 19:45:00,PANL
4.91,4.91,4.91,4.91,200,2021-08-05 19:46:00,PANL
4.91,4.91,4.91,4.91,100,2021-08-05 19:47:00,PANL
4.92,4.92,4.92,4.92,100,2021-08-05 19:48:00,PANL
4.92,4.92,4.92,4.92,400,2021-08-05 19:49:00,PANL
4.92,4.92,4.9101,4.9101,2100,2021-08-05 19:50:00,PANL
4.91,4.93,4.91,4.93,737,2021-08-05 19:51:00,PANL
4.92,4.92,4.91,4.91,900,2021-08-05 19:54:00,PANL
4.92,4.92,4.92,4.92,4738,2021-08-05 19:55:00,PANL
4.9215,4.93,4.9215,4.93,1200,2021-08-05 19:57:00,PANL
4.93,4.93,4.9201,4.9201,1750,2021-08-05 19:58:00,PANL
4.92,4.93,4.91,4.91,2136,2021-08-05 19:59:00,PANL
4.92,4.92,4.92,4.92,865,2021-08-05 20:00:00,PANL
4.96,4.96,4.915,4.915,7660,2021-08-06 13:30:00,PANL
4.94,4.94,4.94,4.94,100,2021-08-06 13:33:00,PANL
4.91,4.91,4.89,4.9,2652,2021-08-06 13:36:00,PANL
4.895,4.895,4.895,4.895,100,2021-08-06 13:39:00,PANL
4.91,4.91,4.91,4.91,100,2021-08-06 13:40:00,PANL
4.93,4.93,4.9,4.9,896,2021-08-06 13:43:00,PANL
4.9,4.9,4.9,4.9,318,2021-08-06 13:44:00,PANL
4.92,4.95,4.92,4.95,1700,2021-08-06 13:45:00,PANL
4.935,4.9499,4.92,4.92,1402,2021-08-06 13:46:00,PANL
4.93,4.93,4.9297,4.9298,926,2021-08-06 13:47:00,PANL
4.9299,4.9299,4.9299,4.9299,1000,2021-08-06 13:48:00,PANL
4.9,4.9,4.9,4.9,150,2021-08-06 13:51:00,PANL
4.89,4.9,4.89,4.9,200,2021-08-06 13:58:00,PANL
4.9199,4.9199,4.87,4.9,12900,2021-08-06 14:00:00,PANL
4.915,4.915,4.915,4.915,100,2021-08-06 14:01:00,PANL
4.915,4.915,4.915,4.915,200,2021-08-06 14:03:00,PANL
4.91,4.91,4.91,4.91,800,2021-08-06 14:05:00,PANL
4.9,4.9,4.9,4.9,100,2021-08-06 14:06:00,PANL
4.9,4.9,4.9,4.9,390,2021-08-06 14:07:00,PANL
4.9,4.9,4.9,4.9,492,2021-08-06 14:09:00,PANL
4.9,4.9,4.9,4.9,439,2021-08-06 14:10:00,PANL
4.9,4.9,4.9,4.9,464,2021-08-06 14:11:00,PANL
4.88,4.88,4.88,4.88,100,2021-08-06 14:13:00,PANL
4.9,4.9,4.9,4.9,269,2021-08-06 14:15:00,PANL
4.92,4.92,4.91,4.92,300,2021-08-06 14:18:00,PANL
4.92,4.92,4.92,4.92,1225,2021-08-06 14:22:00,PANL
4.92,4.92,4.92,4.92,100,2021-08-06 14:24:00,PANL
4.915,4.915,4.9,4.9,400,2021-08-06 14:26:00,PANL
4.9,4.9,4.9,4.9,200,2021-08-06 14:27:00,PANL
4.9,4.9,4.9,4.9,320,2021-08-06 14:29:00,PANL
4.9,4.9,4.9,4.9,2446,2021-08-06 14:32:00,PANL
4.8999,4.8999,4.8999,4.8999,1000,2021-08-06 14:34:00,PANL
4.88,4.88,4.88,4.88,1000,2021-08-06 14:35:00,PANL
4.8899,4.8899,4.8899,4.8899,1000,2021-08-06 14:40:00,PANL
4.89,4.89,4.89,4.89,200,2021-08-06 14:43:00,PANL
4.88,4.88,4.88,4.88,100,2021-08-06 14:49:00,PANL
4.86,4.865,4.86,4.865,250,2021-08-06 14:52:00,PANL
4.8899,4.8899,4.8899,4.8899,400,2021-08-06 15:02:00,PANL
4.885,4.885,4.885,4.885,300,2021-08-06 15:04:00,PANL
4.89,4.9,4.89,4.895,589,2021-08-06 15:10:00,PANL
4.895,4.895,4.895,4.895,100,2021-08-06 15:11:00,PANL
4.89,4.89,4.89,4.89,200,2021-08-06 15:12:00,PANL
4.89,4.89,4.89,4.89,400,2021-08-06 15:15:00,PANL
4.88,4.88,4.88,4.88,300,2021-08-06 15:19:00,PANL
4.89,4.89,4.89,4.89,100,2021-08-06 15:25:00,PANL
4.89,4.89,4.89,4.89,100,2021-08-06 15:26:00,PANL
4.89,4.89,4.89,4.89,248,2021-08-06 15:30:00,PANL
4.8941,4.8941,4.8941,4.8941,500,2021-08-06 15:33:00,PANL
4.89,4.89,4.885,4.885,3100,2021-08-06 15:35:00,PANL
4.88,4.9,4.88,4.9,872,2021-08-06 15:36:00,PANL
4.9,4.9,4.895,4.895,760,2021-08-06 15:38:00,PANL
4.89,4.89,4.89,4.89,200,2021-08-06 15:42:00,PANL
4.89,4.89,4.89,4.89,100,2021-08-06 15:44:00,PANL
4.9,4.905,4.9,4.9,2078,2021-08-06 15:52:00,PANL
4.9,4.9,4.9,4.9,200,2021-08-06 15:54:00,PANL
4.9,4.92,4.9,4.92,949,2021-08-06 16:05:00,PANL
4.891,4.891,4.891,4.891,331,2021-08-06 16:11:00,PANL
4.92,4.92,4.92,4.92,100,2021-08-06 16:12:00,PANL
4.9039,4.9039,4.9039,4.9039,1100,2021-08-06 16:14:00,PANL
4.905,4.905,4.905,4.905,300,2021-08-06 16:15:00,PANL
4.89,4.89,4.89,4.89,127,2021-08-06 16:18:00,PANL
4.92,4.92,4.92,4.92,300,2021-08-06 16:22:00,PANL
4.911,4.911,4.911,4.911,100,2021-08-06 16:24:00,PANL
4.92,4.92,4.92,4.92,100,2021-08-06 16:32:00,PANL
4.92,4.92,4.92,4.92,271,2021-08-06 16:43:00,PANL
4.9,4.92,4.9,4.92,200,2021-08-06 16:44:00,PANL
4.92,4.92,4.91,4.91,351,2021-08-06 16:48:00,PANL
4.92,4.92,4.91,4.91,600,2021-08-06 16:51:00,PANL
4.93,4.93,4.93,4.93,100,2021-08-06 16:52:00,PANL
4.924,4.924,4.924,4.924,1235,2021-08-06 16:59:00,PANL
4.915,4.915,4.915,4.915,100,2021-08-06 17:04:00,PANL
4.91,4.91,4.91,4.91,407,2021-08-06 17:12:00,PANL
4.92,4.92,4.92,4.92,100,2021-08-06 17:16:00,PANL
4.92,4.92,4.92,4.92,761,2021-08-06 17:22:00,PANL
4.92,4.92,4.92,4.92,300,2021-08-06 17:23:00,PANL
4.9101,4.9101,4.9101,4.9101,600,2021-08-06 17:28:00,PANL
4.917,4.917,4.91,4.91,800,2021-08-06 17:29:00,PANL
4.907,4.907,4.89,4.89,1705,2021-08-06 17:34:00,PANL
4.895,4.895,4.895,4.895,120,2021-08-06 17:37:00,PANL
4.89,4.89,4.89,4.89,100,2021-08-06 17:49:00,PANL
4.885,4.885,4.885,4.885,1780,2021-08-06 18:01:00,PANL
4.89,4.9,4.89,4.9,253,2021-08-06 18:05:00,PANL
4.91,4.91,4.91,4.91,200,2021-08-06 18:07:00,PANL
4.91,4.91,4.91,4.91,300,2021-08-06 18:11:00,PANL
4.91,4.91,4.9,4.9,1980,2021-08-06 18:22:00,PANL
4.92,4.92,4.91,4.91,300,2021-08-06 18:29:00,PANL
4.895,4.895,4.895,4.895,182,2021-08-06 18:35:00,PANL
4.9021,4.9021,4.9021,4.9021,142,2021-08-06 18:36:00,PANL
4.89,4.89,4.89,4.89,300,2021-08-06 18:46:00,PANL
4.91,4.91,4.91,4.91,200,2021-08-06 18:47:00,PANL
4.9,4.9,4.9,4.9,100,2021-08-06 18:48:00,PANL
4.92,4.92,4.92,4.92,100,2021-08-06 18:51:00,PANL
4.89,4.89,4.89,4.89,350,2021-08-06 18:55:00,PANL
4.89,4.89,4.89,4.89,100,2021-08-06 18:56:00,PANL
4.89,4.89,4.89,4.89,100,2021-08-06 18:59:00,PANL
4.9,4.9,4.9,4.9,180,2021-08-06 19:03:00,PANL
4.895,4.895,4.895,4.895,100,2021-08-06 19:08:00,PANL
4.9,4.9,4.9,4.9,400,2021-08-06 19:10:00,PANL
4.9,4.9,4.9,4.9,100,2021-08-06 19:11:00,PANL
4.91,4.91,4.91,4.91,200,2021-08-06 19:14:00,PANL
4.92,4.92,4.92,4.92,100,2021-08-06 19:20:00,PANL
4.92,4.92,4.92,4.92,356,2021-08-06 19:24:00,PANL
4.91,4.91,4.91,4.91,400,2021-08-06 19:29:00,PANL
4.9056,4.915,4.9056,4.915,300,2021-08-06 19:32:00,PANL
4.91,4.92,4.91,4.92,880,2021-08-06 19:41:00,PANL
4.925,4.925,4.925,4.925,100,2021-08-06 19:45:00,PANL
4.92,4.92,4.92,4.92,100,2021-08-06 19:46:00,PANL
4.92,4.92,4.92,4.92,100,2021-08-06 19:52:00,PANL
4.93,4.93,4.93,4.93,238,2021-08-06 19:53:00,PANL
4.92,4.92,4.92,4.92,100,2021-08-06 19:55:00,PANL
4.91,4.91,4.9,4.9,1900,2021-08-06 19:57:00,PANL
4.91,4.91,4.9,4.9,1420,2021-08-06 19:58:00,PANL
4.9,4.93,4.9,4.93,4395,2021-08-06 19:59:00,PANL
4.92,4.92,4.92,4.92,1566,2021-08-06 20:00:00,PANL
4.91,4.91,4.91,4.91,3200,2021-08-06 20:06:00,PANL
4.86,4.87,4.86,4.87,500,2021-08-09 12:38:00,PANL
4.93,4.93,4.93,4.93,100,2021-08-09 13:25:00,PANL
4.94,4.94,4.8,4.83,23470,2021-08-09 13:30:00,PANL
4.827,4.83,4.827,4.8299,5000,2021-08-09 13:31:00,PANL
4.85,4.89,4.85,4.89,4986,2021-08-09 13:32:00,PANL
4.82,4.82,4.82,4.82,975,2021-08-09 13:33:00,PANL
4.825,4.835,4.825,4.835,200,2021-08-09 13:35:00,PANL
4.88,4.88,4.86,4.879,1500,2021-08-09 13:39:00,PANL
4.87,4.87,4.87,4.87,5000,2021-08-09 13:41:00,PANL
4.84,4.85,4.84,4.85,400,2021-08-09 13:42:00,PANL
4.8499,4.8499,4.8499,4.8499,2000,2021-08-09 13:43:00,PANL
4.8499,4.8499,4.8148,4.8499,4231,2021-08-09 13:44:00,PANL
4.85,4.86,4.85,4.86,200,2021-08-09 13:46:00,PANL
4.85,4.86,4.85,4.8505,300,2021-08-09 13:47:00,PANL
4.85,4.85,4.85,4.85,432,2021-08-09 13:50:00,PANL
4.82,4.82,4.82,4.82,100,2021-08-09 13:53:00,PANL
4.8,4.8,4.75,4.7579,3390,2021-08-09 13:55:00,PANL
4.775,4.775,4.775,4.775,662,2021-08-09 13:56:00,PANL
4.775,4.775,4.775,4.775,100,2021-08-09 14:00:00,PANL
4.76,4.77,4.75,4.76,9094,2021-08-09 14:01:00,PANL
4.76,4.79,4.76,4.7799,1561,2021-08-09 14:02:00,PANL
4.79,4.81,4.79,4.8,750,2021-08-09 14:03:00,PANL
4.805,4.805,4.805,4.805,300,2021-08-09 14:04:00,PANL
4.805,4.8199,4.805,4.8199,4616,2021-08-09 14:07:00,PANL
4.81,4.81,4.81,4.81,2100,2021-08-09 14:08:00,PANL
4.7999,4.7999,4.7999,4.7999,300,2021-08-09 14:09:00,PANL
4.75,4.75,4.75,4.75,100,2021-08-09 14:10:00,PANL
4.7595,4.7595,4.7595,4.7595,100,2021-08-09 14:14:00,PANL
4.75,4.75,4.75,4.75,808,2021-08-09 14:15:00,PANL
4.73,4.74,4.73,4.739,2400,2021-08-09 14:16:00,PANL
4.7446,4.7446,4.7446,4.7446,100,2021-08-09 14:17:00,PANL
4.73,4.76,4.73,4.76,900,2021-08-09 14:19:00,PANL
4.73,4.73,4.73,4.73,300,2021-08-09 14:20:00,PANL
4.73,4.7477,4.73,4.7477,480,2021-08-09 14:21:00,PANL
4.76,4.76,4.76,4.76,200,2021-08-09 14:22:00,PANL
4.75,4.766,4.75,4.766,300,2021-08-09 14:23:00,PANL
4.74,4.74,4.74,4.74,300,2021-08-09 14:24:00,PANL
4.7598,4.7598,4.7598,4.7598,300,2021-08-09 14:26:00,PANL
4.76,4.76,4.76,4.76,1352,2021-08-09 14:27:00,PANL
4.7699,4.7699,4.7699,4.7699,300,2021-08-09 14:28:00,PANL
4.74,4.74,4.74,4.74,500,2021-08-09 14:29:00,PANL
4.7699,4.7699,4.7699,4.7699,2500,2021-08-09 14:34:00,PANL
4.7699,4.7699,4.7699,4.7699,1000,2021-08-09 14:35:00,PANL
4.7699,4.7699,4.755,4.755,1100,2021-08-09 14:36:00,PANL
4.7406,4.7406,4.7406,4.7406,200,2021-08-09 14:38:00,PANL
4.7406,4.7406,4.7406,4.7406,200,2021-08-09 14:39:00,PANL
4.77,4.77,4.77,4.77,500,2021-08-09 14:42:00,PANL
4.77,4.77,4.74,4.74,1528,2021-08-09 14:43:00,PANL
4.76,4.76,4.76,4.76,250,2021-08-09 14:47:00,PANL
4.77,4.77,4.77,4.77,2000,2021-08-09 14:49:00,PANL
4.7573,4.7573,4.7573,4.7573,300,2021-08-09 14:51:00,PANL
4.73,4.73,4.73,4.73,300,2021-08-09 14:52:00,PANL
4.7301,4.7504,4.7301,4.7504,500,2021-08-09 14:54:00,PANL
4.7504,4.7504,4.7504,4.7504,200,2021-08-09 14:56:00,PANL
4.77,4.77,4.77,4.77,900,2021-08-09 14:57:00,PANL
4.79,4.82,4.79,4.82,1841,2021-08-09 14:59:00,PANL
4.8004,4.8004,4.78,4.78,800,2021-08-09 15:00:00,PANL
4.76,4.76,4.76,4.76,100,2021-08-09 15:14:00,PANL
4.76,4.76,4.76,4.76,1257,2021-08-09 15:19:00,PANL
4.76,4.76,4.76,4.76,1000,2021-08-09 15:23:00,PANL
4.76,4.76,4.76,4.76,206,2021-08-09 15:29:00,PANL
4.77,4.77,4.77,4.77,100,2021-08-09 15:32:00,PANL
4.8,4.8,4.8,4.8,100,2021-08-09 15:48:00,PANL
4.82,4.85,4.82,4.82,1300,2021-08-09 15:57:00,PANL
4.86,4.86,4.86,4.86,100,2021-08-09 15:59:00,PANL
4.8599,4.8599,4.8599,4.8599,500,2021-08-09 16:03:00,PANL
4.84,4.84,4.84,4.84,200,2021-08-09 16:10:00,PANL
4.8455,4.8455,4.8455,4.8455,225,2021-08-09 16:14:00,PANL
4.8448,4.8448,4.8448,4.8448,200,2021-08-09 16:16:00,PANL
4.84,4.8406,4.8,4.8,1143,2021-08-09 16:17:00,PANL
4.82,4.82,4.82,4.82,1403,2021-08-09 16:23:00,PANL
4.82,4.82,4.82,4.82,200,2021-08-09 16:28:00,PANL
4.8006,4.8006,4.8006,4.8006,100,2021-08-09 16:35:00,PANL
4.82,4.82,4.82,4.82,189,2021-08-09 16:40:00,PANL
4.8389,4.8389,4.8204,4.8204,1100,2021-08-09 16:42:00,PANL
4.8207,4.8207,4.8207,4.8207,100,2021-08-09 16:43:00,PANL
4.82,4.82,4.79,4.79,300,2021-08-09 16:44:00,PANL
4.8192,4.8192,4.8192,4.8192,100,2021-08-09 16:51:00,PANL
4.82,4.82,4.82,4.82,100,2021-08-09 16:52:00,PANL
4.8135,4.8135,4.8135,4.8135,368,2021-08-09 16:59:00,PANL
4.81,4.81,4.81,4.81,100,2021-08-09 17:00:00,PANL
4.81,4.81,4.81,4.81,100,2021-08-09 17:08:00,PANL
4.79,4.79,4.79,4.79,200,2021-08-09 17:12:00,PANL
4.8,4.804,4.7995,4.8,1100,2021-08-09 17:19:00,PANL
4.81,4.82,4.8095,4.82,5336,2021-08-09 17:21:00,PANL
4.8099,4.8099,4.8099,4.8099,3000,2021-08-09 17:22:00,PANL
4.8,4.8098,4.8,4.8098,3200,2021-08-09 17:23:00,PANL
4.81,4.81,4.81,4.81,400,2021-08-09 17:24:00,PANL
4.825,4.84,4.825,4.84,1200,2021-08-09 17:25:00,PANL
4.84,4.84,4.82,4.82,1139,2021-08-09 17:27:00,PANL
4.82,4.82,4.82,4.82,400,2021-08-09 17:28:00,PANL
4.84,4.84,4.84,4.84,3000,2021-08-09 17:30:00,PANL
4.8201,4.8201,4.82,4.82,4150,2021-08-09 17:33:00,PANL
4.82,4.82,4.82,4.82,1100,2021-08-09 17:34:00,PANL
4.839,4.839,4.839,4.839,106,2021-08-09 17:35:00,PANL
4.8236,4.8236,4.8236,4.8236,200,2021-08-09 17:38:00,PANL
4.8224,4.8224,4.8224,4.8224,200,2021-08-09 17:39:00,PANL
4.82,4.82,4.82,4.82,200,2021-08-09 17:43:00,PANL
4.83,4.83,4.83,4.83,1100,2021-08-09 17:48:00,PANL
4.84,4.84,4.84,4.84,123,2021-08-09 17:53:00,PANL
4.85,4.85,4.85,4.85,100,2021-08-09 17:58:00,PANL
4.85,4.85,4.85,4.85,300,2021-08-09 18:04:00,PANL
4.86,4.86,4.86,4.86,100,2021-08-09 18:13:00,PANL
4.88,4.88,4.86,4.86,1700,2021-08-09 18:17:00,PANL
4.858,4.858,4.854,4.854,500,2021-08-09 18:23:00,PANL
4.86,4.86,4.86,4.86,350,2021-08-09 18:27:00,PANL
4.85,4.85,4.85,4.85,3601,2021-08-09 18:29:00,PANL
4.8328,4.8328,4.8328,4.8328,200,2021-08-09 18:31:00,PANL
4.84,4.84,4.84,4.84,222,2021-08-09 18:32:00,PANL
4.85,4.85,4.85,4.85,400,2021-08-09 18:34:00,PANL
4.854,4.854,4.854,4.854,125,2021-08-09 18:38:00,PANL
4.8475,4.8475,4.8475,4.8475,100,2021-08-09 18:42:00,PANL
4.855,4.855,4.855,4.855,100,2021-08-09 18:53:00,PANL
4.86,4.862,4.86,4.86,1898,2021-08-09 18:59:00,PANL
4.86,4.86,4.86,4.86,200,2021-08-09 19:00:00,PANL
4.87,4.88,4.87,4.88,1300,2021-08-09 19:09:00,PANL
4.89,4.89,4.89,4.89,100,2021-08-09 19:10:00,PANL
4.89,4.89,4.89,4.89,1000,2021-08-09 19:14:00,PANL
4.899,4.91,4.89,4.89,2000,2021-08-09 19:16:00,PANL
4.9,4.9,4.89,4.89,600,2021-08-09 19:20:00,PANL
4.895,4.895,4.895,4.895,100,2021-08-09 19:21:00,PANL
4.89,4.89,4.89,4.89,100,2021-08-09 19:22:00,PANL
4.89,4.89,4.88,4.88,700,2021-08-09 19:23:00,PANL
4.89,4.89,4.89,4.89,100,2021-08-09 19:24:00,PANL
4.8827,4.8827,4.8827,4.8827,100,2021-08-09 19:26:00,PANL
4.8891,4.8891,4.8818,4.8818,314,2021-08-09 19:27:00,PANL
4.885,4.885,4.885,4.885,471,2021-08-09 19:28:00,PANL
4.89,4.9,4.89,4.9,600,2021-08-09 19:29:00,PANL
4.91,4.91,4.9,4.9,2299,2021-08-09 19:31:00,PANL
4.895,4.91,4.895,4.9092,2840,2021-08-09 19:32:00,PANL
4.91,4.91,4.89,4.9098,3038,2021-08-09 19:33:00,PANL
4.92,4.92,4.92,4.92,300,2021-08-09 19:34:00,PANL
4.93,4.93,4.905,4.92,3123,2021-08-09 19:37:00,PANL
4.9,4.9,4.9,4.9,300,2021-08-09 19:38:00,PANL
4.918,4.92,4.9,4.9,2770,2021-08-09 19:39:00,PANL
4.9,4.91,4.89,4.89,600,2021-08-09 19:40:00,PANL
4.88,4.88,4.88,4.88,578,2021-08-09 19:41:00,PANL
4.89,4.9,4.89,4.9,740,2021-08-09 19:44:00,PANL
4.9,4.9,4.9,4.9,100,2021-08-09 19:46:00,PANL
4.9,4.938,4.9,4.92,6845,2021-08-09 19:49:00,PANL
4.91,4.92,4.91,4.92,1900,2021-08-09 19:50:00,PANL
4.92,4.92,4.91,4.91,800,2021-08-09 19:52:00,PANL
4.9027,4.9027,4.8936,4.8936,1199,2021-08-09 19:53:00,PANL
4.9,4.92,4.895,4.895,1700,2021-08-09 19:55:00,PANL
4.9,4.9,4.9,4.9,200,2021-08-09 19:56:00,PANL
4.9,4.92,4.9,4.92,2432,2021-08-09 19:57:00,PANL
4.91,4.91,4.91,4.91,400,2021-08-09 19:58:00,PANL
4.92,4.93,4.92,4.93,1312,2021-08-09 19:59:00,PANL
4.94,4.94,4.94,4.94,1872,2021-08-09 20:00:00,PANL
4.92,4.9352,4.92,4.9352,1891,2021-08-10 13:30:00,PANL
4.9164,4.9164,4.9164,4.9164,200,2021-08-10 13:34:00,PANL
4.92,4.92,4.9117,4.92,3481,2021-08-10 13:36:00,PANL
4.92,4.92,4.92,4.92,100,2021-08-10 13:37:00,PANL
4.92,4.92,4.92,4.92,149,2021-08-10 13:39:00,PANL
4.94,4.94,4.938,4.94,1998,2021-08-10 13:40:00,PANL
4.91,4.92,4.87,4.894,4623,2021-08-10 13:42:00,PANL
4.95,4.95,4.95,4.95,200,2021-08-10 13:46:00,PANL
4.915,4.915,4.915,4.915,200,2021-08-10 13:49:00,PANL
4.915,4.915,4.915,4.915,1735,2021-08-10 13:50:00,PANL
4.89,4.89,4.89,4.89,100,2021-08-10 13:51:00,PANL
4.89,4.89,4.89,4.89,500,2021-08-10 13:57:00,PANL
4.92,4.98,4.92,4.9762,4945,2021-08-10 14:00:00,PANL
4.965,4.965,4.9547,4.9547,600,2021-08-10 14:03:00,PANL
4.9502,4.97,4.9502,4.97,12000,2021-08-10 14:04:00,PANL
4.97,4.97,4.97,4.97,1000,2021-08-10 14:05:00,PANL
4.9609,4.9609,4.9609,4.9609,300,2021-08-10 14:07:00,PANL
4.97,4.99,4.95,4.96,4166,2021-08-10 14:18:00,PANL
4.96,4.96,4.95,4.95,1092,2021-08-10 14:28:00,PANL
4.9499,4.9499,4.9499,4.9499,100,2021-08-10 14:33:00,PANL
4.95,4.98,4.95,4.97,20590,2021-08-10 14:37:00,PANL
4.985,4.99,4.96,4.96,2900,2021-08-10 14:41:00,PANL
4.9845,4.9845,4.9845,4.9845,1000,2021-08-10 14:44:00,PANL
4.975,4.975,4.96,4.96,400,2021-08-10 14:47:00,PANL
4.96,4.96,4.96,4.96,100,2021-08-10 14:48:00,PANL
4.975,4.975,4.975,4.975,500,2021-08-10 14:50:00,PANL
4.98,4.99,4.975,4.975,3615,2021-08-10 14:51:00,PANL
4.97,4.97,4.97,4.97,49118,2021-08-10 14:52:00,PANL
4.94,4.94,4.94,4.94,2100,2021-08-10 14:53:00,PANL
4.92,4.92,4.92,4.92,200,2021-08-10 14:55:00,PANL
4.93,4.94,4.93,4.94,728,2021-08-10 14:56:00,PANL
4.9327,4.9327,4.9327,4.9327,150,2021-08-10 15:05:00,PANL
4.95,4.97,4.95,4.97,2172,2021-08-10 15:15:00,PANL
4.96,4.96,4.96,4.96,100,2021-08-10 15:16:00,PANL
4.97,4.97,4.97,4.97,1559,2021-08-10 15:24:00,PANL
4.97,4.97,4.97,4.97,500,2021-08-10 15:28:00,PANL
4.97,4.97,4.97,4.97,216,2021-08-10 15:29:00,PANL
4.97,4.97,4.97,4.97,500,2021-08-10 15:30:00,PANL
4.97,4.97,4.97,4.97,800,2021-08-10 15:32:00,PANL
4.97,4.97,4.97,4.97,200,2021-08-10 15:34:00,PANL
4.97,4.97,4.97,4.97,300,2021-08-10 15:35:00,PANL
4.98,4.98,4.98,4.98,666,2021-08-10 15:36:00,PANL
4.975,4.975,4.975,4.975,100,2021-08-10 15:37:00,PANL
4.97,4.97,4.95,4.95,6717,2021-08-10 15:38:00,PANL
4.96,4.96,4.96,4.96,200,2021-08-10 15:42:00,PANL
4.96,4.97,4.96,4.97,1300,2021-08-10 15:48:00,PANL
4.965,4.965,4.965,4.965,600,2021-08-10 15:49:00,PANL
4.96,4.96,4.96,4.96,200,2021-08-10 15:51:00,PANL
4.969,4.97,4.969,4.97,300,2021-08-10 15:56:00,PANL
4.97,4.97,4.97,4.97,200,2021-08-10 15:59:00,PANL
4.97,4.97,4.97,4.97,300,2021-08-10 16:05:00,PANL
4.96,4.96,4.96,4.96,200,2021-08-10 16:13:00,PANL
4.96,4.96,4.96,4.96,1000,2021-08-10 16:18:00,PANL
4.95,4.95,4.95,4.95,100,2021-08-10 16:25:00,PANL
4.97,4.97,4.97,4.97,10836,2021-08-10 16:26:00,PANL
4.97,4.97,4.97,4.97,2191,2021-08-10 16:27:00,PANL
4.95,4.95,4.95,4.95,100,2021-08-10 16:30:00,PANL
4.96,4.96,4.96,4.96,154,2021-08-10 16:40:00,PANL
4.96,4.96,4.96,4.96,100,2021-08-10 16:43:00,PANL
4.96,4.96,4.96,4.96,100,2021-08-10 16:44:00,PANL
4.97,4.97,4.97,4.97,100,2021-08-10 16:46:00,PANL
4.97,4.97,4.97,4.97,1000,2021-08-10 16:51:00,PANL
4.98,4.98,4.97,4.97,5224,2021-08-10 16:53:00,PANL
4.97,4.97,4.97,4.97,500,2021-08-10 16:54:00,PANL
4.97,4.97,4.97,4.97,100,2021-08-10 16:55:00,PANL
4.96,4.96,4.96,4.96,200,2021-08-10 16:59:00,PANL
4.97,4.97,4.97,4.97,1104,2021-08-10 17:10:00,PANL
4.97,4.97,4.97,4.97,300,2021-08-10 17:12:00,PANL
4.9623,4.9623,4.9601,4.9601,500,2021-08-10 17:13:00,PANL
4.9601,4.9601,4.9601,4.9601,900,2021-08-10 17:14:00,PANL
4.9799,4.9799,4.97,4.97,1200,2021-08-10 17:15:00,PANL
4.97,4.97,4.97,4.97,200,2021-08-10 17:16:00,PANL
4.97,4.97,4.97,4.97,2179,2021-08-10 17:17:00,PANL
4.97,4.97,4.97,4.97,100,2021-08-10 17:21:00,PANL
4.97,4.97,4.97,4.97,2833,2021-08-10 17:22:00,PANL
4.97,4.97,4.97,4.97,500,2021-08-10 17:23:00,PANL
4.97,4.97,4.97,4.97,1193,2021-08-10 17:24:00,PANL
4.97,4.97,4.97,4.97,293,2021-08-10 17:25:00,PANL
4.97,4.9799,4.97,4.9799,3720,2021-08-10 17:26:00,PANL
4.97,4.9778,4.97,4.97,2894,2021-08-10 17:27:00,PANL
4.97,4.97,4.97,4.97,776,2021-08-10 17:28:00,PANL
4.97,4.97,4.96,4.96,1800,2021-08-10 17:29:00,PANL
4.97,4.97,4.97,4.97,100,2021-08-10 17:30:00,PANL
4.9699,4.97,4.9699,4.97,7945,2021-08-10 17:33:00,PANL
4.97,4.97,4.97,4.97,100,2021-08-10 17:34:00,PANL
4.97,4.97,4.97,4.97,125,2021-08-10 17:36:00,PANL
4.97,4.97,4.97,4.97,125,2021-08-10 17:37:00,PANL
4.96,4.96,4.96,4.96,100,2021-08-10 17:43:00,PANL
4.965,4.97,4.93,4.93,14406,2021-08-10 17:44:00,PANL
4.955,4.96,4.955,4.9599,877,2021-08-10 17:55:00,PANL
4.9501,4.9899,4.9501,4.97,7009,2021-08-10 17:57:00,PANL
4.9501,4.97,4.9501,4.97,2514,2021-08-10 18:02:00,PANL
4.96,4.96,4.92,4.93,10300,2021-08-10 18:09:00,PANL
4.96,4.96,4.94,4.94,500,2021-08-10 18:16:00,PANL
4.945,4.945,4.945,4.945,500,2021-08-10 18:17:00,PANL
4.95,4.95,4.95,4.95,100,2021-08-10 18:18:00,PANL
4.95,4.95,4.95,4.95,200,2021-08-10 18:19:00,PANL
4.9599,4.9599,4.9599,4.9599,970,2021-08-10 18:24:00,PANL
4.95,4.95,4.95,4.95,1000,2021-08-10 18:28:00,PANL
4.96,4.96,4.96,4.96,100,2021-08-10 18:31:00,PANL
4.955,4.955,4.955,4.955,100,2021-08-10 18:35:00,PANL
4.95,4.95,4.95,4.95,485,2021-08-10 18:38:00,PANL
4.96,4.96,4.96,4.96,606,2021-08-10 18:43:00,PANL
4.9675,4.9675,4.9675,4.9675,400,2021-08-10 18:45:00,PANL
4.97,4.975,4.97,4.97,3931,2021-08-10 18:50:00,PANL
4.97,4.97,4.97,4.97,2423,2021-08-10 18:56:00,PANL
4.965,4.965,4.956,4.956,1100,2021-08-10 18:57:00,PANL
4.97,4.97,4.9662,4.97,1100,2021-08-10 18:59:00,PANL
4.97,4.975,4.96,4.975,9050,2021-08-10 19:02:00,PANL
4.9799,4.9799,4.9799,4.9799,600,2021-08-10 19:09:00,PANL
4.9675,4.9675,4.9675,4.9675,200,2021-08-10 19:12:00,PANL
4.97,4.97,4.97,4.97,3000,2021-08-10 19:13:00,PANL
4.97,4.97,4.97,4.97,100,2021-08-10 19:16:00,PANL
4.97,4.97,4.97,4.97,138,2021-08-10 19:21:00,PANL
4.97,4.97,4.96,4.96,456,2021-08-10 19:24:00,PANL
4.96,4.965,4.95,4.95,1610,2021-08-10 19:27:00,PANL
4.94,4.945,4.94,4.945,830,2021-08-10 19:28:00,PANL
4.945,4.945,4.945,4.945,100,2021-08-10 19:31:00,PANL
4.94,4.945,4.94,4.945,200,2021-08-10 19:33:00,PANL
4.945,4.945,4.945,4.945,100,2021-08-10 19:34:00,PANL
4.945,4.945,4.945,4.945,850,2021-08-10 19:36:00,PANL
4.945,4.945,4.945,4.945,200,2021-08-10 19:40:00,PANL
4.945,4.945,4.945,4.945,100,2021-08-10 19:41:00,PANL
4.945,4.96,4.945,4.96,2200,2021-08-10 19:42:00,PANL
4.965,4.965,4.965,4.965,100,2021-08-10 19:47:00,PANL
4.96,4.96,4.96,4.96,130,2021-08-10 19:48:00,PANL
4.96,4.96,4.96,4.96,400,2021-08-10 19:49:00,PANL
4.97,4.97,4.97,4.97,100,2021-08-10 19:50:00,PANL
4.9627,4.97,4.96,4.96,900,2021-08-10 19:51:00,PANL
4.97,4.97,4.97,4.97,400,2021-08-10 19:53:00,PANL
4.97,4.98,4.97,4.97,4424,2021-08-10 19:54:00,PANL
4.96,4.97,4.96,4.97,930,2021-08-10 19:55:00,PANL
4.96,4.9722,4.96,4.9722,675,2021-08-10 19:56:00,PANL
4.9693,4.97,4.9693,4.97,200,2021-08-10 19:57:00,PANL
4.97,4.97,4.97,4.97,300,2021-08-10 19:58:00,PANL
4.96,4.97,4.96,4.97,1477,2021-08-10 19:59:00,PANL
4.97,4.97,4.97,4.97,4612,2021-08-10 20:00:00,PANL
5.0,5.0,5.0,5.0,301,2021-08-10 20:06:00,PANL
5.0,5.0,5.0,5.0,351,2021-08-10 20:07:00,PANL
5.0,5.0,5.0,5.0,1000,2021-08-10 20:11:00,PANL
5.0,5.0,5.0,5.0,2000,2021-08-10 20:12:00,PANL
4.98,4.98,4.975,4.975,800,2021-08-10 20:16:00,PANL
4.98,4.98,4.975,4.98,1600,2021-08-10 20:17:00,PANL
5.0,5.0,5.0,5.0,1000,2021-08-10 20:21:00,PANL
5.0,5.0,5.0,5.0,1000,2021-08-10 20:23:00,PANL
5.0,5.0,5.0,5.0,100,2021-08-10 20:25:00,PANL
5.04,5.79,5.04,5.51,14636,2021-08-10 20:34:00,PANL
5.7,5.7,5.22,5.22,1958,2021-08-10 20:35:00,PANL
5.12,5.18,5.04,5.04,26141,2021-08-10 20:36:00,PANL
4.99,4.99,4.98,4.98,700,2021-08-10 20:37:00,PANL
5.04,5.05,5.0,5.04,5250,2021-08-10 20:38:00,PANL
5.01,5.01,4.95,4.99,3257,2021-08-10 20:39:00,PANL
4.98,5.0,4.96,4.98,852,2021-08-10 20:40:00,PANL
4.98,4.98,4.97,4.97,550,2021-08-10 20:41:00,PANL
4.9501,4.97,4.95,4.95,1627,2021-08-10 20:42:00,PANL
5.0,5.01,5.0,5.01,961,2021-08-10 20:44:00,PANL
5.0201,5.0201,5.01,5.01,1450,2021-08-10 20:46:00,PANL
5.02,5.04,5.02,5.04,550,2021-08-10 20:49:00,PANL
5.02,5.02,5.01,5.01,774,2021-08-10 20:52:00,PANL
5.0022,5.0022,5.0022,5.0022,100,2021-08-10 20:53:00,PANL
5.02,5.02,4.99,4.99,1300,2021-08-10 20:54:00,PANL
4.99,4.99,4.95,4.95,1849,2021-08-10 21:00:00,PANL
4.95,4.95,4.95,4.95,800,2021-08-10 21:01:00,PANL
4.96,4.96,4.96,4.96,250,2021-08-10 21:08:00,PANL
4.96,4.96,4.9,4.9,1600,2021-08-10 21:12:00,PANL
4.9,4.9,4.9,4.9,100,2021-08-10 21:16:00,PANL
4.8,4.8,4.8,4.8,2100,2021-08-10 21:18:00,PANL
4.8,4.85,4.8,4.85,918,2021-08-10 21:19:00,PANL
4.86,4.86,4.86,4.86,200,2021-08-10 21:23:00,PANL
4.85,4.85,4.85,4.85,200,2021-08-10 21:25:00,PANL
4.85,4.85,4.85,4.85,800,2021-08-10 21:26:00,PANL
4.86,4.86,4.86,4.86,200,2021-08-10 21:28:00,PANL
4.86,4.86,4.82,4.82,200,2021-08-10 21:29:00,PANL
4.84,4.84,4.84,4.84,290,2021-08-10 21:32:00,PANL
4.8,4.8,4.8,4.8,107,2021-08-10 21:33:00,PANL
4.8,4.8,4.8,4.8,300,2021-08-10 21:34:00,PANL
4.8,4.8,4.8,4.8,600,2021-08-10 21:35:00,PANL
4.83,4.9,4.8,4.8,4439,2021-08-10 21:47:00,PANL
5.0,5.0,5.0,5.0,403,2021-08-10 21:48:00,PANL
4.97,4.97,4.97,4.97,400,2021-08-10 21:55:00,PANL
4.85,4.85,4.85,4.85,200,2021-08-10 23:29:00,PANL
4.8,4.8,4.8,4.8,205,2021-08-10 23:59:00,PANL
4.98,4.98,4.98,4.98,100,2021-08-11 08:36:00,PANL
4.98,4.98,4.98,4.98,100,2021-08-11 08:37:00,PANL
5.0,5.0,5.0,5.0,200,2021-08-11 11:00:00,PANL
4.85,4.85,4.85,4.85,150,2021-08-11 11:01:00,PANL
4.8037,4.8037,4.8,4.8,1060,2021-08-11 12:13:00,PANL
4.9,4.9,4.9,4.9,250,2021-08-11 13:07:00,PANL
4.9,4.9,4.9,4.9,200,2021-08-11 13:16:00,PANL
4.94,4.94,4.94,4.94,250,2021-08-11 13:17:00,PANL
4.96,4.96,4.96,4.96,923,2021-08-11 13:21:00,PANL
4.98,4.99,4.98,4.99,1800,2021-08-11 13:23:00,PANL
4.99,4.99,4.96,4.96,1890,2021-08-11 13:24:00,PANL
4.96,4.96,4.96,4.96,315,2021-08-11 13:27:00,PANL
4.93,4.93,4.93,4.93,331,2021-08-11 13:28:00,PANL
4.97,4.97,4.89,4.93,11643,2021-08-11 13:30:00,PANL
4.95,4.97,4.95,4.97,3375,2021-08-11 13:31:00,PANL
4.97,4.97,4.97,4.97,100,2021-08-11 13:32:00,PANL
4.9899,4.99,4.9899,4.99,200,2021-08-11 13:33:00,PANL
4.9662,4.9662,4.9662,4.9662,300,2021-08-11 13:34:00,PANL
4.97,4.97,4.94,4.9401,2442,2021-08-11 13:35:00,PANL
4.9599,4.9599,4.9599,4.9599,100,2021-08-11 13:36:00,PANL
4.94,4.95,4.94,4.95,200,2021-08-11 13:37:00,PANL
4.95,4.95,4.95,4.95,100,2021-08-11 13:38:00,PANL
4.9401,4.9401,4.94,4.94,1700,2021-08-11 13:39:00,PANL
4.97,4.97,4.97,4.97,200,2021-08-11 13:40:00,PANL
4.94,4.95,4.94,4.95,3611,2021-08-11 13:41:00,PANL
4.97,4.97,4.97,4.97,300,2021-08-11 13:42:00,PANL
4.98,4.98,4.97,4.975,7097,2021-08-11 13:43:00,PANL
4.975,4.98,4.96,4.98,2456,2021-08-11 13:44:00,PANL
4.975,4.975,4.975,4.975,100,2021-08-11 13:45:00,PANL
4.98,4.98,4.97,4.97,750,2021-08-11 13:46:00,PANL
4.98,4.98,4.9702,4.9702,701,2021-08-11 13:47:00,PANL
4.9701,4.98,4.9701,4.98,1168,2021-08-11 13:48:00,PANL
4.9834,4.9834,4.9717,4.98,667,2021-08-11 13:49:00,PANL
4.98,4.98,4.98,4.98,100,2021-08-11 13:50:00,PANL
4.96,4.99,4.96,4.9617,25774,2021-08-11 13:52:00,PANL
4.97,4.98,4.97,4.98,26259,2021-08-11 13:54:00,PANL
4.96,4.96,4.9408,4.9408,467,2021-08-11 13:55:00,PANL
4.95,4.95,4.95,4.95,200,2021-08-11 13:56:00,PANL
4.94,4.94,4.94,4.94,500,2021-08-11 14:00:00,PANL
4.94,4.94,4.94,4.94,300,2021-08-11 14:02:00,PANL
4.94,4.95,4.94,4.95,480,2021-08-11 14:03:00,PANL
4.93,4.93,4.93,4.93,408,2021-08-11 14:05:00,PANL
4.936,4.95,4.936,4.95,426,2021-08-11 14:06:00,PANL
4.95,4.95,4.95,4.95,100,2021-08-11 14:07:00,PANL
4.945,4.945,4.945,4.945,109,2021-08-11 14:09:00,PANL
4.97,4.97,4.97,4.97,2500,2021-08-11 14:12:00,PANL
4.97,4.97,4.97,4.97,500,2021-08-11 14:13:00,PANL
4.98,4.98,4.98,4.98,100,2021-08-11 14:14:00,PANL
4.98,4.98,4.98,4.98,100,2021-08-11 14:15:00,PANL
4.98,4.98,4.98,4.98,1000,2021-08-11 14:16:00,PANL
4.971,4.9793,4.97,4.9793,600,2021-08-11 14:18:00,PANL
4.971,4.9732,4.971,4.971,600,2021-08-11 14:20:00,PANL
4.99,4.99,4.98,4.99,7589,2021-08-11 14:25:00,PANL
4.98,4.98,4.975,4.975,350,2021-08-11 14:26:00,PANL
4.9762,4.9762,4.9762,4.9762,1000,2021-08-11 14:27:00,PANL
4.98,4.98,4.98,4.98,600,2021-08-11 14:29:00,PANL
4.975,4.975,4.9712,4.9712,1400,2021-08-11 14:32:00,PANL
4.98,4.98,4.9701,4.975,792,2021-08-11 14:33:00,PANL
4.975,4.975,4.975,4.975,194,2021-08-11 14:35:00,PANL
4.9773,4.9773,4.97,4.975,740,2021-08-11 14:36:00,PANL
4.97,4.98,4.97,4.98,1241,2021-08-11 14:37:00,PANL
4.97,4.97,4.97,4.97,200,2021-08-11 14:39:00,PANL
4.9701,4.9701,4.9701,4.9701,200,2021-08-11 14:40:00,PANL
4.975,4.975,4.975,4.975,346,2021-08-11 14:41:00,PANL
4.97,4.985,4.97,4.975,1199,2021-08-11 14:42:00,PANL
4.975,4.98,4.975,4.975,10300,2021-08-11 14:43:00,PANL
4.97,4.97,4.97,4.97,230,2021-08-11 14:44:00,PANL
4.975,4.975,4.975,4.975,100,2021-08-11 14:46:00,PANL
4.98,4.98,4.98,4.98,100,2021-08-11 14:48:00,PANL
4.98,5.005,4.98,5.005,22782,2021-08-11 14:49:00,PANL
5.005,5.02,5.005,5.015,28851,2021-08-11 14:50:00,PANL
5.015,5.015,5.0114,5.015,900,2021-08-11 14:51:00,PANL
5.015,5.02,5.015,5.02,6410,2021-08-11 14:52:00,PANL
5.02,5.02,5.0101,5.0101,1265,2021-08-11 14:53:00,PANL
5.03,5.03,5.02,5.02,3700,2021-08-11 14:54:00,PANL
5.02,5.04,5.02,5.04,493,2021-08-11 14:56:00,PANL
5.04,5.04,5.04,5.04,500,2021-08-11 14:57:00,PANL
5.032,5.032,5.032,5.032,400,2021-08-11 14:58:00,PANL
5.0412,5.0412,5.0412,5.0412,300,2021-08-11 14:59:00,PANL
5.04,5.04,5.04,5.04,3400,2021-08-11 15:00:00,PANL
5.03,5.05,5.03,5.04,6486,2021-08-11 15:01:00,PANL
5.0319,5.0319,5.0319,5.0319,470,2021-08-11 15:02:00,PANL
5.047,5.047,5.04,5.04,619,2021-08-11 15:03:00,PANL
5.05,5.05,5.05,5.05,200,2021-08-11 15:04:00,PANL
5.04,5.045,5.04,5.045,2100,2021-08-11 15:05:00,PANL
5.045,5.045,5.01,5.0153,4229,2021-08-11 15:06:00,PANL
5.0,5.0,4.9603,4.97,7681,2021-08-11 15:15:00,PANL
4.9743,4.9743,4.9743,4.9743,180,2021-08-11 15:17:00,PANL
4.965,4.98,4.965,4.97,8100,2021-08-11 15:19:00,PANL
5.0,5.0,5.0,5.0,100,2021-08-11 15:22:00,PANL
4.98,4.98,4.98,4.98,100,2021-08-11 15:23:00,PANL
4.96,4.96,4.96,4.96,500,2021-08-11 15:25:00,PANL
4.975,4.975,4.975,4.975,500,2021-08-11 15:26:00,PANL
4.975,4.975,4.975,4.975,1000,2021-08-11 15:29:00,PANL
4.975,4.975,4.975,4.975,1000,2021-08-11 15:31:00,PANL
4.975,4.975,4.97,4.97,1541,2021-08-11 15:32:00,PANL
4.97,4.97,4.97,4.97,1100,2021-08-11 15:33:00,PANL
4.975,4.975,4.97,4.975,1530,2021-08-11 15:34:00,PANL
4.975,4.99,4.975,4.99,1206,2021-08-11 15:35:00,PANL
4.98,4.98,4.98,4.98,1000,2021-08-11 15:36:00,PANL
4.98,4.98,4.98,4.98,1000,2021-08-11 15:37:00,PANL
4.98,4.98,4.98,4.98,1100,2021-08-11 15:39:00,PANL
4.98,4.98,4.98,4.98,1000,2021-08-11 15:40:00,PANL
4.98,4.98,4.98,4.98,1000,2021-08-11 15:41:00,PANL
4.98,5.0,4.98,4.98,3200,2021-08-11 15:42:00,PANL
4.96,4.96,4.96,4.96,1000,2021-08-11 15:44:00,PANL
4.975,4.975,4.975,4.975,100,2021-08-11 15:45:00,PANL
4.98,4.98,4.98,4.98,1000,2021-08-11 15:46:00,PANL
4.98,4.98,4.98,4.98,10203,2021-08-11 15:47:00,PANL
4.98,4.98,4.98,4.98,217,2021-08-11 15:48:00,PANL
4.98,4.98,4.98,4.98,1100,2021-08-11 15:49:00,PANL
4.98,4.98,4.975,4.975,1100,2021-08-11 15:50:00,PANL
4.975,4.975,4.975,4.975,1000,2021-08-11 15:51:00,PANL
4.975,4.975,4.94,4.955,7412,2021-08-11 15:52:00,PANL
4.94,4.9401,4.94,4.9401,1400,2021-08-11 15:53:00,PANL
4.94,4.95,4.94,4.95,1200,2021-08-11 15:54:00,PANL
4.9301,4.95,4.93,4.95,1240,2021-08-11 15:55:00,PANL
4.9497,4.95,4.93,4.93,1300,2021-08-11 15:56:00,PANL
4.931,4.94,4.931,4.94,1976,2021-08-11 15:57:00,PANL
4.94,4.94,4.94,4.94,200,2021-08-11 15:58:00,PANL
4.94,4.95,4.94,4.95,200,2021-08-11 15:59:00,PANL
4.94,4.9593,4.94,4.9593,1400,2021-08-11 16:00:00,PANL
4.95,4.95,4.95,4.95,200,2021-08-11 16:04:00,PANL
4.95,4.95,4.95,4.95,100,2021-08-11 16:06:00,PANL
4.96,4.96,4.95,4.95,1492,2021-08-11 16:09:00,PANL
4.96,4.97,4.96,4.97,1487,2021-08-11 16:12:00,PANL
4.96,4.97,4.96,4.97,1200,2021-08-11 16:15:00,PANL
4.96,4.96,4.96,4.96,100,2021-08-11 16:17:00,PANL
4.97,4.98,4.97,4.98,21018,2021-08-11 16:18:00,PANL
4.975,4.975,4.975,4.975,300,2021-08-11 16:19:00,PANL
4.975,4.975,4.975,4.975,200,2021-08-11 16:23:00,PANL
4.975,4.975,4.975,4.975,675,2021-08-11 16:24:00,PANL
4.975,4.975,4.975,4.975,100,2021-08-11 16:26:00,PANL
4.975,4.975,4.975,4.975,200,2021-08-11 16:28:00,PANL
4.975,4.975,4.975,4.975,200,2021-08-11 16:37:00,PANL
4.975,4.975,4.975,4.975,100,2021-08-11 16:39:00,PANL
4.96,4.96,4.96,4.96,1926,2021-08-11 16:40:00,PANL
4.963,4.97,4.96,4.97,1000,2021-08-11 16:41:00,PANL
4.99,4.99,4.99,4.99,487,2021-08-11 16:42:00,PANL
4.99,4.99,4.99,4.99,6512,2021-08-11 16:46:00,PANL
4.99,4.99,4.97,4.97,1615,2021-08-11 16:50:00,PANL
4.99,4.99,4.99,4.99,200,2021-08-11 16:54:00,PANL
4.99,4.99,4.9817,4.99,8086,2021-08-11 16:56:00,PANL
4.99,4.99,4.99,4.99,516,2021-08-11 16:57:00,PANL
4.99,4.99,4.99,4.99,140,2021-08-11 16:58:00,PANL
4.99,4.99,4.99,4.99,319,2021-08-11 17:02:00,PANL
4.99,4.99,4.99,4.99,200,2021-08-11 17:04:00,PANL
4.981,4.981,4.93,4.93,21057,2021-08-11 17:07:00,PANL
4.932,4.932,4.91,4.93,21376,2021-08-11 17:10:00,PANL
4.94,4.945,4.94,4.945,200,2021-08-11 17:11:00,PANL
4.93,4.94,4.93,4.94,500,2021-08-11 17:14:00,PANL
4.935,4.935,4.9,4.915,10511,2021-08-11 17:17:00,PANL
4.9001,4.9001,4.9,4.9,11000,2021-08-11 17:18:00,PANL
4.915,4.915,4.915,4.915,200,2021-08-11 17:25:00,PANL
4.93,4.93,4.93,4.93,100,2021-08-11 17:26:00,PANL
4.93,4.93,4.93,4.93,145,2021-08-11 17:27:00,PANL
4.95,4.95,4.95,4.95,200,2021-08-11 17:28:00,PANL
4.9301,4.9301,4.9301,4.9301,2000,2021-08-11 17:31:00,PANL
4.93,4.93,4.93,4.93,1000,2021-08-11 17:32:00,PANL
4.945,4.945,4.945,4.945,300,2021-08-11 17:33:00,PANL
4.96,4.96,4.96,4.96,199,2021-08-11 17:36:00,PANL
4.96,4.96,4.96,4.96,200,2021-08-11 17:38:00,PANL
4.97,4.97,4.97,4.97,188,2021-08-11 17:43:00,PANL
4.97,4.97,4.97,4.97,116,2021-08-11 17:44:00,PANL
4.97,4.97,4.97,4.97,100,2021-08-11 17:45:00,PANL
4.9699,4.9699,4.96,4.96,1500,2021-08-11 17:46:00,PANL
4.96,4.96,4.96,4.96,377,2021-08-11 17:47:00,PANL
4.96,4.96,4.95,4.96,2591,2021-08-11 17:48:00,PANL
4.965,4.97,4.965,4.97,392,2021-08-11 17:50:00,PANL
4.96,4.96,4.96,4.96,1000,2021-08-11 17:51:00,PANL
4.96,4.96,4.96,4.96,100,2021-08-11 17:52:00,PANL
4.97,4.97,4.97,4.97,200,2021-08-11 17:53:00,PANL
4.9556,4.9556,4.9556,4.9556,1500,2021-08-11 17:54:00,PANL
4.9699,4.9699,4.9699,4.9699,200,2021-08-11 17:57:00,PANL
4.96,4.96,4.96,4.96,500,2021-08-11 18:00:00,PANL
4.96,4.96,4.96,4.96,200,2021-08-11 18:01:00,PANL
4.955,4.96,4.955,4.96,700,2021-08-11 18:04:00,PANL
4.955,4.955,4.955,4.955,100,2021-08-11 18:05:00,PANL
4.96,4.96,4.96,4.96,700,2021-08-11 18:06:00,PANL
4.97,4.97,4.97,4.97,100,2021-08-11 18:07:00,PANL
4.97,4.97,4.97,4.97,200,2021-08-11 18:08:00,PANL
4.97,4.97,4.97,4.97,200,2021-08-11 18:09:00,PANL
4.97,4.97,4.97,4.97,100,2021-08-11 18:10:00,PANL
4.97,4.97,4.97,4.97,200,2021-08-11 18:12:00,PANL
4.97,4.97,4.97,4.97,200,2021-08-11 18:15:00,PANL
4.97,4.97,4.97,4.97,682,2021-08-11 18:19:00,PANL
4.97,4.97,4.97,4.97,200,2021-08-11 18:21:00,PANL
4.97,4.97,4.97,4.97,100,2021-08-11 18:22:00,PANL
4.97,4.97,4.97,4.97,200,2021-08-11 18:23:00,PANL
4.9743,4.9743,4.9743,4.9743,1000,2021-08-11 18:24:00,PANL
4.97,4.98,4.97,4.97,300,2021-08-11 18:25:00,PANL
4.97,4.97,4.97,4.97,1100,2021-08-11 18:26:00,PANL
4.97,4.97,4.97,4.97,100,2021-08-11 18:27:00,PANL
4.97,4.97,4.97,4.97,201,2021-08-11 18:28:00,PANL
4.97,4.97,4.97,4.97,500,2021-08-11 18:30:00,PANL
4.96,4.97,4.95,4.96,10789,2021-08-11 18:33:00,PANL
4.96,4.96,4.94,4.95,3876,2021-08-11 18:34:00,PANL
4.9247,4.95,4.9247,4.95,7139,2021-08-11 18:35:00,PANL
4.95,4.95,4.95,4.95,200,2021-08-11 18:41:00,PANL
4.95,4.95,4.95,4.95,200,2021-08-11 18:45:00,PANL
4.95,4.95,4.93,4.93,200,2021-08-11 18:47:00,PANL
4.95,4.95,4.95,4.95,100,2021-08-11 18:49:00,PANL
4.95,4.97,4.95,4.97,944,2021-08-11 18:52:00,PANL
4.97,4.97,4.97,4.97,100,2021-08-11 18:53:00,PANL
4.97,4.97,4.97,4.97,100,2021-08-11 18:55:00,PANL
4.97,4.97,4.96,4.9622,400,2021-08-11 18:56:00,PANL
4.965,4.965,4.96,4.96,400,2021-08-11 18:57:00,PANL
4.9583,4.9583,4.9583,4.9583,193,2021-08-11 18:58:00,PANL
4.9599,4.9599,4.9599,4.9599,200,2021-08-11 19:00:00,PANL
4.955,4.96,4.955,4.96,200,2021-08-11 19:01:00,PANL
4.955,4.955,4.955,4.955,100,2021-08-11 19:02:00,PANL
4.96,4.96,4.96,4.96,100,2021-08-11 19:03:00,PANL
4.95,4.955,4.95,4.955,624,2021-08-11 19:05:00,PANL
4.95,4.95,4.95,4.95,968,2021-08-11 19:06:00,PANL
4.9426,4.9426,4.9425,4.9425,520,2021-08-11 19:07:00,PANL
4.95,4.95,4.95,4.95,100,2021-08-11 19:08:00,PANL
4.95,4.95,4.95,4.95,639,2021-08-11 19:11:00,PANL
4.95,4.95,4.95,4.95,800,2021-08-11 19:13:00,PANL
4.9482,4.9482,4.9482,4.9482,100,2021-08-11 19:14:00,PANL
4.94,4.94,4.92,4.93,2800,2021-08-11 19:16:00,PANL
4.92,4.92,4.915,4.92,800,2021-08-11 19:17:00,PANL
4.92,4.92,4.92,4.92,700,2021-08-11 19:19:00,PANL
4.929,4.929,4.92,4.92,700,2021-08-11 19:21:00,PANL
4.9194,4.9194,4.9194,4.9194,722,2021-08-11 19:24:00,PANL
4.92,4.92,4.92,4.92,700,2021-08-11 19:25:00,PANL
4.935,4.94,4.935,4.94,2100,2021-08-11 19:26:00,PANL
4.95,4.95,4.95,4.95,100,2021-08-11 19:27:00,PANL
4.93,4.975,4.93,4.975,5236,2021-08-11 19:29:00,PANL
4.975,4.975,4.975,4.975,294,2021-08-11 19:30:00,PANL
4.9775,4.98,4.96,4.96,19116,2021-08-11 19:31:00,PANL
4.955,4.955,4.955,4.955,200,2021-08-11 19:32:00,PANL
4.955,4.955,4.955,4.955,200,2021-08-11 19:33:00,PANL
4.97,4.97,4.97,4.97,164,2021-08-11 19:36:00,PANL
4.97,4.97,4.97,4.97,300,2021-08-11 19:37:00,PANL
4.9722,4.9722,4.96,4.96,1300,2021-08-11 19:38:00,PANL
4.9627,4.9627,4.9627,4.9627,1000,2021-08-11 19:39:00,PANL
4.9699,4.9699,4.96,4.96,2200,2021-08-11 19:40:00,PANL
4.96,4.96,4.96,4.96,100,2021-08-11 19:41:00,PANL
4.97,4.97,4.97,4.97,292,2021-08-11 19:44:00,PANL
4.965,4.965,4.965,4.965,100,2021-08-11 19:45:00,PANL
4.97,4.97,4.97,4.97,1395,2021-08-11 19:46:00,PANL
4.97,4.97,4.965,4.97,400,2021-08-11 19:48:00,PANL
4.97,4.97,4.97,4.97,100,2021-08-11 19:49:00,PANL
4.97,4.97,4.95,4.95,4708,2021-08-11 19:50:00,PANL
4.95,4.95,4.95,4.95,197,2021-08-11 19:51:00,PANL
4.96,4.96,4.96,4.96,100,2021-08-11 19:52:00,PANL
4.96,4.96,4.9418,4.9418,300,2021-08-11 19:54:00,PANL
4.9412,4.96,4.94,4.96,1263,2021-08-11 19:55:00,PANL
4.97,4.97,4.97,4.97,300,2021-08-11 19:56:00,PANL
4.97,4.97,4.965,4.965,1250,2021-08-11 19:57:00,PANL
4.965,4.97,4.96,4.96,1534,2021-08-11 19:58:00,PANL
4.97,4.98,4.9697,4.98,3027,2021-08-11 19:59:00,PANL
4.97,4.97,4.97,4.97,5015,2021-08-11 20:00:00,PANL
4.94,4.94,4.9394,4.9394,2509,2021-08-12 13:30:00,PANL
4.9333,4.9333,4.9333,4.9333,100,2021-08-12 13:33:00,PANL
4.92,4.92,4.92,4.92,500,2021-08-12 13:36:00,PANL
4.9341,4.9341,4.9341,4.9341,250,2021-08-12 13:37:00,PANL
4.9401,4.9401,4.9401,4.9401,2500,2021-08-12 13:41:00,PANL
4.94,4.94,4.94,4.94,650,2021-08-12 13:45:00,PANL
4.92,4.92,4.92,4.92,3882,2021-08-12 13:48:00,PANL
4.9499,4.9499,4.9499,4.9499,500,2021-08-12 13:59:00,PANL
4.91,4.91,4.91,4.91,707,2021-08-12 14:00:00,PANL
4.94,4.94,4.94,4.94,100,2021-08-12 14:11:00,PANL
4.92,4.92,4.92,4.92,100,2021-08-12 14:17:00,PANL
4.91,4.9118,4.91,4.91,1250,2021-08-12 14:18:00,PANL
4.925,4.925,4.925,4.925,1220,2021-08-12 14:28:00,PANL
4.9101,4.9101,4.9101,4.9101,500,2021-08-12 14:29:00,PANL
4.9223,4.925,4.9223,4.925,6341,2021-08-12 14:32:00,PANL
4.92,4.92,4.92,4.92,494,2021-08-12 14:41:00,PANL
4.94,4.94,4.9397,4.9397,1718,2021-08-12 14:42:00,PANL
4.93,4.945,4.93,4.945,555,2021-08-12 14:43:00,PANL
4.93,4.93,4.93,4.93,200,2021-08-12 14:52:00,PANL
4.94,4.94,4.94,4.94,100,2021-08-12 14:53:00,PANL
4.9073,4.9073,4.9001,4.9001,4305,2021-08-12 15:17:00,PANL
4.913,4.913,4.91,4.9101,5974,2021-08-12 15:20:00,PANL
4.94,4.94,4.94,4.94,100,2021-08-12 15:24:00,PANL
4.9343,4.9343,4.9343,4.9343,100,2021-08-12 15:28:00,PANL
4.92,4.92,4.92,4.92,100,2021-08-12 15:42:00,PANL
4.93,4.93,4.93,4.93,750,2021-08-12 15:46:00,PANL
4.9073,4.9073,4.9073,4.9073,102,2021-08-12 15:47:00,PANL
4.9184,4.9184,4.9184,4.9184,100,2021-08-12 15:48:00,PANL
4.92,4.92,4.92,4.92,100,2021-08-12 15:56:00,PANL
4.92,4.92,4.92,4.92,750,2021-08-12 15:57:00,PANL
4.92,4.92,4.92,4.92,2578,2021-08-12 15:59:00,PANL
4.91,4.94,4.91,4.94,1600,2021-08-12 16:03:00,PANL
4.938,4.938,4.938,4.938,100,2021-08-12 16:21:00,PANL
4.94,4.94,4.94,4.94,141,2021-08-12 16:22:00,PANL
4.95,4.95,4.95,4.95,300,2021-08-12 16:29:00,PANL
4.94,4.94,4.94,4.94,184,2021-08-12 16:40:00,PANL
4.94,4.94,4.93,4.94,3199,2021-08-12 16:41:00,PANL
4.95,4.95,4.95,4.95,113,2021-08-12 16:42:00,PANL
4.9484,4.9484,4.9484,4.9484,300,2021-08-12 16:43:00,PANL
4.945,4.945,4.945,4.945,400,2021-08-12 16:44:00,PANL
4.94,4.94,4.94,4.94,100,2021-08-12 16:47:00,PANL
4.94,4.94,4.94,4.94,5077,2021-08-12 16:48:00,PANL
4.95,4.95,4.95,4.95,100,2021-08-12 16:49:00,PANL
4.93,4.9373,4.92,4.92,1338,2021-08-12 16:51:00,PANL
4.92,4.92,4.92,4.92,100,2021-08-12 17:14:00,PANL
4.924,4.924,4.924,4.924,255,2021-08-12 17:17:00,PANL
4.93,4.93,4.93,4.93,300,2021-08-12 17:21:00,PANL
4.9173,4.9173,4.9173,4.9173,890,2021-08-12 17:26:00,PANL
4.92,4.92,4.92,4.92,100,2021-08-12 17:37:00,PANL
4.911,4.911,4.911,4.911,500,2021-08-12 17:41:00,PANL
4.91,4.92,4.91,4.91,1239,2021-08-12 17:46:00,PANL
4.91,4.91,4.91,4.91,100,2021-08-12 17:48:00,PANL
4.9,4.9,4.9,4.9,400,2021-08-12 17:56:00,PANL
4.905,4.905,4.9,4.9,4973,2021-08-12 18:00:00,PANL
4.89,4.895,4.89,4.89,700,2021-08-12 18:01:00,PANL
4.89,4.89,4.89,4.89,4222,2021-08-12 18:02:00,PANL
4.9,4.91,4.9,4.91,400,2021-08-12 18:07:00,PANL
4.913,4.913,4.913,4.913,1000,2021-08-12 18:08:00,PANL
4.906,4.906,4.906,4.906,200,2021-08-12 18:15:00,PANL
4.91,4.91,4.91,4.91,250,2021-08-12 18:16:00,PANL
4.91,4.91,4.91,4.91,800,2021-08-12 18:22:00,PANL
4.91,4.91,4.91,4.91,808,2021-08-12 18:27:00,PANL
4.91,4.91,4.91,4.91,100,2021-08-12 18:31:00,PANL
4.91,4.91,4.91,4.91,100,2021-08-12 18:38:00,PANL
4.91,4.91,4.91,4.91,688,2021-08-12 18:46:00,PANL
4.92,4.92,4.9191,4.9191,200,2021-08-12 18:48:00,PANL
4.92,4.94,4.92,4.94,1700,2021-08-12 18:49:00,PANL
4.93,4.93,4.93,4.93,100,2021-08-12 18:56:00,PANL
4.92,4.92,4.92,4.92,776,2021-08-12 18:57:00,PANL
4.93,4.93,4.93,4.93,1000,2021-08-12 18:59:00,PANL
4.93,4.93,4.93,4.93,200,2021-08-12 19:00:00,PANL
4.94,4.95,4.94,4.95,2962,2021-08-12 19:01:00,PANL
4.94,4.95,4.94,4.95,4406,2021-08-12 19:04:00,PANL
4.943,4.943,4.943,4.943,1000,2021-08-12 19:10:00,PANL
4.95,4.95,4.9499,4.95,900,2021-08-12 19:14:00,PANL
4.95,4.95,4.95,4.95,100,2021-08-12 19:15:00,PANL
4.95,4.96,4.95,4.96,400,2021-08-12 19:16:00,PANL
4.95,4.95,4.95,4.95,200,2021-08-12 19:28:00,PANL
4.96,4.96,4.96,4.96,200,2021-08-12 19:31:00,PANL
4.95,4.95,4.95,4.95,100,2021-08-12 19:34:00,PANL
4.95,4.95,4.95,4.95,1100,2021-08-12 19:36:00,PANL
4.96,4.96,4.96,4.96,200,2021-08-12 19:38:00,PANL
4.96,4.96,4.96,4.96,300,2021-08-12 19:39:00,PANL
4.97,4.97,4.97,4.97,1389,2021-08-12 19:41:00,PANL
4.96,4.96,4.96,4.96,2642,2021-08-12 19:43:00,PANL
4.96,4.96,4.96,4.96,271,2021-08-12 19:44:00,PANL
4.97,4.97,4.97,4.97,388,2021-08-12 19:45:00,PANL
4.9526,4.9526,4.9526,4.9526,1000,2021-08-12 19:46:00,PANL
4.97,4.97,4.97,4.97,100,2021-08-12 19:47:00,PANL
4.97,4.97,4.97,4.97,500,2021-08-12 19:49:00,PANL
4.97,4.97,4.97,4.97,200,2021-08-12 19:50:00,PANL
4.97,4.97,4.93,4.93,10154,2021-08-12 19:51:00,PANL
4.95,4.95,4.92,4.92,10226,2021-08-12 19:52:00,PANL
4.9201,4.9399,4.9201,4.9201,6950,2021-08-12 19:53:00,PANL
4.93,4.93,4.895,4.91,10047,2021-08-12 19:54:00,PANL
4.92,4.92,4.92,4.92,788,2021-08-12 19:56:00,PANL
4.93,4.94,4.93,4.94,400,2021-08-12 19:57:00,PANL
4.94,4.95,4.9396,4.95,4234,2021-08-12 19:58:00,PANL
4.95,4.95,4.92,4.92,3635,2021-08-12 19:59:00,PANL
4.95,4.95,4.95,4.95,2102,2021-08-12 20:00:00,PANL
4.91,4.9448,4.91,4.9448,3949,2021-08-13 13:30:00,PANL
4.925,4.925,4.925,4.925,485,2021-08-13 13:31:00,PANL
4.9,4.9124,4.89,4.9124,538,2021-08-13 13:33:00,PANL
4.9,4.9,4.9,4.9,2041,2021-08-13 13:36:00,PANL
4.93,4.93,4.93,4.93,7580,2021-08-13 13:42:00,PANL
4.875,4.9,4.87,4.87,1500,2021-08-13 13:50:00,PANL
4.855,4.855,4.7,4.79,25487,2021-08-13 13:52:00,PANL
4.79,4.79,4.79,4.79,100,2021-08-13 14:03:00,PANL
4.81,4.81,4.79,4.79,1140,2021-08-13 14:05:00,PANL
4.79,4.79,4.79,4.79,2000,2021-08-13 14:06:00,PANL
4.81,4.81,4.81,4.81,100,2021-08-13 14:08:00,PANL
4.8,4.81,4.78,4.81,6805,2021-08-13 14:10:00,PANL
4.8,4.8,4.79,4.79,500,2021-08-13 14:11:00,PANL
4.8,4.8,4.77,4.77,2325,2021-08-13 14:13:00,PANL
4.77,4.77,4.77,4.77,400,2021-08-13 14:14:00,PANL
4.77,4.77,4.77,4.77,200,2021-08-13 14:15:00,PANL
4.7755,4.7755,4.7755,4.7755,2000,2021-08-13 14:16:00,PANL
4.78,4.8,4.78,4.8,225,2021-08-13 14:17:00,PANL
4.78,4.7832,4.78,4.7828,700,2021-08-13 14:18:00,PANL
4.7978,4.7978,4.78,4.78,1099,2021-08-13 14:21:00,PANL
4.7785,4.7785,4.77,4.7783,750,2021-08-13 14:22:00,PANL
4.78,4.78,4.78,4.78,300,2021-08-13 14:23:00,PANL
4.76,4.76,4.76,4.76,100,2021-08-13 14:24:00,PANL
4.775,4.78,4.775,4.78,309,2021-08-13 14:25:00,PANL
4.76,4.76,4.76,4.76,200,2021-08-13 14:26:00,PANL
4.76,4.76,4.76,4.76,100,2021-08-13 14:27:00,PANL
4.77,4.77,4.7627,4.7627,300,2021-08-13 14:28:00,PANL
4.77,4.77,4.77,4.77,788,2021-08-13 14:29:00,PANL
4.77,4.7899,4.77,4.7899,300,2021-08-13 14:30:00,PANL
4.79,4.79,4.78,4.78,1144,2021-08-13 14:31:00,PANL
4.78,4.78,4.78,4.78,300,2021-08-13 14:32:00,PANL
4.7834,4.7834,4.7834,4.7834,495,2021-08-13 14:34:00,PANL
4.7899,4.7899,4.7899,4.7899,1000,2021-08-13 14:36:00,PANL
4.79,4.79,4.77,4.77,1100,2021-08-13 14:37:00,PANL
4.79,4.79,4.78,4.79,662,2021-08-13 14:39:00,PANL
4.79,4.79,4.79,4.79,538,2021-08-13 14:45:00,PANL
4.78,4.79,4.78,4.79,600,2021-08-13 14:48:00,PANL
4.78,4.8,4.78,4.7981,450,2021-08-13 14:51:00,PANL
4.795,4.795,4.795,4.795,100,2021-08-13 14:53:00,PANL
4.7927,4.7927,4.7927,4.7927,100,2021-08-13 14:54:00,PANL
4.8,4.8,4.8,4.8,534,2021-08-13 14:55:00,PANL
4.8,4.8,4.8,4.8,1670,2021-08-13 14:58:00,PANL
4.805,4.81,4.805,4.81,332,2021-08-13 14:59:00,PANL
4.81,4.83,4.81,4.8297,441,2021-08-13 15:01:00,PANL
4.825,4.825,4.825,4.825,200,2021-08-13 15:06:00,PANL
4.82,4.82,4.82,4.82,300,2021-08-13 15:07:00,PANL
4.82,4.82,4.82,4.82,100,2021-08-13 15:08:00,PANL
4.82,4.82,4.82,4.82,100,2021-08-13 15:12:00,PANL
4.825,4.825,4.81,4.81,400,2021-08-13 15:13:00,PANL
4.81,4.81,4.8,4.8099,6989,2021-08-13 15:19:00,PANL
4.8,4.8,4.8,4.8,2179,2021-08-13 15:22:00,PANL
4.8,4.81,4.7997,4.8,2080,2021-08-13 15:24:00,PANL
4.8027,4.8027,4.8027,4.8027,200,2021-08-13 15:26:00,PANL
4.8,4.8,4.8,4.8,100,2021-08-13 15:27:00,PANL
4.7927,4.7927,4.79,4.79,400,2021-08-13 15:28:00,PANL
4.79,4.79,4.78,4.79,2704,2021-08-13 15:30:00,PANL
4.77,4.7834,4.77,4.7834,900,2021-08-13 15:32:00,PANL
4.77,4.7736,4.77,4.7736,500,2021-08-13 15:35:00,PANL
4.7746,4.7746,4.7746,4.7746,2533,2021-08-13 15:38:00,PANL
4.776,4.776,4.776,4.776,1000,2021-08-13 15:42:00,PANL
4.7701,4.7701,4.7701,4.7701,2000,2021-08-13 15:43:00,PANL
4.7864,4.7864,4.77,4.78,2700,2021-08-13 15:44:00,PANL
4.7729,4.78,4.7729,4.78,500,2021-08-13 15:45:00,PANL
4.77,4.7718,4.76,4.7699,2381,2021-08-13 15:54:00,PANL
4.76,4.76,4.75,4.75,10832,2021-08-13 15:58:00,PANL
4.75,4.75,4.73,4.73,2146,2021-08-13 16:00:00,PANL
4.74,4.74,4.735,4.735,225,2021-08-13 16:08:00,PANL
4.72,4.74,4.72,4.74,2037,2021-08-13 16:09:00,PANL
4.7309,4.7309,4.7309,4.7309,271,2021-08-13 16:10:00,PANL
4.74,4.74,4.74,4.74,389,2021-08-13 16:12:00,PANL
4.745,4.745,4.74,4.74,3000,2021-08-13 16:14:00,PANL
4.743,4.743,4.743,4.743,500,2021-08-13 16:15:00,PANL
4.7499,4.7499,4.7499,4.7499,263,2021-08-13 16:16:00,PANL
4.75,4.75,4.75,4.75,500,2021-08-13 16:18:00,PANL
4.75,4.75,4.75,4.75,400,2021-08-13 16:19:00,PANL
4.7582,4.7582,4.7582,4.7582,420,2021-08-13 16:21:00,PANL
4.75,4.75,4.75,4.75,1500,2021-08-13 16:25:00,PANL
4.75,4.75,4.75,4.75,1000,2021-08-13 16:28:00,PANL
4.75,4.75,4.75,4.75,478,2021-08-13 16:33:00,PANL
4.7473,4.7473,4.7473,4.7473,200,2021-08-13 16:34:00,PANL
4.75,4.75,4.75,4.75,200,2021-08-13 16:35:00,PANL
4.7465,4.7465,4.7465,4.7465,400,2021-08-13 16:40:00,PANL
4.7519,4.7519,4.7519,4.7519,100,2021-08-13 16:41:00,PANL
4.74,4.74,4.74,4.74,800,2021-08-13 16:46:00,PANL
4.7599,4.7599,4.7599,4.7599,5000,2021-08-13 16:50:00,PANL
4.76,4.77,4.76,4.76,4449,2021-08-13 16:52:00,PANL
4.77,4.77,4.77,4.77,270,2021-08-13 16:53:00,PANL
4.76,4.785,4.76,4.78,3532,2021-08-13 16:54:00,PANL
4.77,4.77,4.77,4.77,200,2021-08-13 16:55:00,PANL
4.77,4.77,4.7616,4.7616,637,2021-08-13 16:56:00,PANL
4.77,4.77,4.76,4.76,1300,2021-08-13 17:07:00,PANL
4.76,4.76,4.76,4.76,570,2021-08-13 17:08:00,PANL
4.755,4.755,4.755,4.755,270,2021-08-13 17:09:00,PANL
4.755,4.755,4.755,4.755,223,2021-08-13 17:10:00,PANL
4.755,4.755,4.755,4.755,254,2021-08-13 17:11:00,PANL
4.755,4.755,4.755,4.755,249,2021-08-13 17:12:00,PANL
4.76,4.77,4.755,4.755,818,2021-08-13 17:15:00,PANL
4.755,4.755,4.755,4.755,200,2021-08-13 17:17:00,PANL
4.755,4.755,4.755,4.755,200,2021-08-13 17:20:00,PANL
4.76,4.76,4.755,4.76,6680,2021-08-13 17:23:00,PANL
4.76,4.76,4.755,4.76,1749,2021-08-13 17:24:00,PANL
4.76,4.76,4.76,4.76,2492,2021-08-13 17:25:00,PANL
4.76,4.76,4.76,4.76,243,2021-08-13 17:26:00,PANL
4.76,4.76,4.76,4.76,194,2021-08-13 17:27:00,PANL
4.755,4.755,4.74,4.75,4598,2021-08-13 17:31:00,PANL
4.745,4.745,4.745,4.745,100,2021-08-13 17:32:00,PANL
4.7402,4.7489,4.7402,4.7489,200,2021-08-13 17:33:00,PANL
4.745,4.745,4.745,4.745,324,2021-08-13 17:34:00,PANL
4.7499,4.7499,4.745,4.745,627,2021-08-13 17:39:00,PANL
4.745,4.755,4.745,4.75,6365,2021-08-13 17:46:00,PANL
4.745,4.745,4.745,4.745,270,2021-08-13 17:47:00,PANL
4.745,4.745,4.745,4.745,249,2021-08-13 17:48:00,PANL
4.745,4.745,4.7401,4.7401,607,2021-08-13 17:49:00,PANL
4.745,4.745,4.745,4.745,500,2021-08-13 17:50:00,PANL
4.745,4.745,4.745,4.745,300,2021-08-13 17:51:00,PANL
4.745,4.745,4.745,4.745,1000,2021-08-13 17:52:00,PANL
4.75,4.75,4.75,4.75,100,2021-08-13 17:53:00,PANL
4.74,4.74,4.74,4.74,1900,2021-08-13 17:59:00,PANL
4.745,4.745,4.745,4.745,1500,2021-08-13 18:02:00,PANL
4.74,4.7499,4.74,4.7499,1100,2021-08-13 18:05:00,PANL
4.75,4.75,4.74,4.74,7497,2021-08-13 18:06:00,PANL
4.74,4.74,4.74,4.74,100,2021-08-13 18:08:00,PANL
4.745,4.745,4.745,4.745,200,2021-08-13 18:09:00,PANL
4.7499,4.7499,4.7499,4.7499,500,2021-08-13 18:11:00,PANL
4.74,4.74,4.74,4.74,300,2021-08-13 18:12:00,PANL
4.74,4.74,4.74,4.74,200,2021-08-13 18:17:00,PANL
4.745,4.745,4.745,4.745,600,2021-08-13 18:19:00,PANL
4.74,4.74,4.74,4.74,900,2021-08-13 18:21:00,PANL
4.7499,4.7499,4.7499,4.7499,275,2021-08-13 18:22:00,PANL
4.74,4.74,4.74,4.74,200,2021-08-13 18:28:00,PANL
4.74,4.74,4.73,4.73,1000,2021-08-13 18:30:00,PANL
4.73,4.73,4.72,4.72,10067,2021-08-13 18:34:00,PANL
4.715,4.72,4.715,4.715,390,2021-08-13 18:35:00,PANL
4.715,4.715,4.715,4.715,100,2021-08-13 18:36:00,PANL
4.715,4.715,4.715,4.715,100,2021-08-13 18:37:00,PANL
4.715,4.715,4.671,4.671,30325,2021-08-13 18:38:00,PANL
4.68,4.6863,4.67,4.6863,2660,2021-08-13 18:39:00,PANL
4.685,4.685,4.685,4.685,100,2021-08-13 18:41:00,PANL
4.6712,4.6712,4.6712,4.6712,1000,2021-08-13 18:43:00,PANL
4.68,4.69,4.65,4.67,20681,2021-08-13 18:49:00,PANL
4.67,4.67,4.67,4.67,100,2021-08-13 18:50:00,PANL
4.68,4.68,4.67,4.6701,5436,2021-08-13 18:52:00,PANL
4.67,4.67,4.665,4.67,1835,2021-08-13 18:53:00,PANL
4.67,4.67,4.649,4.649,12818,2021-08-13 19:00:00,PANL
4.64,4.645,4.64,4.645,485,2021-08-13 19:01:00,PANL
4.645,4.6599,4.645,4.6599,600,2021-08-13 19:02:00,PANL
4.645,4.645,4.63,4.63,1200,2021-08-13 19:03:00,PANL
4.645,4.645,4.645,4.645,300,2021-08-13 19:05:00,PANL
4.645,4.645,4.645,4.645,267,2021-08-13 19:06:00,PANL
4.6589,4.6589,4.645,4.645,1100,2021-08-13 19:10:00,PANL
4.66,4.66,4.66,4.66,100,2021-08-13 19:11:00,PANL
4.66,4.69,4.65,4.675,22206,2021-08-13 19:12:00,PANL
4.675,4.675,4.66,4.66,1145,2021-08-13 19:13:00,PANL
4.6819,4.6819,4.675,4.675,621,2021-08-13 19:14:00,PANL
4.675,4.675,4.675,4.675,660,2021-08-13 19:17:00,PANL
4.675,4.675,4.675,4.675,246,2021-08-13 19:18:00,PANL
4.675,4.68,4.675,4.68,210,2021-08-13 19:24:00,PANL
4.685,4.685,4.685,4.685,107,2021-08-13 19:28:00,PANL
4.685,4.685,4.685,4.685,1165,2021-08-13 19:29:00,PANL
4.6807,4.6807,4.6807,4.6807,838,2021-08-13 19:32:00,PANL
4.68,4.68,4.6701,4.6701,733,2021-08-13 19:33:00,PANL
4.6799,4.6799,4.675,4.675,2788,2021-08-13 19:37:00,PANL
4.675,4.675,4.675,4.675,100,2021-08-13 19:39:00,PANL
4.675,4.675,4.675,4.675,128,2021-08-13 19:40:00,PANL
4.675,4.675,4.675,4.675,1100,2021-08-13 19:42:00,PANL
4.675,4.675,4.675,4.675,3620,2021-08-13 19:43:00,PANL
4.675,4.675,4.67,4.67,637,2021-08-13 19:44:00,PANL
4.67,4.67,4.665,4.665,1396,2021-08-13 19:45:00,PANL
4.665,4.665,4.665,4.665,1200,2021-08-13 19:46:00,PANL
4.665,4.67,4.665,4.665,9501,2021-08-13 19:47:00,PANL
4.665,4.6699,4.665,4.665,5959,2021-08-13 19:48:00,PANL
4.6699,4.67,4.663,4.665,5428,2021-08-13 19:49:00,PANL
4.665,4.665,4.665,4.665,900,2021-08-13 19:50:00,PANL
4.665,4.665,4.665,4.665,1300,2021-08-13 19:53:00,PANL
4.67,4.67,4.67,4.67,600,2021-08-13 19:54:00,PANL
4.68,4.7,4.68,4.7,1400,2021-08-13 19:55:00,PANL
4.69,4.69,4.69,4.69,1300,2021-08-13 19:56:00,PANL
4.69,4.7,4.69,4.7,7672,2021-08-13 19:57:00,PANL
4.7,4.72,4.7,4.72,5044,2021-08-13 19:58:00,PANL
4.7,4.72,4.7,4.71,2665,2021-08-13 19:59:00,PANL
4.7,4.7,4.7,4.7,3197,2021-08-13 20:00:00,PANL
4.65,4.65,4.6,4.65,1255,2021-08-16 13:25:00,PANL
4.63,4.63,4.63,4.63,11046,2021-08-16 13:30:00,PANL
4.62,4.64,4.61,4.61,6093,2021-08-16 13:31:00,PANL
4.6,4.6,4.52,4.5277,13261,2021-08-16 13:32:00,PANL
4.55,4.58,4.55,4.58,3000,2021-08-16 13:33:00,PANL
4.58,4.5943,4.55,4.55,1119,2021-08-16 13:38:00,PANL
4.55,4.55,4.55,4.55,300,2021-08-16 13:40:00,PANL
4.58,4.58,4.55,4.5609,7699,2021-08-16 13:44:00,PANL
4.56,4.56,4.56,4.56,200,2021-08-16 13:46:00,PANL
4.57,4.57,4.57,4.57,100,2021-08-16 13:49:00,PANL
4.57,4.57,4.57,4.57,798,2021-08-16 13:50:00,PANL
4.6,4.6,4.6,4.6,312,2021-08-16 13:51:00,PANL
4.6,4.63,4.6,4.63,700,2021-08-16 13:52:00,PANL
4.63,4.63,4.63,4.63,200,2021-08-16 13:53:00,PANL
4.63,4.63,4.63,4.63,100,2021-08-16 13:54:00,PANL
4.64,4.64,4.64,4.64,200,2021-08-16 13:55:00,PANL
4.64,4.64,4.62,4.62,600,2021-08-16 13:56:00,PANL
4.62,4.62,4.6,4.61,1883,2021-08-16 13:58:00,PANL
4.59,4.59,4.58,4.5801,5200,2021-08-16 13:59:00,PANL
4.58,4.62,4.58,4.62,200,2021-08-16 14:00:00,PANL
4.62,4.62,4.62,4.62,100,2021-08-16 14:01:00,PANL
4.6199,4.62,4.6199,4.62,1000,2021-08-16 14:02:00,PANL
4.64,4.64,4.63,4.63,4210,2021-08-16 14:04:00,PANL
4.63,4.63,4.63,4.63,274,2021-08-16 14:05:00,PANL
4.63,4.63,4.63,4.63,1092,2021-08-16 14:06:00,PANL
4.625,4.625,4.625,4.625,260,2021-08-16 14:07:00,PANL
4.625,4.6274,4.625,4.625,4383,2021-08-16 14:08:00,PANL
4.625,4.66,4.6201,4.64,7959,2021-08-16 14:09:00,PANL
4.64,4.65,4.64,4.64,2248,2021-08-16 14:10:00,PANL
4.6651,4.6651,4.6651,4.6651,215,2021-08-16 14:12:00,PANL
4.67,4.67,4.67,4.67,600,2021-08-16 14:14:00,PANL
4.6717,4.6717,4.6717,4.6717,722,2021-08-16 14:15:00,PANL
4.68,4.68,4.68,4.68,500,2021-08-16 14:19:00,PANL
4.66,4.67,4.66,4.67,1500,2021-08-16 14:20:00,PANL
4.67,4.67,4.67,4.67,300,2021-08-16 14:24:00,PANL
4.68,4.68,4.68,4.68,100,2021-08-16 14:25:00,PANL
4.6663,4.6663,4.6663,4.6663,800,2021-08-16 14:26:00,PANL
4.67,4.67,4.67,4.67,300,2021-08-16 14:27:00,PANL
4.67,4.67,4.67,4.67,100,2021-08-16 14:28:00,PANL
4.67,4.67,4.66,4.67,2940,2021-08-16 14:30:00,PANL
4.65,4.66,4.65,4.66,1745,2021-08-16 14:34:00,PANL
4.655,4.655,4.655,4.655,500,2021-08-16 14:35:00,PANL
4.6401,4.6401,4.6401,4.6401,400,2021-08-16 14:36:00,PANL
4.655,4.655,4.655,4.655,700,2021-08-16 14:37:00,PANL
4.67,4.67,4.67,4.67,500,2021-08-16 14:38:00,PANL
4.69,4.69,4.69,4.69,100,2021-08-16 14:40:00,PANL
4.69,4.69,4.69,4.69,1226,2021-08-16 14:41:00,PANL
4.7,4.72,4.7,4.72,1240,2021-08-16 14:42:00,PANL
4.71,4.72,4.71,4.72,542,2021-08-16 14:43:00,PANL
4.717,4.75,4.712,4.75,2530,2021-08-16 14:44:00,PANL
4.745,4.75,4.745,4.745,922,2021-08-16 14:45:00,PANL
4.745,4.75,4.745,4.75,4503,2021-08-16 14:46:00,PANL
4.745,4.75,4.745,4.75,800,2021-08-16 14:47:00,PANL
4.74,4.745,4.72,4.73,1361,2021-08-16 14:48:00,PANL
4.74,4.74,4.74,4.74,100,2021-08-16 14:49:00,PANL
4.74,4.74,4.725,4.725,2631,2021-08-16 14:50:00,PANL
4.73,4.73,4.72,4.725,2250,2021-08-16 14:52:00,PANL
4.72,4.72,4.72,4.72,500,2021-08-16 14:53:00,PANL
4.72,4.72,4.72,4.72,900,2021-08-16 14:55:00,PANL
4.72,4.72,4.72,4.72,700,2021-08-16 14:59:00,PANL
4.71,4.72,4.69,4.7,1696,2021-08-16 15:00:00,PANL
4.7,4.71,4.69,4.71,4780,2021-08-16 15:01:00,PANL
4.73,4.73,4.72,4.72,1599,2021-08-16 15:04:00,PANL
4.72,4.72,4.72,4.72,300,2021-08-16 15:09:00,PANL
4.73,4.73,4.72,4.72,1000,2021-08-16 15:12:00,PANL
4.73,4.73,4.72,4.72,3400,2021-08-16 15:14:00,PANL
4.7301,4.7301,4.7301,4.7301,150,2021-08-16 15:16:00,PANL
4.74,4.75,4.74,4.75,500,2021-08-16 15:17:00,PANL
4.76,4.76,4.76,4.76,1200,2021-08-16 15:18:00,PANL
4.7842,4.8,4.7842,4.79,8461,2021-08-16 15:19:00,PANL
4.7899,4.7899,4.78,4.7806,4100,2021-08-16 15:20:00,PANL
4.79,4.8,4.785,4.8,2439,2021-08-16 15:33:00,PANL
4.825,4.83,4.81,4.8202,2525,2021-08-16 15:34:00,PANL
4.82,4.82,4.82,4.82,500,2021-08-16 15:37:00,PANL
4.82,4.83,4.82,4.83,400,2021-08-16 15:38:00,PANL
4.83,4.83,4.82,4.82,900,2021-08-16 15:41:00,PANL
4.83,4.84,4.83,4.8399,10347,2021-08-16 15:42:00,PANL
4.84,4.86,4.84,4.84,3262,2021-08-16 15:43:00,PANL
4.85,4.86,4.85,4.8545,4272,2021-08-16 15:44:00,PANL
4.86,4.86,4.84,4.8524,2098,2021-08-16 15:45:00,PANL
4.868,4.868,4.868,4.868,500,2021-08-16 15:46:00,PANL
4.86,4.8684,4.86,4.8684,1798,2021-08-16 15:50:00,PANL
4.86,4.86,4.85,4.85,5330,2021-08-16 15:53:00,PANL
4.86,4.86,4.84,4.84,1088,2021-08-16 15:58:00,PANL
4.84,4.84,4.81,4.81,200,2021-08-16 16:02:00,PANL
4.84,4.84,4.84,4.84,100,2021-08-16 16:05:00,PANL
4.81,4.82,4.81,4.82,5265,2021-08-16 16:06:00,PANL
4.81,4.81,4.81,4.81,5165,2021-08-16 16:07:00,PANL
4.84,4.84,4.84,4.84,100,2021-08-16 16:08:00,PANL
4.821,4.821,4.81,4.81,1300,2021-08-16 16:16:00,PANL
4.7992,4.7992,4.7981,4.7981,700,2021-08-16 16:28:00,PANL
4.8,4.8,4.8,4.8,400,2021-08-16 16:29:00,PANL
4.79,4.79,4.79,4.79,600,2021-08-16 16:30:00,PANL
4.79,4.79,4.79,4.79,800,2021-08-16 16:31:00,PANL
4.79,4.79,4.79,4.79,200,2021-08-16 16:32:00,PANL
4.79,4.79,4.79,4.79,400,2021-08-16 16:33:00,PANL
4.79,4.79,4.79,4.79,400,2021-08-16 16:34:00,PANL
4.79,4.79,4.79,4.79,500,2021-08-16 16:35:00,PANL
4.79,4.79,4.79,4.79,1200,2021-08-16 16:38:00,PANL
4.78,4.78,4.77,4.77,1837,2021-08-16 16:41:00,PANL
4.77,4.77,4.77,4.77,100,2021-08-16 16:42:00,PANL
4.77,4.77,4.77,4.77,827,2021-08-16 16:44:00,PANL
4.775,4.775,4.775,4.775,200,2021-08-16 16:46:00,PANL
4.78,4.78,4.77,4.77,1816,2021-08-16 16:47:00,PANL
4.77,4.79,4.77,4.79,400,2021-08-16 16:52:00,PANL
4.775,4.775,4.775,4.775,100,2021-08-16 16:53:00,PANL
4.775,4.78,4.775,4.78,400,2021-08-16 16:55:00,PANL
4.775,4.775,4.775,4.775,200,2021-08-16 16:57:00,PANL
4.78,4.78,4.78,4.78,600,2021-08-16 16:58:00,PANL
4.78,4.78,4.78,4.78,700,2021-08-16 16:59:00,PANL
4.78,4.78,4.77,4.775,1000,2021-08-16 17:01:00,PANL
4.775,4.775,4.775,4.775,100,2021-08-16 17:02:00,PANL
4.775,4.775,4.775,4.775,100,2021-08-16 17:03:00,PANL
4.775,4.775,4.775,4.775,200,2021-08-16 17:04:00,PANL
4.775,4.775,4.775,4.775,100,2021-08-16 17:08:00,PANL
4.775,4.775,4.775,4.775,200,2021-08-16 17:09:00,PANL
4.775,4.775,4.77,4.775,400,2021-08-16 17:10:00,PANL
4.775,4.775,4.775,4.775,400,2021-08-16 17:11:00,PANL
4.77,4.77,4.77,4.77,200,2021-08-16 17:12:00,PANL
4.77,4.77,4.76,4.77,1000,2021-08-16 17:13:00,PANL
4.78,4.78,4.78,4.78,100,2021-08-16 17:15:00,PANL
4.77,4.78,4.77,4.78,300,2021-08-16 17:16:00,PANL
4.78,4.79,4.78,4.79,1000,2021-08-16 17:17:00,PANL
4.8,4.8,4.8,4.8,100,2021-08-16 17:18:00,PANL
4.8,4.8,4.8,4.8,500,2021-08-16 17:19:00,PANL
4.8,4.8,4.8,4.8,400,2021-08-16 17:20:00,PANL
4.8,4.8,4.79,4.8,672,2021-08-16 17:21:00,PANL
4.8,4.8,4.79,4.79,1000,2021-08-16 17:22:00,PANL
4.81,4.81,4.81,4.81,200,2021-08-16 17:25:00,PANL
4.81,4.81,4.81,4.81,300,2021-08-16 17:26:00,PANL
4.81,4.81,4.8,4.81,800,2021-08-16 17:27:00,PANL
4.81,4.82,4.81,4.82,788,2021-08-16 17:28:00,PANL
4.825,4.84,4.825,4.84,200,2021-08-16 17:29:00,PANL
4.85,4.85,4.85,4.85,300,2021-08-16 17:30:00,PANL
4.85,4.85,4.85,4.85,300,2021-08-16 17:31:00,PANL
4.85,4.85,4.85,4.85,322,2021-08-16 17:32:00,PANL
4.86,4.86,4.86,4.86,400,2021-08-16 17:33:00,PANL
4.87,4.87,4.87,4.87,223,2021-08-16 17:34:00,PANL
4.87,4.87,4.86,4.87,400,2021-08-16 17:35:00,PANL
4.87,4.87,4.87,4.87,300,2021-08-16 17:37:00,PANL
4.86,4.86,4.86,4.86,900,2021-08-16 17:38:00,PANL
4.855,4.855,4.855,4.855,2300,2021-08-16 17:40:00,PANL
4.855,4.855,4.8501,4.8501,2200,2021-08-16 17:41:00,PANL
4.855,4.855,4.855,4.855,200,2021-08-16 17:44:00,PANL
4.855,4.855,4.85,4.85,300,2021-08-16 17:47:00,PANL
4.86,4.86,4.855,4.855,400,2021-08-16 17:48:00,PANL
4.855,4.855,4.855,4.855,500,2021-08-16 17:49:00,PANL
4.85,4.855,4.85,4.8543,1398,2021-08-16 17:50:00,PANL
4.855,4.855,4.855,4.855,200,2021-08-16 17:51:00,PANL
4.855,4.855,4.855,4.855,500,2021-08-16 17:52:00,PANL
4.855,4.855,4.855,4.855,400,2021-08-16 17:53:00,PANL
4.85,4.87,4.85,4.86,907,2021-08-16 17:54:00,PANL
4.86,4.86,4.86,4.86,100,2021-08-16 17:55:00,PANL
4.86,4.87,4.86,4.86,500,2021-08-16 17:56:00,PANL
4.87,4.87,4.85,4.85,1579,2021-08-16 17:57:00,PANL
4.845,4.85,4.84,4.84,900,2021-08-16 17:58:00,PANL
4.845,4.845,4.845,4.845,316,2021-08-16 17:59:00,PANL
4.85,4.85,4.85,4.85,300,2021-08-16 18:00:00,PANL
4.85,4.85,4.85,4.85,100,2021-08-16 18:01:00,PANL
4.85,4.85,4.85,4.85,460,2021-08-16 18:02:00,PANL
4.85,4.85,4.85,4.85,100,2021-08-16 18:03:00,PANL
4.85,4.85,4.85,4.85,300,2021-08-16 18:04:00,PANL
4.85,4.85,4.84,4.85,3200,2021-08-16 18:05:00,PANL
4.845,4.87,4.845,4.85,4005,2021-08-16 18:06:00,PANL
4.855,4.86,4.85,4.85,3228,2021-08-16 18:07:00,PANL
4.85,4.86,4.85,4.86,1300,2021-08-16 18:08:00,PANL
4.87,4.87,4.86,4.86,2286,2021-08-16 18:12:00,PANL
4.86,4.86,4.86,4.86,1000,2021-08-16 18:13:00,PANL
4.8899,4.8899,4.881,4.8897,2857,2021-08-16 18:14:00,PANL
4.89,4.89,4.89,4.89,300,2021-08-16 18:16:00,PANL
4.9,4.9,4.9,4.9,200,2021-08-16 18:17:00,PANL
4.9,4.91,4.9,4.91,504,2021-08-16 18:18:00,PANL
4.91,4.91,4.89,4.89,1300,2021-08-16 18:19:00,PANL
4.89,4.89,4.88,4.885,1300,2021-08-16 18:20:00,PANL
4.88,4.88,4.88,4.88,870,2021-08-16 18:21:00,PANL
4.871,4.89,4.871,4.89,300,2021-08-16 18:24:00,PANL
4.88,4.885,4.88,4.885,2641,2021-08-16 18:25:00,PANL
4.89,4.9,4.89,4.9,500,2021-08-16 18:26:00,PANL
4.89,4.9,4.89,4.9,1340,2021-08-16 18:31:00,PANL
4.89,4.89,4.89,4.89,100,2021-08-16 18:32:00,PANL
4.89,4.89,4.89,4.89,1000,2021-08-16 18:35:00,PANL
4.89,4.89,4.89,4.89,400,2021-08-16 18:36:00,PANL
4.885,4.89,4.885,4.8882,600,2021-08-16 18:40:00,PANL
4.885,4.895,4.885,4.895,1100,2021-08-16 18:41:00,PANL
4.895,4.895,4.895,4.895,1100,2021-08-16 18:42:00,PANL
4.8999,4.8999,4.8999,4.8999,200,2021-08-16 18:43:00,PANL
4.895,4.895,4.895,4.895,600,2021-08-16 18:44:00,PANL
4.9,4.9,4.895,4.9,3921,2021-08-16 18:45:00,PANL
4.895,4.895,4.895,4.895,300,2021-08-16 18:46:00,PANL
4.895,4.895,4.895,4.895,300,2021-08-16 18:47:00,PANL
4.895,4.91,4.895,4.91,2400,2021-08-16 18:49:00,PANL
4.9299,4.9299,4.9299,4.9299,300,2021-08-16 18:50:00,PANL
4.93,4.93,4.93,4.93,148,2021-08-16 18:51:00,PANL
4.91,4.935,4.91,4.935,1000,2021-08-16 18:52:00,PANL
4.93,4.935,4.93,4.93,1153,2021-08-16 18:53:00,PANL
4.935,4.935,4.925,4.93,5993,2021-08-16 18:54:00,PANL
4.92,4.92,4.92,4.92,100,2021-08-16 18:55:00,PANL
4.92,4.92,4.92,4.92,615,2021-08-16 18:56:00,PANL
4.92,4.92,4.92,4.92,2847,2021-08-16 18:57:00,PANL
4.91,4.91,4.91,4.91,100,2021-08-16 18:59:00,PANL
4.9127,4.92,4.9127,4.92,500,2021-08-16 19:00:00,PANL
4.91,4.91,4.9,4.9,1530,2021-08-16 19:01:00,PANL
4.91,4.91,4.91,4.91,500,2021-08-16 19:04:00,PANL
4.92,4.92,4.91,4.91,300,2021-08-16 19:08:00,PANL
4.92,4.92,4.92,4.92,470,2021-08-16 19:09:00,PANL
4.93,4.93,4.93,4.93,893,2021-08-16 19:10:00,PANL
4.9201,4.94,4.9201,4.94,800,2021-08-16 19:12:00,PANL
4.93,4.93,4.93,4.93,500,2021-08-16 19:13:00,PANL
4.93,4.93,4.92,4.93,2000,2021-08-16 19:14:00,PANL
4.92,4.92,4.92,4.92,200,2021-08-16 19:16:00,PANL
4.9201,4.93,4.9201,4.93,911,2021-08-16 19:17:00,PANL
4.93,4.93,4.93,4.93,4250,2021-08-16 19:19:00,PANL
4.93,4.93,4.93,4.93,100,2021-08-16 19:20:00,PANL
4.925,4.925,4.925,4.925,200,2021-08-16 19:22:00,PANL
4.92,4.92,4.92,4.92,1008,2021-08-16 19:23:00,PANL
4.92,4.93,4.92,4.93,600,2021-08-16 19:27:00,PANL
4.93,4.94,4.92,4.92,2954,2021-08-16 19:28:00,PANL
4.93,4.93,4.93,4.93,100,2021-08-16 19:29:00,PANL
4.9101,4.93,4.9101,4.93,700,2021-08-16 19:31:00,PANL
4.93,4.94,4.93,4.93,911,2021-08-16 19:33:00,PANL
4.93,4.94,4.93,4.94,500,2021-08-16 19:34:00,PANL
4.93,4.93,4.93,4.93,400,2021-08-16 19:35:00,PANL
4.93,4.93,4.93,4.93,300,2021-08-16 19:36:00,PANL
4.93,4.93,4.93,4.93,400,2021-08-16 19:37:00,PANL
4.925,4.925,4.925,4.925,200,2021-08-16 19:38:00,PANL
4.93,4.93,4.93,4.93,300,2021-08-16 19:39:00,PANL
4.93,4.93,4.92,4.925,850,2021-08-16 19:40:00,PANL
4.92,4.92,4.91,4.91,1959,2021-08-16 19:41:00,PANL
4.9,4.9,4.89,4.89,1249,2021-08-16 19:43:00,PANL
4.88,4.89,4.88,4.89,920,2021-08-16 19:44:00,PANL
4.89,4.89,4.89,4.89,530,2021-08-16 19:45:00,PANL
4.88,4.8802,4.88,4.88,2970,2021-08-16 19:46:00,PANL
4.86,4.88,4.86,4.88,900,2021-08-16 19:48:00,PANL
4.88,4.9,4.88,4.88,1604,2021-08-16 19:49:00,PANL
4.874,4.88,4.87,4.87,996,2021-08-16 19:50:00,PANL
4.88,4.88,4.8799,4.8799,500,2021-08-16 19:51:00,PANL
4.88,4.88,4.88,4.88,300,2021-08-16 19:52:00,PANL
4.88,4.88,4.88,4.88,200,2021-08-16 19:53:00,PANL
4.88,4.89,4.88,4.89,2705,2021-08-16 19:54:00,PANL
4.88,4.89,4.88,4.89,400,2021-08-16 19:55:00,PANL
4.89,4.9,4.89,4.9,1876,2021-08-16 19:56:00,PANL
4.89,4.89,4.88,4.89,2900,2021-08-16 19:57:00,PANL
4.9,4.9,4.88,4.88,1100,2021-08-16 19:58:00,PANL
4.885,4.89,4.88,4.89,2554,2021-08-16 19:59:00,PANL
4.87,4.87,4.87,4.87,4544,2021-08-16 20:00:00,PANL
4.94,4.94,4.94,4.94,100,2021-08-16 21:38:00,PANL
4.83,4.83,4.81,4.81,3592,2021-08-17 13:30:00,PANL
4.75,4.75,4.75,4.75,100,2021-08-17 13:34:00,PANL
4.7541,4.7541,4.7541,4.7541,1000,2021-08-17 13:35:00,PANL
4.74,4.74,4.74,4.74,368,2021-08-17 13:36:00,PANL
4.755,4.755,4.755,4.755,100,2021-08-17 13:37:00,PANL
4.75,4.75,4.75,4.75,100,2021-08-17 13:38:00,PANL
4.78,4.83,4.78,4.83,1157,2021-08-17 13:40:00,PANL
4.8,4.8,4.8,4.8,372,2021-08-17 13:41:00,PANL
4.7595,4.78,4.7595,4.78,283,2021-08-17 13:44:00,PANL
4.81,4.81,4.81,4.81,100,2021-08-17 13:47:00,PANL
4.81,4.81,4.76,4.76,372,2021-08-17 13:54:00,PANL
4.78,4.78,4.73,4.755,2800,2021-08-17 13:56:00,PANL
4.7524,4.7524,4.7524,4.7524,187,2021-08-17 14:08:00,PANL
4.78,4.79,4.78,4.79,300,2021-08-17 14:10:00,PANL
4.7981,4.8,4.7981,4.8,900,2021-08-17 14:11:00,PANL
4.81,4.81,4.75,4.75,3919,2021-08-17 14:13:00,PANL
4.8,4.8,4.8,4.8,100,2021-08-17 14:15:00,PANL
4.78,4.78,4.78,4.78,100,2021-08-17 14:18:00,PANL
4.8,4.8,4.8,4.8,508,2021-08-17 14:20:00,PANL
4.8299,4.8299,4.8299,4.8299,500,2021-08-17 14:21:00,PANL
4.7964,4.7964,4.7964,4.7964,150,2021-08-17 14:26:00,PANL
4.828,4.85,4.828,4.84,1322,2021-08-17 14:27:00,PANL
4.86,4.86,4.83,4.83,855,2021-08-17 14:28:00,PANL
4.825,4.825,4.825,4.825,200,2021-08-17 14:36:00,PANL
4.825,4.84,4.82,4.82,800,2021-08-17 14:41:00,PANL
4.825,4.825,4.825,4.825,100,2021-08-17 14:44:00,PANL
4.81,4.825,4.81,4.825,500,2021-08-17 14:58:00,PANL
4.815,4.815,4.8,4.8,610,2021-08-17 14:59:00,PANL
4.795,4.795,4.78,4.7807,984,2021-08-17 15:13:00,PANL
4.76,4.775,4.76,4.76,2303,2021-08-17 15:14:00,PANL
4.78,4.7999,4.77,4.77,1800,2021-08-17 15:15:00,PANL
4.78,4.8,4.78,4.78,2551,2021-08-17 15:23:00,PANL
4.7679,4.7679,4.7679,4.7679,200,2021-08-17 15:26:00,PANL
4.77,4.77,4.75,4.75,1188,2021-08-17 15:29:00,PANL
4.79,4.8,4.77,4.8,4418,2021-08-17 15:34:00,PANL
4.8,4.81,4.8,4.81,1140,2021-08-17 15:39:00,PANL
4.83,4.83,4.83,4.83,1000,2021-08-17 15:42:00,PANL
4.8,4.85,4.8,4.83,10566,2021-08-17 15:49:00,PANL
4.83,4.83,4.8,4.8,1643,2021-08-17 15:55:00,PANL
4.8,4.8,4.8,4.8,100,2021-08-17 15:58:00,PANL
4.815,4.83,4.815,4.83,3422,2021-08-17 15:59:00,PANL
4.83,4.83,4.83,4.83,1000,2021-08-17 16:00:00,PANL
4.83,4.83,4.83,4.83,300,2021-08-17 16:03:00,PANL
4.85,4.85,4.85,4.85,517,2021-08-17 16:09:00,PANL
4.8499,4.8499,4.8499,4.8499,100,2021-08-17 16:14:00,PANL
4.81,4.84,4.81,4.84,408,2021-08-17 16:17:00,PANL
4.825,4.825,4.825,4.825,207,2021-08-17 16:18:00,PANL
4.84,4.84,4.84,4.84,1437,2021-08-17 16:19:00,PANL
4.825,4.825,4.825,4.825,359,2021-08-17 16:30:00,PANL
4.81,4.82,4.8,4.8,2348,2021-08-17 16:38:00,PANL
4.79,4.79,4.79,4.79,119,2021-08-17 16:46:00,PANL
4.78,4.78,4.78,4.78,220,2021-08-17 16:48:00,PANL
4.7799,4.7799,4.71,4.74,5176,2021-08-17 16:54:00,PANL
4.74,4.74,4.74,4.74,100,2021-08-17 17:01:00,PANL
4.74,4.74,4.73,4.73,600,2021-08-17 17:02:00,PANL
4.7475,4.7475,4.7475,4.7475,200,2021-08-17 17:06:00,PANL
4.76,4.77,4.76,4.77,2500,2021-08-17 17:09:00,PANL
4.7906,4.7906,4.7906,4.7906,198,2021-08-17 17:13:00,PANL
4.77,4.78,4.77,4.78,1258,2021-08-17 17:15:00,PANL
4.77,4.77,4.77,4.77,164,2021-08-17 17:27:00,PANL
4.77,4.771,4.77,4.771,328,2021-08-17 17:28:00,PANL
4.7736,4.7736,4.7736,4.7736,2000,2021-08-17 17:46:00,PANL
4.78,4.78,4.78,4.78,100,2021-08-17 17:49:00,PANL
4.78,4.78,4.7798,4.7798,400,2021-08-17 17:55:00,PANL
4.79,4.79,4.79,4.79,300,2021-08-17 17:57:00,PANL
4.8099,4.8099,4.8099,4.8099,100,2021-08-17 17:59:00,PANL
4.8,4.81,4.8,4.81,1400,2021-08-17 18:10:00,PANL
4.81,4.81,4.81,4.81,245,2021-08-17 18:12:00,PANL
4.81,4.81,4.81,4.81,300,2021-08-17 18:21:00,PANL
4.8106,4.8106,4.8106,4.8106,200,2021-08-17 18:25:00,PANL
4.815,4.815,4.815,4.815,100,2021-08-17 18:42:00,PANL
4.82,4.82,4.82,4.82,200,2021-08-17 18:46:00,PANL
4.8243,4.8243,4.8243,4.8243,414,2021-08-17 18:47:00,PANL
4.85,4.85,4.84,4.85,1800,2021-08-17 18:57:00,PANL
4.8449,4.86,4.8449,4.86,2100,2021-08-17 18:58:00,PANL
4.86,4.86,4.85,4.85,752,2021-08-17 19:00:00,PANL
4.84,4.84,4.84,4.84,100,2021-08-17 19:05:00,PANL
4.83,4.83,4.83,4.83,100,2021-08-17 19:11:00,PANL
4.82,4.82,4.82,4.82,1000,2021-08-17 19:12:00,PANL
4.83,4.83,4.82,4.82,1615,2021-08-17 19:13:00,PANL
4.82,4.82,4.82,4.82,286,2021-08-17 19:24:00,PANL
4.83,4.83,4.83,4.83,100,2021-08-17 19:29:00,PANL
4.82,4.82,4.82,4.82,586,2021-08-17 19:34:00,PANL
4.82,4.82,4.82,4.82,500,2021-08-17 19:35:00,PANL
4.8222,4.8222,4.8222,4.8222,100,2021-08-17 19:36:00,PANL
4.82,4.82,4.82,4.82,286,2021-08-17 19:37:00,PANL
4.82,4.82,4.82,4.82,100,2021-08-17 19:41:00,PANL
4.83,4.83,4.83,4.83,200,2021-08-17 19:46:00,PANL
4.83,4.83,4.83,4.83,100,2021-08-17 19:48:00,PANL
4.83,4.84,4.83,4.83,2700,2021-08-17 19:50:00,PANL
4.83,4.83,4.83,4.83,1026,2021-08-17 19:51:00,PANL
4.83,4.83,4.83,4.83,100,2021-08-17 19:55:00,PANL
4.83,4.83,4.825,4.83,1620,2021-08-17 19:56:00,PANL
4.82,4.82,4.82,4.82,400,2021-08-17 19:57:00,PANL
4.8299,4.8299,4.81,4.82,1997,2021-08-17 19:59:00,PANL
4.83,4.83,4.83,4.83,1202,2021-08-17 20:00:00,PANL
4.81,4.81,4.8,4.8,224,2021-08-18 13:26:00,PANL
4.8,4.8,4.8,4.8,500,2021-08-18 13:27:00,PANL
4.77,4.79,4.77,4.79,15623,2021-08-18 13:30:00,PANL
4.77,4.78,4.77,4.78,471,2021-08-18 13:31:00,PANL
4.77,4.77,4.77,4.77,400,2021-08-18 13:34:00,PANL
4.76,4.76,4.76,4.76,420,2021-08-18 13:35:00,PANL
4.8,4.81,4.8,4.81,1300,2021-08-18 13:39:00,PANL
4.82,4.82,4.82,4.82,200,2021-08-18 13:41:00,PANL
4.84,4.85,4.83,4.83,500,2021-08-18 13:47:00,PANL
4.895,4.895,4.895,4.895,100,2021-08-18 13:59:00,PANL
4.9199,4.9199,4.9199,4.9199,4000,2021-08-18 14:00:00,PANL
4.89,4.89,4.89,4.89,400,2021-08-18 14:01:00,PANL
4.895,4.895,4.895,4.895,600,2021-08-18 14:10:00,PANL
4.885,4.885,4.885,4.885,100,2021-08-18 14:16:00,PANL
4.885,4.885,4.885,4.885,100,2021-08-18 14:17:00,PANL
4.91,4.91,4.885,4.909,2064,2021-08-18 14:21:00,PANL
4.9095,4.9095,4.9095,4.9095,1000,2021-08-18 14:22:00,PANL
4.895,4.9,4.895,4.895,406,2021-08-18 14:24:00,PANL
4.905,4.905,4.905,4.905,100,2021-08-18 14:25:00,PANL
4.905,4.905,4.905,4.905,100,2021-08-18 14:27:00,PANL
4.905,4.905,4.905,4.905,3600,2021-08-18 14:28:00,PANL
4.905,4.9138,4.905,4.9138,1100,2021-08-18 14:29:00,PANL
4.91,4.91,4.9001,4.91,4306,2021-08-18 14:30:00,PANL
4.91,4.915,4.91,4.91,4940,2021-08-18 14:31:00,PANL
4.91,4.91,4.91,4.91,800,2021-08-18 14:32:00,PANL
4.91,4.91,4.91,4.91,1000,2021-08-18 14:33:00,PANL
4.9,4.9,4.9,4.9,1000,2021-08-18 14:36:00,PANL
4.905,4.905,4.905,4.905,100,2021-08-18 14:37:00,PANL
4.905,4.905,4.905,4.905,100,2021-08-18 14:38:00,PANL
4.905,4.905,4.905,4.905,569,2021-08-18 14:39:00,PANL
4.905,4.905,4.905,4.905,400,2021-08-18 14:40:00,PANL
4.905,4.905,4.905,4.905,100,2021-08-18 14:41:00,PANL
4.9027,4.9027,4.9,4.9,300,2021-08-18 14:43:00,PANL
4.9001,4.9001,4.9,4.9,2400,2021-08-18 14:44:00,PANL
4.905,4.905,4.9,4.9,1321,2021-08-18 14:45:00,PANL
4.905,4.905,4.905,4.905,400,2021-08-18 14:46:00,PANL
4.905,4.905,4.905,4.905,100,2021-08-18 14:47:00,PANL
4.905,4.905,4.905,4.905,572,2021-08-18 14:48:00,PANL
4.905,4.905,4.905,4.905,100,2021-08-18 14:49:00,PANL
4.905,4.905,4.905,4.905,100,2021-08-18 14:50:00,PANL
4.905,4.905,4.905,4.905,200,2021-08-18 14:51:00,PANL
4.905,4.905,4.905,4.905,3000,2021-08-18 14:52:00,PANL
4.905,4.905,4.89,4.9,900,2021-08-18 14:53:00,PANL
4.88,4.9,4.88,4.88,944,2021-08-18 15:07:00,PANL
4.885,4.885,4.885,4.885,200,2021-08-18 15:08:00,PANL
4.885,4.885,4.87,4.87,500,2021-08-18 15:10:00,PANL
4.88,4.895,4.88,4.895,489,2021-08-18 15:12:00,PANL
4.895,4.895,4.895,4.895,700,2021-08-18 15:13:00,PANL
4.88,4.88,4.88,4.88,890,2021-08-18 15:28:00,PANL
4.895,4.895,4.895,4.895,100,2021-08-18 15:32:00,PANL
4.895,4.895,4.895,4.895,1000,2021-08-18 15:33:00,PANL
4.895,4.895,4.895,4.895,100,2021-08-18 15:34:00,PANL
4.905,4.905,4.905,4.905,3400,2021-08-18 15:39:00,PANL
4.907,4.907,4.907,4.907,100,2021-08-18 15:40:00,PANL
4.91,4.91,4.91,4.91,400,2021-08-18 15:41:00,PANL
4.91,4.91,4.91,4.91,100,2021-08-18 15:45:00,PANL
4.91,4.91,4.91,4.91,100,2021-08-18 15:48:00,PANL
4.91,4.91,4.9,4.9,3616,2021-08-18 15:51:00,PANL
4.9,4.9,4.9,4.9,400,2021-08-18 15:53:00,PANL
4.89,4.89,4.89,4.89,100,2021-08-18 15:57:00,PANL
4.895,4.895,4.885,4.885,1100,2021-08-18 15:58:00,PANL
4.88,4.88,4.88,4.88,500,2021-08-18 16:01:00,PANL
4.88,4.88,4.88,4.88,300,2021-08-18 16:04:00,PANL
4.885,4.885,4.885,4.885,129,2021-08-18 16:10:00,PANL
4.9,4.9,4.9,4.9,100,2021-08-18 16:16:00,PANL
4.885,4.885,4.885,4.885,100,2021-08-18 16:17:00,PANL
4.885,4.885,4.85,4.85,5100,2021-08-18 16:28:00,PANL
4.88,4.88,4.88,4.88,100,2021-08-18 16:37:00,PANL
4.88,4.88,4.88,4.88,100,2021-08-18 16:39:00,PANL
4.865,4.865,4.865,4.865,500,2021-08-18 16:45:00,PANL
4.87,4.88,4.87,4.87,505,2021-08-18 16:47:00,PANL
4.87,4.87,4.87,4.87,312,2021-08-18 16:56:00,PANL
4.865,4.88,4.865,4.88,1300,2021-08-18 17:03:00,PANL
4.885,4.885,4.885,4.885,100,2021-08-18 17:04:00,PANL
4.885,4.885,4.885,4.885,100,2021-08-18 17:05:00,PANL
4.885,4.885,4.885,4.885,200,2021-08-18 17:07:00,PANL
4.88,4.88,4.88,4.88,200,2021-08-18 17:09:00,PANL
4.89,4.89,4.89,4.89,500,2021-08-18 17:10:00,PANL
4.89,4.89,4.89,4.89,658,2021-08-18 17:11:00,PANL
4.8999,4.8999,4.8999,4.8999,400,2021-08-18 17:18:00,PANL
4.89,4.89,4.89,4.89,200,2021-08-18 17:20:00,PANL
4.89,4.9,4.89,4.9,201,2021-08-18 17:22:00,PANL
4.8991,4.8991,4.8991,4.8991,707,2021-08-18 17:23:00,PANL
4.895,4.895,4.895,4.895,100,2021-08-18 17:24:00,PANL
4.89,4.89,4.89,4.89,200,2021-08-18 17:25:00,PANL
4.9,4.9,4.89,4.89,256,2021-08-18 17:26:00,PANL
4.9,4.9,4.9,4.9,400,2021-08-18 17:33:00,PANL
4.9,4.9,4.9,4.9,100,2021-08-18 17:34:00,PANL
4.91,4.91,4.91,4.91,100,2021-08-18 17:35:00,PANL
4.9,4.91,4.9,4.905,600,2021-08-18 17:38:00,PANL
4.905,4.905,4.905,4.905,200,2021-08-18 17:39:00,PANL
4.905,4.905,4.905,4.905,600,2021-08-18 17:40:00,PANL
4.905,4.905,4.905,4.905,399,2021-08-18 17:41:00,PANL
4.905,4.905,4.905,4.905,400,2021-08-18 17:43:00,PANL
4.905,4.905,4.905,4.905,320,2021-08-18 17:44:00,PANL
4.905,4.905,4.905,4.905,100,2021-08-18 17:45:00,PANL
4.905,4.905,4.905,4.905,300,2021-08-18 17:47:00,PANL
4.905,4.905,4.905,4.905,200,2021-08-18 17:51:00,PANL
4.905,4.905,4.905,4.905,129,2021-08-18 17:52:00,PANL
4.905,4.905,4.905,4.905,200,2021-08-18 17:53:00,PANL
4.905,4.905,4.905,4.905,100,2021-08-18 17:55:00,PANL
4.905,4.905,4.905,4.905,100,2021-08-18 18:00:00,PANL
4.905,4.905,4.905,4.905,400,2021-08-18 18:04:00,PANL
4.905,4.905,4.905,4.905,100,2021-08-18 18:08:00,PANL
4.905,4.905,4.905,4.905,100,2021-08-18 18:09:00,PANL
4.905,4.91,4.905,4.905,500,2021-08-18 18:10:00,PANL
4.9,4.9,4.9,4.9,600,2021-08-18 18:11:00,PANL
4.89,4.89,4.88,4.88,739,2021-08-18 18:12:00,PANL
4.87,4.88,4.87,4.88,746,2021-08-18 18:13:00,PANL
4.86,4.87,4.86,4.86,3560,2021-08-18 18:18:00,PANL
4.87,4.88,4.87,4.88,476,2021-08-18 18:19:00,PANL
4.87,4.87,4.87,4.87,100,2021-08-18 18:29:00,PANL
4.89,4.89,4.89,4.89,512,2021-08-18 18:34:00,PANL
4.895,4.895,4.895,4.895,300,2021-08-18 18:45:00,PANL
4.895,4.895,4.895,4.895,200,2021-08-18 18:47:00,PANL
4.895,4.895,4.895,4.895,100,2021-08-18 18:48:00,PANL
4.895,4.895,4.895,4.895,100,2021-08-18 18:49:00,PANL
4.895,4.895,4.895,4.895,100,2021-08-18 18:54:00,PANL
4.895,4.895,4.895,4.895,100,2021-08-18 18:57:00,PANL
4.895,4.895,4.895,4.895,100,2021-08-18 18:58:00,PANL
4.89,4.89,4.88,4.88,1046,2021-08-18 19:01:00,PANL
4.88,4.885,4.88,4.88,600,2021-08-18 19:02:00,PANL
4.89,4.89,4.89,4.89,130,2021-08-18 19:08:00,PANL
4.895,4.895,4.895,4.895,100,2021-08-18 19:17:00,PANL
4.88,4.88,4.87,4.87,1052,2021-08-18 19:27:00,PANL
4.86,4.86,4.86,4.86,100,2021-08-18 19:29:00,PANL
4.85,4.85,4.85,4.85,100,2021-08-18 19:37:00,PANL
4.85,4.85,4.85,4.85,100,2021-08-18 19:41:00,PANL
4.86,4.86,4.86,4.86,100,2021-08-18 19:43:00,PANL
4.865,4.865,4.86,4.86,800,2021-08-18 19:50:00,PANL
4.855,4.855,4.855,4.855,100,2021-08-18 19:53:00,PANL
4.855,4.855,4.855,4.855,200,2021-08-18 19:54:00,PANL
4.85,4.855,4.85,4.85,2055,2021-08-18 19:55:00,PANL
4.85,4.855,4.85,4.855,700,2021-08-18 19:57:00,PANL
4.855,4.855,4.855,4.855,200,2021-08-18 19:58:00,PANL
4.855,4.855,4.825,4.825,10089,2021-08-18 19:59:00,PANL
4.82,4.82,4.82,4.82,4719,2021-08-18 20:00:00,PANL
4.75,4.7501,4.7,4.709,5310,2021-08-19 13:30:00,PANL
4.74,4.745,4.7331,4.7331,843,2021-08-19 13:31:00,PANL
4.73,4.73,4.73,4.73,1263,2021-08-19 13:33:00,PANL
4.74,4.74,4.74,4.74,700,2021-08-19 13:35:00,PANL
4.72,4.73,4.72,4.73,5165,2021-08-19 13:38:00,PANL
4.7,4.7,4.695,4.695,2555,2021-08-19 13:41:00,PANL
4.73,4.73,4.72,4.72,1151,2021-08-19 13:50:00,PANL
4.74,4.74,4.72,4.72,2100,2021-08-19 13:51:00,PANL
4.76,4.76,4.76,4.76,100,2021-08-19 13:55:00,PANL
4.7385,4.7385,4.7385,4.7385,102,2021-08-19 14:00:00,PANL
4.7561,4.7561,4.7561,4.7561,100,2021-08-19 14:10:00,PANL
4.77,4.77,4.76,4.76,300,2021-08-19 14:14:00,PANL
4.7626,4.7626,4.7626,4.7626,200,2021-08-19 14:15:00,PANL
4.78,4.78,4.78,4.78,100,2021-08-19 14:18:00,PANL
4.7739,4.7739,4.7739,4.7739,1800,2021-08-19 14:19:00,PANL
4.755,4.755,4.755,4.755,200,2021-08-19 14:27:00,PANL
4.72,4.72,4.715,4.715,1150,2021-08-19 14:31:00,PANL
4.7,4.71,4.7,4.71,200,2021-08-19 14:35:00,PANL
4.695,4.695,4.695,4.695,202,2021-08-19 14:36:00,PANL
4.695,4.695,4.695,4.695,209,2021-08-19 14:37:00,PANL
4.695,4.695,4.69,4.695,3200,2021-08-19 14:39:00,PANL
4.68,4.68,4.67,4.675,879,2021-08-19 14:40:00,PANL
4.675,4.675,4.675,4.675,100,2021-08-19 14:41:00,PANL
4.67,4.67,4.67,4.67,1153,2021-08-19 14:45:00,PANL
4.6699,4.6699,4.6699,4.6699,100,2021-08-19 14:46:00,PANL
4.6695,4.7,4.6695,4.6992,3848,2021-08-19 14:47:00,PANL
4.685,4.685,4.685,4.685,100,2021-08-19 14:51:00,PANL
4.7,4.7,4.7,4.7,100,2021-08-19 15:01:00,PANL
4.7,4.7,4.7,4.7,465,2021-08-19 15:03:00,PANL
4.69,4.69,4.69,4.69,800,2021-08-19 15:05:00,PANL
4.7,4.7,4.7,4.7,100,2021-08-19 15:07:00,PANL
4.69,4.69,4.69,4.69,1088,2021-08-19 15:09:00,PANL
4.67,4.68,4.67,4.68,5510,2021-08-19 15:11:00,PANL
4.69,4.69,4.69,4.69,100,2021-08-19 15:13:00,PANL
4.662,4.68,4.65,4.68,3180,2021-08-19 15:17:00,PANL
4.68,4.68,4.67,4.67,359,2021-08-19 15:19:00,PANL
4.68,4.685,4.67,4.685,650,2021-08-19 15:20:00,PANL
4.6701,4.68,4.66,4.68,3578,2021-08-19 15:27:00,PANL
4.6501,4.67,4.65,4.67,4000,2021-08-19 15:29:00,PANL
4.64,4.64,4.64,4.64,100,2021-08-19 15:30:00,PANL
4.67,4.67,4.6695,4.6695,856,2021-08-19 15:34:00,PANL
4.6849,4.6849,4.6849,4.6849,150,2021-08-19 15:36:00,PANL
4.66,4.66,4.66,4.66,450,2021-08-19 15:39:00,PANL
4.6917,4.6917,4.6917,4.6917,107,2021-08-19 15:55:00,PANL
4.71,4.71,4.71,4.71,100,2021-08-19 15:58:00,PANL
4.69,4.69,4.69,4.69,2000,2021-08-19 15:59:00,PANL
4.73,4.73,4.73,4.73,100,2021-08-19 16:00:00,PANL
4.7387,4.7387,4.7387,4.7387,2600,2021-08-19 16:01:00,PANL
4.74,4.74,4.74,4.74,300,2021-08-19 16:21:00,PANL
4.74,4.74,4.74,4.74,799,2021-08-19 16:25:00,PANL
4.73,4.73,4.73,4.73,890,2021-08-19 16:31:00,PANL
4.73,4.73,4.72,4.72,610,2021-08-19 16:33:00,PANL
4.7,4.7,4.7,4.7,600,2021-08-19 16:37:00,PANL
4.71,4.71,4.71,4.71,300,2021-08-19 16:41:00,PANL
4.7,4.7,4.7,4.7,500,2021-08-19 16:51:00,PANL
4.71,4.71,4.71,4.71,300,2021-08-19 16:53:00,PANL
4.7183,4.7183,4.7001,4.7001,1400,2021-08-19 16:54:00,PANL
4.72,4.75,4.72,4.75,10224,2021-08-19 16:56:00,PANL
4.75,4.7525,4.75,4.7525,309,2021-08-19 16:57:00,PANL
4.76,4.76,4.76,4.76,114,2021-08-19 16:58:00,PANL
4.77,4.77,4.77,4.77,100,2021-08-19 17:08:00,PANL
4.77,4.77,4.77,4.77,100,2021-08-19 17:19:00,PANL
4.77,4.77,4.77,4.77,500,2021-08-19 17:24:00,PANL
4.75,4.75,4.74,4.74,1038,2021-08-19 17:28:00,PANL
4.7399,4.74,4.7399,4.74,1154,2021-08-19 17:30:00,PANL
4.739,4.74,4.737,4.7399,3180,2021-08-19 17:33:00,PANL
4.7499,4.7499,4.7499,4.7499,1000,2021-08-19 17:38:00,PANL
4.745,4.75,4.745,4.75,632,2021-08-19 17:40:00,PANL
4.75,4.75,4.75,4.75,401,2021-08-19 17:43:00,PANL
4.74,4.74,4.74,4.74,400,2021-08-19 17:46:00,PANL
4.72,4.72,4.72,4.72,1000,2021-08-19 17:48:00,PANL
4.7429,4.7429,4.7429,4.7429,1000,2021-08-19 17:50:00,PANL
4.73,4.73,4.73,4.73,200,2021-08-19 18:00:00,PANL
4.72,4.74,4.72,4.74,1459,2021-08-19 18:03:00,PANL
4.73,4.73,4.73,4.73,100,2021-08-19 18:04:00,PANL
4.72,4.72,4.72,4.72,1719,2021-08-19 18:06:00,PANL
4.711,4.72,4.71,4.715,3145,2021-08-19 18:09:00,PANL
4.715,4.715,4.715,4.715,200,2021-08-19 18:11:00,PANL
4.71,4.72,4.71,4.72,1113,2021-08-19 18:16:00,PANL
4.7121,4.7121,4.7121,4.7121,400,2021-08-19 18:19:00,PANL
4.7,4.7,4.7,4.7,490,2021-08-19 18:30:00,PANL
4.71,4.71,4.71,4.71,1200,2021-08-19 18:31:00,PANL
4.71,4.72,4.7058,4.715,2032,2021-08-19 18:32:00,PANL
4.71,4.74,4.71,4.735,1200,2021-08-19 18:47:00,PANL
4.7384,4.7384,4.7384,4.7384,211,2021-08-19 18:50:00,PANL
4.72,4.72,4.71,4.71,1024,2021-08-19 18:51:00,PANL
4.73,4.73,4.72,4.72,1857,2021-08-19 18:54:00,PANL
4.74,4.74,4.74,4.74,100,2021-08-19 19:00:00,PANL
4.74,4.76,4.74,4.76,3994,2021-08-19 19:01:00,PANL
4.78,4.78,4.7799,4.7799,200,2021-08-19 19:03:00,PANL
4.765,4.765,4.765,4.765,317,2021-08-19 19:07:00,PANL
4.765,4.765,4.765,4.765,100,2021-08-19 19:11:00,PANL
4.76,4.76,4.76,4.76,800,2021-08-19 19:12:00,PANL
4.75,4.75,4.75,4.75,200,2021-08-19 19:14:00,PANL
4.77,4.77,4.76,4.76,424,2021-08-19 19:15:00,PANL
4.77,4.77,4.77,4.77,100,2021-08-19 19:16:00,PANL
4.79,4.79,4.79,4.79,100,2021-08-19 19:17:00,PANL
4.79,4.79,4.79,4.79,200,2021-08-19 19:22:00,PANL
4.79,4.79,4.79,4.79,500,2021-08-19 19:27:00,PANL
4.79,4.79,4.79,4.79,500,2021-08-19 19:28:00,PANL
4.785,4.785,4.785,4.785,126,2021-08-19 19:33:00,PANL
4.79,4.8,4.79,4.79,1846,2021-08-19 19:36:00,PANL
4.7999,4.7999,4.7999,4.7999,200,2021-08-19 19:38:00,PANL
4.79,4.79,4.79,4.79,321,2021-08-19 19:39:00,PANL
4.799,4.8,4.79,4.79,1719,2021-08-19 19:40:00,PANL
4.78,4.785,4.78,4.78,780,2021-08-19 19:41:00,PANL
4.77,4.77,4.77,4.77,100,2021-08-19 19:42:00,PANL
4.776,4.776,4.775,4.775,1141,2021-08-19 19:43:00,PANL
4.775,4.775,4.775,4.775,1000,2021-08-19 19:44:00,PANL
4.77,4.7745,4.77,4.7745,1100,2021-08-19 19:45:00,PANL
4.775,4.775,4.775,4.775,290,2021-08-19 19:46:00,PANL
4.78,4.78,4.78,4.78,500,2021-08-19 19:47:00,PANL
4.7721,4.795,4.7721,4.795,1200,2021-08-19 19:48:00,PANL
4.79,4.81,4.79,4.81,400,2021-08-19 19:50:00,PANL
4.81,4.81,4.81,4.81,100,2021-08-19 19:51:00,PANL
4.8,4.8,4.8,4.8,827,2021-08-19 19:52:00,PANL
4.8,4.81,4.8,4.81,500,2021-08-19 19:54:00,PANL
4.81,4.81,4.805,4.805,1200,2021-08-19 19:55:00,PANL
4.81,4.81,4.8,4.8,1145,2021-08-19 19:56:00,PANL
4.805,4.81,4.8,4.81,1500,2021-08-19 19:58:00,PANL
4.8,4.81,4.79,4.8,1291,2021-08-19 19:59:00,PANL
4.81,4.81,4.81,4.81,818,2021-08-19 20:00:00,PANL
4.8,4.8,4.8,4.8,1200,2021-08-19 20:24:00,PANL
4.81,4.81,4.8,4.8,1619,2021-08-20 13:30:00,PANL
4.785,4.785,4.785,4.785,100,2021-08-20 13:31:00,PANL
4.82,4.82,4.82,4.82,300,2021-08-20 13:35:00,PANL
4.83,4.83,4.83,4.83,497,2021-08-20 13:36:00,PANL
4.86,4.86,4.86,4.86,100,2021-08-20 13:37:00,PANL
4.87,4.87,4.87,4.87,1000,2021-08-20 13:50:00,PANL
4.84,4.84,4.84,4.84,2055,2021-08-20 13:53:00,PANL
4.825,4.825,4.77,4.77,20589,2021-08-20 13:58:00,PANL
4.77,4.77,4.77,4.77,315,2021-08-20 13:59:00,PANL
4.785,4.785,4.785,4.785,168,2021-08-20 14:02:00,PANL
4.775,4.775,4.775,4.775,200,2021-08-20 14:13:00,PANL
4.775,4.775,4.77,4.77,2219,2021-08-20 14:14:00,PANL
4.78,4.78,4.78,4.78,200,2021-08-20 14:31:00,PANL
4.8,4.8,4.8,4.8,200,2021-08-20 14:36:00,PANL
4.7914,4.7914,4.7914,4.7914,1000,2021-08-20 14:41:00,PANL
4.81,4.81,4.81,4.81,200,2021-08-20 14:45:00,PANL
4.83,4.83,4.83,4.83,1000,2021-08-20 14:50:00,PANL
4.815,4.815,4.8,4.8,5200,2021-08-20 14:51:00,PANL
4.81,4.81,4.81,4.81,348,2021-08-20 15:06:00,PANL
4.83,4.83,4.83,4.83,1433,2021-08-20 15:16:00,PANL
4.8303,4.8303,4.8303,4.8303,375,2021-08-20 15:19:00,PANL
4.81,4.81,4.81,4.81,1000,2021-08-20 15:21:00,PANL
4.83,4.83,4.83,4.83,100,2021-08-20 15:26:00,PANL
4.8399,4.8399,4.8399,4.8399,1000,2021-08-20 15:29:00,PANL
4.85,4.85,4.85,4.85,100,2021-08-20 15:32:00,PANL
4.85,4.85,4.85,4.85,100,2021-08-20 15:38:00,PANL
4.84,4.84,4.84,4.84,800,2021-08-20 15:43:00,PANL
4.84,4.84,4.84,4.84,120,2021-08-20 15:46:00,PANL
4.85,4.85,4.85,4.85,100,2021-08-20 15:48:00,PANL
4.84,4.84,4.84,4.84,140,2021-08-20 15:49:00,PANL
4.85,4.85,4.85,4.85,100,2021-08-20 15:50:00,PANL
4.83,4.83,4.83,4.83,200,2021-08-20 16:02:00,PANL
4.83,4.83,4.83,4.83,200,2021-08-20 16:07:00,PANL
4.83,4.8317,4.83,4.8317,1229,2021-08-20 16:14:00,PANL
4.83,4.83,4.83,4.83,1483,2021-08-20 16:23:00,PANL
4.83,4.83,4.83,4.83,165,2021-08-20 16:26:00,PANL
4.835,4.835,4.835,4.835,214,2021-08-20 16:31:00,PANL
4.84,4.88,4.84,4.86,29282,2021-08-20 16:33:00,PANL
4.8563,4.88,4.85,4.87,3489,2021-08-20 16:34:00,PANL
4.85,4.87,4.85,4.87,376,2021-08-20 16:35:00,PANL
4.8739,4.8739,4.8739,4.8739,125,2021-08-20 16:37:00,PANL
4.89,4.89,4.89,4.89,100,2021-08-20 16:43:00,PANL
4.88,4.88,4.88,4.88,800,2021-08-20 16:49:00,PANL
4.88,4.88,4.88,4.88,100,2021-08-20 16:51:00,PANL
4.88,4.88,4.88,4.88,100,2021-08-20 16:53:00,PANL
4.89,4.89,4.89,4.89,100,2021-08-20 16:55:00,PANL
4.88,4.88,4.88,4.88,100,2021-08-20 16:56:00,PANL
4.88,4.89,4.88,4.89,1015,2021-08-20 16:58:00,PANL
4.88,4.88,4.88,4.88,100,2021-08-20 16:59:00,PANL
4.87,4.87,4.87,4.87,102,2021-08-20 17:02:00,PANL
4.88,4.88,4.88,4.88,300,2021-08-20 17:07:00,PANL
4.87,4.87,4.87,4.87,200,2021-08-20 17:11:00,PANL
4.87,4.87,4.87,4.87,100,2021-08-20 17:15:00,PANL
4.88,4.88,4.88,4.88,200,2021-08-20 17:18:00,PANL
4.87,4.877,4.87,4.877,1200,2021-08-20 17:19:00,PANL
4.88,4.89,4.88,4.88,600,2021-08-20 17:20:00,PANL
4.8767,4.88,4.8767,4.88,1842,2021-08-20 17:21:00,PANL
4.87,4.87,4.87,4.87,200,2021-08-20 17:22:00,PANL
4.88,4.88,4.88,4.88,800,2021-08-20 17:23:00,PANL
4.88,4.88,4.87,4.875,505,2021-08-20 17:26:00,PANL
4.88,4.88,4.88,4.88,500,2021-08-20 17:29:00,PANL
4.87,4.88,4.87,4.88,1106,2021-08-20 17:30:00,PANL
4.88,4.88,4.88,4.88,200,2021-08-20 17:33:00,PANL
4.87,4.88,4.87,4.88,627,2021-08-20 17:35:00,PANL
4.875,4.875,4.875,4.875,100,2021-08-20 17:40:00,PANL
4.875,4.875,4.875,4.875,200,2021-08-20 17:43:00,PANL
4.8799,4.8799,4.875,4.875,479,2021-08-20 17:44:00,PANL
4.875,4.875,4.875,4.875,153,2021-08-20 17:46:00,PANL
4.88,4.88,4.88,4.88,200,2021-08-20 17:50:00,PANL
4.88,4.885,4.88,4.885,7512,2021-08-20 17:51:00,PANL
4.885,4.885,4.885,4.885,200,2021-08-20 17:53:00,PANL
4.885,4.885,4.885,4.885,100,2021-08-20 17:54:00,PANL
4.88,4.88,4.88,4.88,900,2021-08-20 17:56:00,PANL
4.88,4.88,4.88,4.88,100,2021-08-20 17:57:00,PANL
4.8701,4.8701,4.8701,4.8701,200,2021-08-20 17:59:00,PANL
4.88,4.88,4.88,4.88,100,2021-08-20 18:01:00,PANL
4.88,4.88,4.88,4.88,300,2021-08-20 18:04:00,PANL
4.877,4.88,4.87,4.88,1500,2021-08-20 18:07:00,PANL
4.88,4.88,4.88,4.88,2050,2021-08-20 18:08:00,PANL
4.88,4.88,4.88,4.88,300,2021-08-20 18:10:00,PANL
4.87,4.87,4.87,4.87,200,2021-08-20 18:11:00,PANL
4.88,4.88,4.88,4.88,300,2021-08-20 18:13:00,PANL
4.87,4.88,4.87,4.88,222,2021-08-20 18:15:00,PANL
4.88,4.88,4.88,4.88,200,2021-08-20 18:16:00,PANL
4.88,4.88,4.87,4.87,300,2021-08-20 18:18:00,PANL
4.88,4.88,4.88,4.88,200,2021-08-20 18:19:00,PANL
4.87,4.8701,4.87,4.8701,910,2021-08-20 18:21:00,PANL
4.85,4.85,4.85,4.85,100,2021-08-20 18:22:00,PANL
4.85,4.85,4.85,4.85,100,2021-08-20 18:23:00,PANL
4.84,4.85,4.84,4.85,1000,2021-08-20 18:25:00,PANL
4.84,4.84,4.84,4.84,100,2021-08-20 18:26:00,PANL
4.8493,4.8493,4.8493,4.8493,190,2021-08-20 18:30:00,PANL
4.84,4.84,4.84,4.84,100,2021-08-20 18:31:00,PANL
4.84,4.84,4.84,4.84,100,2021-08-20 18:32:00,PANL
4.84,4.85,4.84,4.85,200,2021-08-20 18:36:00,PANL
4.84,4.84,4.84,4.84,100,2021-08-20 18:37:00,PANL
4.84,4.85,4.84,4.85,200,2021-08-20 18:38:00,PANL
4.85,4.85,4.85,4.85,100,2021-08-20 18:41:00,PANL
4.85,4.85,4.85,4.85,163,2021-08-20 18:44:00,PANL
4.85,4.85,4.85,4.85,119,2021-08-20 18:47:00,PANL
4.85,4.85,4.85,4.85,449,2021-08-20 18:48:00,PANL
4.855,4.855,4.855,4.855,400,2021-08-20 18:50:00,PANL
4.855,4.855,4.855,4.855,100,2021-08-20 18:51:00,PANL
4.855,4.855,4.855,4.855,100,2021-08-20 18:52:00,PANL
4.855,4.855,4.8401,4.855,2350,2021-08-20 18:53:00,PANL
4.855,4.855,4.855,4.855,200,2021-08-20 18:54:00,PANL
4.855,4.855,4.855,4.855,100,2021-08-20 18:55:00,PANL
4.85,4.85,4.85,4.85,100,2021-08-20 18:56:00,PANL
4.85,4.85,4.85,4.85,100,2021-08-20 18:57:00,PANL
4.85,4.85,4.85,4.85,300,2021-08-20 18:58:00,PANL
4.85,4.85,4.84,4.85,3392,2021-08-20 18:59:00,PANL
4.841,4.86,4.841,4.85,4200,2021-08-20 19:00:00,PANL
4.85,4.85,4.845,4.845,200,2021-08-20 19:01:00,PANL
4.845,4.845,4.84,4.84,531,2021-08-20 19:02:00,PANL
4.845,4.845,4.845,4.845,200,2021-08-20 19:03:00,PANL
4.84,4.84,4.82,4.8371,782,2021-08-20 19:04:00,PANL
4.82,4.82,4.82,4.82,200,2021-08-20 19:08:00,PANL
4.83,4.83,4.83,4.83,1097,2021-08-20 19:10:00,PANL
4.84,4.85,4.84,4.85,1063,2021-08-20 19:11:00,PANL
4.85,4.86,4.85,4.86,200,2021-08-20 19:12:00,PANL
4.85,4.85,4.85,4.85,100,2021-08-20 19:13:00,PANL
4.85,4.85,4.85,4.85,400,2021-08-20 19:14:00,PANL
4.85,4.86,4.85,4.86,200,2021-08-20 19:15:00,PANL
4.85,4.8502,4.85,4.8502,200,2021-08-20 19:16:00,PANL
4.85,4.85,4.85,4.85,300,2021-08-20 19:17:00,PANL
4.8418,4.85,4.8418,4.85,600,2021-08-20 19:18:00,PANL
4.85,4.85,4.85,4.85,400,2021-08-20 19:19:00,PANL
4.85,4.85,4.85,4.85,100,2021-08-20 19:20:00,PANL
4.845,4.845,4.84,4.84,300,2021-08-20 19:21:00,PANL
4.84,4.84,4.83,4.83,400,2021-08-20 19:22:00,PANL
4.84,4.84,4.84,4.84,400,2021-08-20 19:25:00,PANL
4.84,4.84,4.84,4.84,200,2021-08-20 19:26:00,PANL
4.84,4.84,4.84,4.84,400,2021-08-20 19:27:00,PANL
4.83,4.84,4.83,4.84,400,2021-08-20 19:28:00,PANL
4.84,4.84,4.84,4.84,100,2021-08-20 19:29:00,PANL
4.84,4.84,4.84,4.84,400,2021-08-20 19:30:00,PANL
4.84,4.84,4.84,4.84,600,2021-08-20 19:31:00,PANL
4.84,4.84,4.84,4.84,600,2021-08-20 19:32:00,PANL
4.84,4.84,4.84,4.84,100,2021-08-20 19:33:00,PANL
4.84,4.84,4.84,4.84,500,2021-08-20 19:34:00,PANL
4.84,4.84,4.839,4.839,213,2021-08-20 19:35:00,PANL
4.835,4.835,4.81,4.81,1747,2021-08-20 19:36:00,PANL
4.81,4.81,4.81,4.81,542,2021-08-20 19:37:00,PANL
4.81,4.81,4.8,4.8,8033,2021-08-20 19:38:00,PANL
4.8352,4.8352,4.8352,4.8352,1000,2021-08-20 19:40:00,PANL
4.84,4.85,4.84,4.85,200,2021-08-20 19:41:00,PANL
4.85,4.85,4.84,4.84,400,2021-08-20 19:42:00,PANL
4.84,4.84,4.84,4.84,200,2021-08-20 19:43:00,PANL
4.85,4.85,4.84,4.85,700,2021-08-20 19:44:00,PANL
4.85,4.85,4.835,4.835,500,2021-08-20 19:45:00,PANL
4.84,4.85,4.84,4.84,1752,2021-08-20 19:46:00,PANL
4.84,4.84,4.84,4.84,300,2021-08-20 19:47:00,PANL
4.84,4.85,4.84,4.85,700,2021-08-20 19:48:00,PANL
4.84,4.84,4.84,4.84,500,2021-08-20 19:49:00,PANL
4.85,4.86,4.84,4.86,1291,2021-08-20 19:50:00,PANL
4.855,4.855,4.855,4.855,600,2021-08-20 19:51:00,PANL
4.865,4.88,4.865,4.87,1000,2021-08-20 19:53:00,PANL
4.87,4.88,4.87,4.88,629,2021-08-20 19:54:00,PANL
4.88,4.88,4.88,4.88,1600,2021-08-20 19:55:00,PANL
4.88,4.89,4.88,4.88,1600,2021-08-20 19:56:00,PANL
4.88,4.89,4.88,4.88,1146,2021-08-20 19:57:00,PANL
4.88,4.89,4.88,4.89,1544,2021-08-20 19:58:00,PANL
4.88,4.8899,4.87,4.87,3207,2021-08-20 19:59:00,PANL
4.88,4.88,4.88,4.88,17373,2021-08-20 20:00:00,PANL
4.91,4.92,4.91,4.92,4580,2021-08-23 13:20:00,PANL
4.94,4.95,4.94,4.94,1378,2021-08-23 13:25:00,PANL
4.93,4.93,4.93,4.93,100,2021-08-23 13:27:00,PANL
4.92,4.94,4.91,4.915,17523,2021-08-23 13:30:00,PANL
4.915,4.915,4.915,4.915,500,2021-08-23 13:31:00,PANL
4.9,4.91,4.9,4.9,12000,2021-08-23 13:32:00,PANL
4.9099,4.9099,4.9099,4.9099,200,2021-08-23 13:33:00,PANL
4.895,4.895,4.87,4.87,3266,2021-08-23 13:34:00,PANL
4.865,4.865,4.86,4.865,2500,2021-08-23 13:35:00,PANL
4.865,4.865,4.86,4.86,3440,2021-08-23 13:36:00,PANL
4.855,4.8573,4.855,4.855,900,2021-08-23 13:37:00,PANL
4.855,4.86,4.855,4.855,4100,2021-08-23 13:38:00,PANL
4.855,4.855,4.855,4.855,1297,2021-08-23 13:39:00,PANL
4.8591,4.8591,4.855,4.855,4580,2021-08-23 13:41:00,PANL
4.855,4.855,4.855,4.855,236,2021-08-23 13:43:00,PANL
4.85,4.85,4.85,4.85,200,2021-08-23 13:46:00,PANL
4.8516,4.855,4.8516,4.855,2325,2021-08-23 13:49:00,PANL
4.855,4.855,4.85,4.855,1564,2021-08-23 13:50:00,PANL
4.855,4.86,4.83,4.83,6142,2021-08-23 13:51:00,PANL
4.83,4.83,4.8,4.8,6200,2021-08-23 13:54:00,PANL
4.8,4.8017,4.78,4.78,1200,2021-08-23 13:55:00,PANL
4.775,4.775,4.77,4.775,2521,2021-08-23 13:58:00,PANL
4.77,4.7789,4.77,4.7789,800,2021-08-23 13:59:00,PANL
4.775,4.775,4.775,4.775,300,2021-08-23 14:02:00,PANL
4.775,4.775,4.775,4.775,100,2021-08-23 14:03:00,PANL
4.775,4.779,4.77,4.77,502,2021-08-23 14:04:00,PANL
4.775,4.7793,4.77,4.77,2900,2021-08-23 14:05:00,PANL
4.765,4.765,4.765,4.765,5000,2021-08-23 14:07:00,PANL
4.76,4.76,4.76,4.76,300,2021-08-23 14:08:00,PANL
4.76,4.76,4.76,4.76,300,2021-08-23 14:09:00,PANL
4.765,4.765,4.76,4.765,700,2021-08-23 14:10:00,PANL
4.76,4.7616,4.76,4.7616,200,2021-08-23 14:11:00,PANL
4.76,4.76,4.76,4.76,200,2021-08-23 14:12:00,PANL
4.76,4.77,4.756,4.77,300,2021-08-23 14:13:00,PANL
4.77,4.77,4.77,4.77,400,2021-08-23 14:14:00,PANL
4.77,4.77,4.77,4.77,100,2021-08-23 14:16:00,PANL
4.7704,4.7704,4.7704,4.7704,2500,2021-08-23 14:20:00,PANL
4.77,4.79,4.77,4.79,1599,2021-08-23 14:21:00,PANL
4.79,4.79,4.79,4.79,250,2021-08-23 14:22:00,PANL
4.792,4.792,4.792,4.792,500,2021-08-23 14:25:00,PANL
4.79,4.79,4.79,4.79,300,2021-08-23 14:28:00,PANL
4.79,4.79,4.79,4.79,100,2021-08-23 14:29:00,PANL
4.78,4.78,4.78,4.78,100,2021-08-23 14:31:00,PANL
4.79,4.79,4.79,4.79,100,2021-08-23 14:33:00,PANL
4.7828,4.7828,4.7828,4.7828,104,2021-08-23 14:34:00,PANL
4.79,4.8,4.79,4.8,1000,2021-08-23 14:36:00,PANL
4.8,4.815,4.8,4.815,900,2021-08-23 14:38:00,PANL
4.81,4.82,4.81,4.82,700,2021-08-23 14:39:00,PANL
4.84,4.855,4.84,4.855,300,2021-08-23 14:43:00,PANL
4.87,4.87,4.87,4.87,205,2021-08-23 14:45:00,PANL
4.8401,4.8401,4.8401,4.8401,250,2021-08-23 14:59:00,PANL
4.86,4.87,4.86,4.87,300,2021-08-23 15:02:00,PANL
4.8699,4.88,4.8699,4.88,1700,2021-08-23 15:04:00,PANL
4.88,4.88,4.87,4.8735,300,2021-08-23 15:09:00,PANL
4.87,4.87,4.87,4.87,200,2021-08-23 15:13:00,PANL
4.8782,4.8782,4.8782,4.8782,254,2021-08-23 15:14:00,PANL
4.8727,4.8727,4.8727,4.8727,203,2021-08-23 15:16:00,PANL
4.88,4.88,4.88,4.88,100,2021-08-23 15:17:00,PANL
4.89,4.89,4.89,4.89,517,2021-08-23 15:19:00,PANL
4.87,4.87,4.87,4.87,2000,2021-08-23 15:24:00,PANL
4.88,4.88,4.88,4.88,100,2021-08-23 15:29:00,PANL
4.9,4.93,4.9,4.905,4162,2021-08-23 15:33:00,PANL
4.91,4.914,4.91,4.914,200,2021-08-23 15:34:00,PANL
4.89,4.905,4.863,4.863,4377,2021-08-23 15:36:00,PANL
4.8727,4.88,4.872,4.88,400,2021-08-23 15:40:00,PANL
4.889,4.889,4.889,4.889,600,2021-08-23 15:44:00,PANL
4.887,4.887,4.887,4.887,110,2021-08-23 15:45:00,PANL
4.87,4.87,4.865,4.865,350,2021-08-23 15:46:00,PANL
4.8601,4.8601,4.8601,4.8601,1050,2021-08-23 15:47:00,PANL
4.865,4.865,4.865,4.865,100,2021-08-23 15:48:00,PANL
4.86,4.86,4.86,4.86,100,2021-08-23 15:49:00,PANL
4.86,4.865,4.86,4.865,1364,2021-08-23 15:50:00,PANL
4.87,4.87,4.87,4.87,200,2021-08-23 15:53:00,PANL
4.88,4.88,4.87,4.87,200,2021-08-23 16:00:00,PANL
4.8797,4.89,4.8775,4.89,1400,2021-08-23 16:03:00,PANL
4.89,4.89,4.89,4.89,100,2021-08-23 16:14:00,PANL
4.895,4.895,4.8927,4.8927,505,2021-08-23 16:23:00,PANL
4.895,4.895,4.895,4.895,1000,2021-08-23 16:24:00,PANL
4.895,4.895,4.895,4.895,2000,2021-08-23 16:25:00,PANL
4.9,4.9,4.895,4.895,550,2021-08-23 16:26:00,PANL
4.89,4.89,4.89,4.89,1542,2021-08-23 16:27:00,PANL
4.88,4.8827,4.88,4.882,400,2021-08-23 16:30:00,PANL
4.9,4.9,4.89,4.89,200,2021-08-23 16:41:00,PANL
4.91,4.91,4.91,4.91,235,2021-08-23 16:43:00,PANL
4.905,4.905,4.905,4.905,634,2021-08-23 16:47:00,PANL
4.91,4.91,4.9021,4.9021,607,2021-08-23 16:52:00,PANL
4.91,4.91,4.91,4.91,600,2021-08-23 16:53:00,PANL
4.91,4.91,4.91,4.91,1200,2021-08-23 16:55:00,PANL
4.9,4.9,4.9,4.9,300,2021-08-23 16:57:00,PANL
4.9001,4.9001,4.9001,4.9001,500,2021-08-23 17:04:00,PANL
4.91,4.91,4.91,4.91,100,2021-08-23 17:05:00,PANL
4.9,4.9,4.9,4.9,100,2021-08-23 17:08:00,PANL
4.9199,4.9199,4.9199,4.9199,100,2021-08-23 17:09:00,PANL
4.91,4.91,4.91,4.91,1000,2021-08-23 17:14:00,PANL
4.9004,4.9004,4.9004,4.9004,2000,2021-08-23 17:15:00,PANL
4.9,4.9,4.9,4.9,204,2021-08-23 17:16:00,PANL
4.9029,4.91,4.9029,4.91,2100,2021-08-23 17:19:00,PANL
4.9,4.91,4.9,4.9,1300,2021-08-23 17:21:00,PANL
4.9,4.9,4.9,4.9,302,2021-08-23 17:23:00,PANL
4.92,4.92,4.9016,4.9016,1800,2021-08-23 17:25:00,PANL
4.91,4.91,4.91,4.91,100,2021-08-23 17:28:00,PANL
4.9,4.9,4.9,4.9,200,2021-08-23 17:30:00,PANL
4.91,4.91,4.91,4.91,100,2021-08-23 17:35:00,PANL
4.91,4.91,4.91,4.91,200,2021-08-23 17:46:00,PANL
4.91,4.91,4.9031,4.9031,2464,2021-08-23 17:50:00,PANL
4.91,4.91,4.91,4.91,400,2021-08-23 17:57:00,PANL
4.9,4.9,4.9,4.9,100,2021-08-23 18:00:00,PANL
4.9022,4.9022,4.9022,4.9022,100,2021-08-23 18:05:00,PANL
4.9,4.9,4.86,4.87,7693,2021-08-23 18:10:00,PANL
4.8601,4.8601,4.8601,4.8601,4262,2021-08-23 18:11:00,PANL
4.875,4.875,4.875,4.875,1000,2021-08-23 18:13:00,PANL
4.86,4.86,4.86,4.86,100,2021-08-23 18:17:00,PANL
4.875,4.875,4.86,4.86,1116,2021-08-23 18:19:00,PANL
4.875,4.875,4.875,4.875,156,2021-08-23 18:20:00,PANL
4.87,4.875,4.86,4.86,1000,2021-08-23 18:30:00,PANL
4.8501,4.86,4.8501,4.855,804,2021-08-23 18:35:00,PANL
4.855,4.855,4.855,4.855,1100,2021-08-23 18:36:00,PANL
4.855,4.855,4.85,4.85,1102,2021-08-23 18:38:00,PANL
4.85,4.85,4.85,4.85,100,2021-08-23 18:39:00,PANL
4.855,4.855,4.855,4.855,100,2021-08-23 18:41:00,PANL
4.8519,4.855,4.8519,4.855,300,2021-08-23 18:45:00,PANL
4.855,4.8595,4.855,4.8595,4120,2021-08-23 18:47:00,PANL
4.85,4.85,4.82,4.82,6407,2021-08-23 18:49:00,PANL
4.835,4.84,4.835,4.835,600,2021-08-23 18:51:00,PANL
4.835,4.835,4.835,4.835,229,2021-08-23 18:52:00,PANL
4.8309,4.8309,4.8309,4.8309,205,2021-08-23 18:54:00,PANL
4.835,4.835,4.835,4.835,634,2021-08-23 18:56:00,PANL
4.84,4.84,4.835,4.835,372,2021-08-23 18:58:00,PANL
4.83,4.83,4.83,4.83,102,2021-08-23 18:59:00,PANL
4.835,4.835,4.835,4.835,100,2021-08-23 19:00:00,PANL
4.835,4.835,4.835,4.835,200,2021-08-23 19:02:00,PANL
4.835,4.835,4.825,4.825,1000,2021-08-23 19:04:00,PANL
4.825,4.825,4.825,4.825,100,2021-08-23 19:05:00,PANL
4.82,4.82,4.82,4.82,1047,2021-08-23 19:08:00,PANL
4.825,4.825,4.81,4.81,926,2021-08-23 19:13:00,PANL
4.81,4.81,4.81,4.81,100,2021-08-23 19:19:00,PANL
4.81,4.81,4.81,4.81,336,2021-08-23 19:20:00,PANL
4.81,4.81,4.81,4.81,200,2021-08-23 19:21:00,PANL
4.81,4.82,4.81,4.82,894,2021-08-23 19:22:00,PANL
4.82,4.82,4.82,4.82,100,2021-08-23 19:23:00,PANL
4.815,4.815,4.815,4.815,200,2021-08-23 19:25:00,PANL
4.815,4.815,4.815,4.815,458,2021-08-23 19:26:00,PANL
4.815,4.815,4.815,4.815,200,2021-08-23 19:28:00,PANL
4.815,4.815,4.815,4.815,200,2021-08-23 19:29:00,PANL
4.815,4.815,4.81,4.81,300,2021-08-23 19:30:00,PANL
4.815,4.815,4.808,4.81,2425,2021-08-23 19:31:00,PANL
4.8,4.81,4.8,4.81,700,2021-08-23 19:32:00,PANL
4.8184,4.8184,4.8184,4.8184,1000,2021-08-23 19:33:00,PANL
4.81,4.81,4.81,4.81,100,2021-08-23 19:40:00,PANL
4.8106,4.8106,4.8106,4.8106,1871,2021-08-23 19:43:00,PANL
4.8,4.81,4.8,4.81,300,2021-08-23 19:45:00,PANL
4.81,4.81,4.805,4.805,3245,2021-08-23 19:46:00,PANL
4.805,4.805,4.805,4.805,239,2021-08-23 19:47:00,PANL
4.8,4.81,4.8,4.805,1911,2021-08-23 19:50:00,PANL
4.805,4.805,4.805,4.805,100,2021-08-23 19:51:00,PANL
4.805,4.805,4.805,4.805,100,2021-08-23 19:54:00,PANL
4.805,4.805,4.805,4.805,100,2021-08-23 19:55:00,PANL
4.8,4.805,4.8,4.805,1554,2021-08-23 19:57:00,PANL
4.805,4.805,4.795,4.795,1811,2021-08-23 19:58:00,PANL
4.795,4.795,4.77,4.78,1769,2021-08-23 19:59:00,PANL
4.8,4.8,4.8,4.8,2781,2021-08-23 20:00:00,PANL
4.82,4.82,4.82,4.82,4000,2021-08-23 23:56:00,PANL
4.82,4.82,4.82,4.82,400,2021-08-24 12:23:00,PANL
4.81,4.81,4.8,4.8,2458,2021-08-24 12:41:00,PANL
4.8,4.8,4.8,4.8,4312,2021-08-24 13:30:00,PANL
4.8,4.8,4.8,4.8,150,2021-08-24 13:33:00,PANL
4.81,4.84,4.81,4.83,1173,2021-08-24 13:35:00,PANL
4.84,4.84,4.84,4.84,150,2021-08-24 13:36:00,PANL
4.84,4.84,4.84,4.84,359,2021-08-24 13:37:00,PANL
4.84,4.855,4.84,4.855,800,2021-08-24 13:38:00,PANL
4.865,4.865,4.865,4.865,100,2021-08-24 13:39:00,PANL
4.86,4.86,4.86,4.86,100,2021-08-24 13:45:00,PANL
4.85,4.85,4.85,4.85,1800,2021-08-24 13:48:00,PANL
4.84,4.84,4.84,4.84,517,2021-08-24 13:52:00,PANL
4.84,4.84,4.84,4.84,100,2021-08-24 13:53:00,PANL
4.84,4.845,4.84,4.845,1000,2021-08-24 13:55:00,PANL
4.841,4.841,4.8301,4.835,2500,2021-08-24 13:57:00,PANL
4.83,4.83,4.83,4.83,100,2021-08-24 13:59:00,PANL
4.8219,4.8219,4.82,4.82,755,2021-08-24 14:01:00,PANL
4.82,4.82,4.82,4.82,100,2021-08-24 14:02:00,PANL
4.825,4.825,4.825,4.825,500,2021-08-24 14:03:00,PANL
4.829,4.829,4.825,4.825,800,2021-08-24 14:05:00,PANL
4.83,4.83,4.83,4.83,200,2021-08-24 14:13:00,PANL
4.83,4.83,4.83,4.83,1607,2021-08-24 14:14:00,PANL
4.83,4.83,4.83,4.83,100,2021-08-24 14:15:00,PANL
4.83,4.83,4.83,4.83,400,2021-08-24 14:18:00,PANL
4.83,4.83,4.83,4.83,300,2021-08-24 14:19:00,PANL
4.83,4.845,4.83,4.845,4764,2021-08-24 14:20:00,PANL
4.845,4.85,4.845,4.845,2574,2021-08-24 14:21:00,PANL
4.85,4.85,4.845,4.845,1300,2021-08-24 14:22:00,PANL
4.845,4.845,4.845,4.845,200,2021-08-24 14:23:00,PANL
4.845,4.85,4.845,4.85,3300,2021-08-24 14:24:00,PANL
4.845,4.845,4.845,4.845,200,2021-08-24 14:25:00,PANL
4.845,4.845,4.845,4.845,7700,2021-08-24 14:26:00,PANL
4.845,4.845,4.845,4.845,200,2021-08-24 14:27:00,PANL
4.845,4.845,4.845,4.845,200,2021-08-24 14:28:00,PANL
4.845,4.845,4.845,4.845,300,2021-08-24 14:29:00,PANL
4.845,4.845,4.845,4.845,1500,2021-08-24 14:30:00,PANL
4.845,4.85,4.845,4.845,300,2021-08-24 14:31:00,PANL
4.845,4.85,4.835,4.85,12683,2021-08-24 14:32:00,PANL
4.84,4.845,4.83,4.83,1500,2021-08-24 14:33:00,PANL
4.835,4.85,4.8201,4.835,2500,2021-08-24 14:34:00,PANL
4.8242,4.8242,4.8242,4.8242,200,2021-08-24 14:35:00,PANL
4.84,4.84,4.84,4.84,100,2021-08-24 14:57:00,PANL
4.84,4.84,4.84,4.84,600,2021-08-24 15:02:00,PANL
4.84,4.84,4.84,4.84,1000,2021-08-24 15:03:00,PANL
4.84,4.84,4.84,4.84,1000,2021-08-24 15:04:00,PANL
4.85,4.85,4.845,4.845,1000,2021-08-24 15:05:00,PANL
4.845,4.845,4.845,4.845,100,2021-08-24 15:06:00,PANL
4.845,4.845,4.845,4.845,200,2021-08-24 15:07:00,PANL
4.845,4.845,4.845,4.845,300,2021-08-24 15:08:00,PANL
4.845,4.845,4.845,4.845,300,2021-08-24 15:09:00,PANL
4.845,4.845,4.845,4.845,100,2021-08-24 15:10:00,PANL
4.845,4.845,4.845,4.845,200,2021-08-24 15:12:00,PANL
4.845,4.845,4.845,4.845,200,2021-08-24 15:13:00,PANL
4.845,4.845,4.845,4.845,100,2021-08-24 15:14:00,PANL
4.845,4.845,4.845,4.845,400,2021-08-24 15:15:00,PANL
4.845,4.845,4.845,4.845,100,2021-08-24 15:16:00,PANL
4.845,4.845,4.845,4.845,100,2021-08-24 15:17:00,PANL
4.84,4.845,4.84,4.845,1200,2021-08-24 15:19:00,PANL
4.845,4.845,4.845,4.845,100,2021-08-24 15:20:00,PANL
4.845,4.845,4.845,4.845,400,2021-08-24 15:22:00,PANL
4.845,4.845,4.845,4.845,200,2021-08-24 15:23:00,PANL
4.84,4.845,4.84,4.845,1510,2021-08-24 15:30:00,PANL
4.845,4.845,4.845,4.845,100,2021-08-24 15:32:00,PANL
4.845,4.845,4.845,4.845,110,2021-08-24 15:38:00,PANL
4.845,4.845,4.845,4.845,100,2021-08-24 15:42:00,PANL
4.845,4.8471,4.845,4.845,400,2021-08-24 15:46:00,PANL
4.845,4.845,4.845,4.845,500,2021-08-24 15:48:00,PANL
4.845,4.845,4.845,4.845,100,2021-08-24 15:50:00,PANL
4.85,4.85,4.845,4.845,500,2021-08-24 15:51:00,PANL
4.845,4.845,4.845,4.845,400,2021-08-24 15:54:00,PANL
4.84,4.84,4.84,4.84,100,2021-08-24 15:55:00,PANL
4.845,4.845,4.845,4.845,100,2021-08-24 15:57:00,PANL
4.84,4.84,4.83,4.835,4329,2021-08-24 16:02:00,PANL
4.835,4.835,4.835,4.835,100,2021-08-24 16:03:00,PANL
4.835,4.84,4.835,4.835,600,2021-08-24 16:05:00,PANL
4.835,4.835,4.835,4.835,100,2021-08-24 16:06:00,PANL
4.835,4.84,4.835,4.835,735,2021-08-24 16:07:00,PANL
4.835,4.835,4.835,4.835,300,2021-08-24 16:08:00,PANL
4.835,4.835,4.835,4.835,300,2021-08-24 16:10:00,PANL
4.835,4.835,4.835,4.835,400,2021-08-24 16:11:00,PANL
4.835,4.835,4.835,4.835,200,2021-08-24 16:14:00,PANL
4.835,4.835,4.835,4.835,300,2021-08-24 16:18:00,PANL
4.84,4.84,4.835,4.835,800,2021-08-24 16:22:00,PANL
4.835,4.835,4.835,4.835,400,2021-08-24 16:23:00,PANL
4.835,4.835,4.835,4.835,19800,2021-08-24 16:24:00,PANL
4.835,4.835,4.835,4.835,350,2021-08-24 16:25:00,PANL
4.835,4.835,4.835,4.835,508,2021-08-24 16:26:00,PANL
4.835,4.835,4.835,4.835,1187,2021-08-24 16:27:00,PANL
4.835,4.835,4.835,4.835,346,2021-08-24 16:28:00,PANL
4.835,4.835,4.8301,4.8301,1225,2021-08-24 16:29:00,PANL
4.835,4.835,4.835,4.835,446,2021-08-24 16:31:00,PANL
4.835,4.835,4.835,4.835,622,2021-08-24 16:32:00,PANL
4.835,4.835,4.835,4.835,522,2021-08-24 16:33:00,PANL
4.835,4.835,4.835,4.835,200,2021-08-24 16:34:00,PANL
4.835,4.835,4.835,4.835,122,2021-08-24 16:35:00,PANL
4.835,4.835,4.835,4.835,104,2021-08-24 16:36:00,PANL
4.835,4.835,4.835,4.835,104,2021-08-24 16:37:00,PANL
4.835,4.835,4.835,4.835,122,2021-08-24 16:38:00,PANL
4.835,4.835,4.835,4.835,486,2021-08-24 16:40:00,PANL
4.835,4.835,4.835,4.835,122,2021-08-24 16:41:00,PANL
4.835,4.835,4.835,4.835,400,2021-08-24 16:42:00,PANL
4.835,4.835,4.835,4.835,104,2021-08-24 16:43:00,PANL
4.84,4.84,4.835,4.84,400,2021-08-24 16:45:00,PANL
4.835,4.835,4.835,4.835,100,2021-08-24 16:46:00,PANL
4.835,4.835,4.835,4.835,200,2021-08-24 16:47:00,PANL
4.835,4.835,4.835,4.835,500,2021-08-24 16:48:00,PANL
4.835,4.835,4.835,4.835,425,2021-08-24 16:49:00,PANL
4.84,4.84,4.835,4.835,600,2021-08-24 16:51:00,PANL
4.835,4.835,4.835,4.835,100,2021-08-24 16:54:00,PANL
4.835,4.835,4.835,4.835,829,2021-08-24 16:55:00,PANL
4.835,4.8366,4.835,4.835,802,2021-08-24 16:56:00,PANL
4.84,4.84,4.84,4.84,1400,2021-08-24 16:57:00,PANL
4.84,4.84,4.84,4.84,200,2021-08-24 16:58:00,PANL
4.84,4.84,4.84,4.84,1100,2021-08-24 17:00:00,PANL
4.84,4.84,4.7,4.83,1016248,2021-08-24 17:01:00,PANL
4.83,4.83,4.79,4.79,3100,2021-08-24 17:02:00,PANL
4.79,4.79,4.77,4.79,2616,2021-08-24 17:03:00,PANL
4.7999,4.8,4.78,4.79,2700,2021-08-24 17:05:00,PANL
4.8,4.8,4.8,4.8,200,2021-08-24 17:07:00,PANL
4.8073,4.82,4.8,4.8,750,2021-08-24 17:08:00,PANL
4.82,4.82,4.82,4.82,100,2021-08-24 17:09:00,PANL
4.83,4.84,4.82,4.82,4800,2021-08-24 17:10:00,PANL
4.83,4.83,4.83,4.83,200,2021-08-24 17:12:00,PANL
4.84,4.84,4.84,4.84,1200,2021-08-24 17:13:00,PANL
4.84,4.84,4.83,4.83,3200,2021-08-24 17:14:00,PANL
4.83,4.84,4.82,4.83,3901,2021-08-24 17:15:00,PANL
4.835,4.835,4.83,4.83,704,2021-08-24 17:16:00,PANL
4.83,4.83,4.83,4.83,122,2021-08-24 17:17:00,PANL
4.83,4.83,4.83,4.83,222,2021-08-24 17:18:00,PANL
4.83,4.83,4.83,4.83,522,2021-08-24 17:20:00,PANL
4.83,4.83,4.83,4.83,122,2021-08-24 17:21:00,PANL
4.83,4.83,4.83,4.83,122,2021-08-24 17:22:00,PANL
4.83,4.83,4.83,4.83,400,2021-08-24 17:23:00,PANL
4.83,4.83,4.83,4.83,122,2021-08-24 17:24:00,PANL
4.83,4.83,4.83,4.83,122,2021-08-24 17:25:00,PANL
4.83,4.83,4.83,4.83,400,2021-08-24 17:26:00,PANL
4.83,4.835,4.83,4.835,1200,2021-08-24 17:29:00,PANL
4.835,4.84,4.83,4.83,3290,2021-08-24 17:30:00,PANL
4.835,4.835,4.835,4.835,125,2021-08-24 17:31:00,PANL
4.835,4.835,4.835,4.835,400,2021-08-24 17:32:00,PANL
4.835,4.84,4.835,4.84,835,2021-08-24 17:33:00,PANL
4.835,4.84,4.83,4.83,1204,2021-08-24 17:34:00,PANL
4.835,4.835,4.83,4.83,1700,2021-08-24 17:37:00,PANL
4.835,4.84,4.835,4.84,1600,2021-08-24 17:41:00,PANL
4.835,4.835,4.78,4.78,21811,2021-08-24 17:42:00,PANL
4.7975,4.805,4.7975,4.805,1486,2021-08-24 17:43:00,PANL
4.815,4.815,4.815,4.815,800,2021-08-24 17:44:00,PANL
4.815,4.815,4.815,4.815,2020,2021-08-24 17:46:00,PANL
4.815,4.815,4.815,4.815,1000,2021-08-24 17:47:00,PANL
4.815,4.815,4.815,4.815,600,2021-08-24 17:48:00,PANL
4.815,4.815,4.815,4.815,1440,2021-08-24 17:49:00,PANL
4.815,4.815,4.815,4.815,817,2021-08-24 17:50:00,PANL
4.815,4.82,4.815,4.82,888,2021-08-24 17:51:00,PANL
4.815,4.83,4.815,4.83,26599,2021-08-24 17:52:00,PANL
4.83,4.83,4.83,4.83,466,2021-08-24 17:53:00,PANL
4.83,4.83,4.83,4.83,525,2021-08-24 17:54:00,PANL
4.83,4.84,4.83,4.84,2037,2021-08-24 17:55:00,PANL
4.835,4.835,4.835,4.835,604,2021-08-24 17:56:00,PANL
4.835,4.84,4.835,4.835,304,2021-08-24 17:57:00,PANL
4.84,4.84,4.84,4.84,104,2021-08-24 17:58:00,PANL
4.845,4.845,4.845,4.845,646,2021-08-24 17:59:00,PANL
4.845,4.845,4.845,4.845,246,2021-08-24 18:01:00,PANL
4.845,4.845,4.841,4.845,622,2021-08-24 18:02:00,PANL
4.845,4.845,4.845,4.845,322,2021-08-24 18:03:00,PANL
4.845,4.845,4.845,4.845,622,2021-08-24 18:05:00,PANL
4.845,4.845,4.845,4.845,122,2021-08-24 18:06:00,PANL
4.845,4.845,4.84,4.845,4022,2021-08-24 18:07:00,PANL
4.84,4.84,4.84,4.84,1110,2021-08-24 18:09:00,PANL
4.84,4.8495,4.84,4.84,3546,2021-08-24 18:10:00,PANL
4.84,4.84,4.84,4.84,146,2021-08-24 18:11:00,PANL
4.84,4.84,4.84,4.84,822,2021-08-24 18:12:00,PANL
4.84,4.84,4.84,4.84,122,2021-08-24 18:13:00,PANL
4.84,4.84,4.84,4.84,446,2021-08-24 18:16:00,PANL
4.84,4.8489,4.84,4.8489,1086,2021-08-24 18:18:00,PANL
4.8489,4.85,4.84,4.84,3228,2021-08-24 18:19:00,PANL
4.845,4.845,4.845,4.845,300,2021-08-24 18:20:00,PANL
4.845,4.845,4.845,4.845,100,2021-08-24 18:23:00,PANL
4.845,4.845,4.845,4.845,444,2021-08-24 18:24:00,PANL
4.845,4.845,4.845,4.845,220,2021-08-24 18:25:00,PANL
4.845,4.845,4.845,4.845,100,2021-08-24 18:26:00,PANL
4.845,4.845,4.845,4.845,257,2021-08-24 18:27:00,PANL
4.845,4.85,4.845,4.845,1871,2021-08-24 18:28:00,PANL
4.845,4.845,4.845,4.845,225,2021-08-24 18:29:00,PANL
4.845,4.845,4.845,4.845,246,2021-08-24 18:30:00,PANL
4.845,4.845,4.845,4.845,222,2021-08-24 18:31:00,PANL
4.845,4.85,4.845,4.845,1069,2021-08-24 18:32:00,PANL
4.845,4.845,4.845,4.845,122,2021-08-24 18:33:00,PANL
4.845,4.845,4.845,4.845,200,2021-08-24 18:34:00,PANL
4.845,4.845,4.845,4.845,122,2021-08-24 18:35:00,PANL
4.845,4.845,4.845,4.845,200,2021-08-24 18:36:00,PANL
4.845,4.845,4.845,4.845,200,2021-08-24 18:37:00,PANL
4.845,4.845,4.84,4.84,800,2021-08-24 18:38:00,PANL
4.84,4.84,4.84,4.84,100,2021-08-24 18:39:00,PANL
4.845,4.845,4.845,4.845,100,2021-08-24 18:42:00,PANL
4.845,4.845,4.845,4.845,100,2021-08-24 18:44:00,PANL
4.845,4.849,4.845,4.849,467,2021-08-24 18:45:00,PANL
4.845,4.845,4.845,4.845,100,2021-08-24 18:47:00,PANL
4.845,4.845,4.845,4.845,100,2021-08-24 18:49:00,PANL
4.845,4.845,4.845,4.845,100,2021-08-24 18:52:00,PANL
4.847,4.847,4.847,4.847,100,2021-08-24 18:53:00,PANL
4.85,4.85,4.845,4.845,3400,2021-08-24 18:54:00,PANL
4.845,4.845,4.845,4.845,512,2021-08-24 18:55:00,PANL
4.845,4.845,4.845,4.845,100,2021-08-24 18:57:00,PANL
4.845,4.845,4.845,4.845,100,2021-08-24 18:58:00,PANL
4.845,4.85,4.845,4.85,1300,2021-08-24 18:59:00,PANL
4.845,4.845,4.845,4.845,633,2021-08-24 19:00:00,PANL
4.845,4.845,4.845,4.845,433,2021-08-24 19:01:00,PANL
4.845,4.845,4.845,4.845,466,2021-08-24 19:02:00,PANL
4.845,4.85,4.845,4.845,2055,2021-08-24 19:03:00,PANL
4.845,4.845,4.845,4.845,308,2021-08-24 19:04:00,PANL
4.845,4.845,4.845,4.845,295,2021-08-24 19:05:00,PANL
4.845,4.845,4.845,4.845,200,2021-08-24 19:06:00,PANL
4.845,4.845,4.845,4.845,100,2021-08-24 19:07:00,PANL
4.845,4.845,4.845,4.845,157,2021-08-24 19:08:00,PANL
4.845,4.845,4.845,4.845,122,2021-08-24 19:09:00,PANL
4.845,4.85,4.845,4.845,2220,2021-08-24 19:10:00,PANL
4.845,4.845,4.845,4.845,366,2021-08-24 19:11:00,PANL
4.845,4.845,4.845,4.845,371,2021-08-24 19:12:00,PANL
4.845,4.845,4.845,4.845,200,2021-08-24 19:13:00,PANL
4.845,4.845,4.845,4.845,2100,2021-08-24 19:15:00,PANL
4.845,4.845,4.845,4.845,200,2021-08-24 19:16:00,PANL
4.845,4.845,4.82,4.835,1792,2021-08-24 19:17:00,PANL
4.835,4.835,4.835,4.835,100,2021-08-24 19:19:00,PANL
4.82,4.83,4.82,4.82,300,2021-08-24 19:20:00,PANL
4.82,4.82,4.795,4.8,11300,2021-08-24 19:21:00,PANL
4.8,4.81,4.8,4.8,1386,2021-08-24 19:22:00,PANL
4.81,4.81,4.81,4.81,500,2021-08-24 19:23:00,PANL
4.81,4.81,4.8,4.8,3725,2021-08-24 19:24:00,PANL
4.81,4.81,4.81,4.81,500,2021-08-24 19:25:00,PANL
4.81,4.81,4.8,4.8,1621,2021-08-24 19:27:00,PANL
4.815,4.815,4.815,4.815,200,2021-08-24 19:28:00,PANL
4.815,4.815,4.815,4.815,940,2021-08-24 19:29:00,PANL
4.81,4.815,4.81,4.815,700,2021-08-24 19:31:00,PANL
4.815,4.815,4.815,4.815,200,2021-08-24 19:34:00,PANL
4.81,4.815,4.81,4.815,500,2021-08-24 19:35:00,PANL
4.815,4.815,4.81,4.815,900,2021-08-24 19:36:00,PANL
4.815,4.815,4.815,4.815,100,2021-08-24 19:37:00,PANL
4.81,4.81,4.81,4.81,600,2021-08-24 19:39:00,PANL
4.82,4.82,4.805,4.805,900,2021-08-24 19:40:00,PANL
4.81,4.81,4.8,4.805,1590,2021-08-24 19:41:00,PANL
4.81,4.81,4.795,4.795,23762,2021-08-24 19:44:00,PANL
4.7975,4.8,4.79,4.8,21000,2021-08-24 19:45:00,PANL
4.7975,4.8,4.795,4.795,8605,2021-08-24 19:46:00,PANL
4.795,4.8,4.795,4.795,3343,2021-08-24 19:47:00,PANL
4.795,4.8,4.795,4.8,3461,2021-08-24 19:48:00,PANL
4.795,4.8,4.795,4.8,3506,2021-08-24 19:49:00,PANL
4.8,4.8,4.795,4.795,1689,2021-08-24 19:50:00,PANL
4.795,4.795,4.795,4.795,1552,2021-08-24 19:51:00,PANL
4.795,4.795,4.795,4.795,2000,2021-08-24 19:52:00,PANL
4.795,4.795,4.795,4.795,400,2021-08-24 19:53:00,PANL
4.795,4.795,4.795,4.795,1800,2021-08-24 19:54:00,PANL
4.795,4.795,4.795,4.795,1095,2021-08-24 19:55:00,PANL
4.795,4.795,4.795,4.795,2400,2021-08-24 19:56:00,PANL
4.795,4.795,4.795,4.795,3033,2021-08-24 19:57:00,PANL
4.795,4.795,4.795,4.795,3973,2021-08-24 19:58:00,PANL
4.795,4.8,4.79,4.79,7056,2021-08-24 19:59:00,PANL
4.81,4.81,4.81,4.81,1179,2021-08-24 20:00:00,PANL
4.83,4.83,4.83,4.83,228,2021-08-24 20:59:00,PANL
4.85,4.85,4.85,4.85,100,2021-08-24 23:47:00,PANL
4.82,4.82,4.82,4.82,100,2021-08-25 08:57:00,PANL
4.83,4.83,4.83,4.83,200,2021-08-25 12:31:00,PANL
4.81,4.81,4.81,4.81,100,2021-08-25 12:35:00,PANL
4.81,4.81,4.81,4.81,100,2021-08-25 12:58:00,PANL
4.81,4.81,4.81,4.81,300,2021-08-25 13:11:00,PANL
4.81,4.82,4.81,4.82,2427,2021-08-25 13:30:00,PANL
4.81,4.81,4.75,4.75,17650,2021-08-25 13:31:00,PANL
4.75,4.77,4.75,4.77,1432,2021-08-25 13:32:00,PANL
4.77,4.77,4.77,4.77,320,2021-08-25 13:33:00,PANL
4.77,4.7961,4.77,4.78,1006,2021-08-25 13:34:00,PANL
4.74,4.74,4.74,4.74,100,2021-08-25 13:35:00,PANL
4.805,4.805,4.805,4.805,200,2021-08-25 13:38:00,PANL
4.81,4.82,4.81,4.82,200,2021-08-25 13:40:00,PANL
4.8,4.82,4.8,4.82,300,2021-08-25 13:42:00,PANL
4.8,4.8,4.8,4.8,600,2021-08-25 13:45:00,PANL
4.79,4.79,4.79,4.79,595,2021-08-25 13:46:00,PANL
4.79,4.79,4.75,4.77,1768,2021-08-25 13:47:00,PANL
4.775,4.8,4.775,4.78,1541,2021-08-25 13:48:00,PANL
4.765,4.765,4.765,4.765,122,2021-08-25 13:49:00,PANL
4.785,4.8,4.785,4.79,2660,2021-08-25 13:50:00,PANL
4.7814,4.7814,4.7814,4.7814,125,2021-08-25 13:51:00,PANL
4.8,4.8,4.79,4.8,1100,2021-08-25 13:53:00,PANL
4.8,4.8,4.795,4.795,2600,2021-08-25 13:54:00,PANL
4.795,4.795,4.795,4.795,300,2021-08-25 13:55:00,PANL
4.795,4.795,4.795,4.795,500,2021-08-25 13:56:00,PANL
4.8,4.8,4.795,4.795,691,2021-08-25 13:57:00,PANL
4.795,4.795,4.79,4.79,3300,2021-08-25 13:58:00,PANL
4.79,4.79,4.79,4.79,100,2021-08-25 14:00:00,PANL
4.78,4.78,4.76,4.76,2200,2021-08-25 14:01:00,PANL
4.765,4.765,4.765,4.765,268,2021-08-25 14:02:00,PANL
4.765,4.765,4.765,4.765,466,2021-08-25 14:03:00,PANL
4.765,4.765,4.765,4.765,417,2021-08-25 14:04:00,PANL
4.765,4.765,4.765,4.765,293,2021-08-25 14:05:00,PANL
4.7615,4.77,4.7615,4.77,1100,2021-08-25 14:06:00,PANL
4.77,4.77,4.77,4.77,271,2021-08-25 14:08:00,PANL
4.77,4.77,4.77,4.77,100,2021-08-25 14:10:00,PANL
4.775,4.78,4.775,4.78,2500,2021-08-25 14:20:00,PANL
4.78,4.79,4.78,4.79,708,2021-08-25 14:21:00,PANL
4.79,4.79,4.79,4.79,100,2021-08-25 14:22:00,PANL
4.795,4.8,4.795,4.8,500,2021-08-25 14:23:00,PANL
4.8,4.8,4.8,4.8,110,2021-08-25 14:24:00,PANL
4.8,4.8,4.8,4.8,110,2021-08-25 14:25:00,PANL
4.795,4.8,4.795,4.8,500,2021-08-25 14:26:00,PANL
4.795,4.795,4.795,4.795,300,2021-08-25 14:27:00,PANL
4.795,4.795,4.795,4.795,100,2021-08-25 14:28:00,PANL
4.795,4.795,4.795,4.795,4400,2021-08-25 14:29:00,PANL
4.8,4.8,4.8,4.8,300,2021-08-25 14:30:00,PANL
4.8,4.8,4.8,4.8,100,2021-08-25 14:31:00,PANL
4.795,4.795,4.795,4.795,100,2021-08-25 14:35:00,PANL
4.795,4.8,4.795,4.795,373,2021-08-25 14:38:00,PANL
4.795,4.795,4.795,4.795,104,2021-08-25 14:39:00,PANL
4.795,4.795,4.795,4.795,125,2021-08-25 14:40:00,PANL
4.795,4.795,4.795,4.795,100,2021-08-25 14:43:00,PANL
4.8,4.8,4.8,4.8,311,2021-08-25 14:44:00,PANL
4.8,4.8,4.8,4.8,1800,2021-08-25 14:45:00,PANL
4.795,4.7999,4.795,4.795,1074,2021-08-25 14:47:00,PANL
4.795,4.795,4.775,4.775,1522,2021-08-25 14:49:00,PANL
4.78,4.78,4.78,4.78,100,2021-08-25 14:56:00,PANL
4.78,4.78,4.78,4.78,100,2021-08-25 14:58:00,PANL
4.7868,4.7868,4.7868,4.7868,200,2021-08-25 14:59:00,PANL
4.78,4.78,4.78,4.78,100,2021-08-25 15:01:00,PANL
4.7817,4.79,4.7817,4.785,2400,2021-08-25 15:07:00,PANL
4.79,4.79,4.79,4.79,100,2021-08-25 15:08:00,PANL
4.79,4.8,4.79,4.79,5900,2021-08-25 15:11:00,PANL
4.79,4.79,4.79,4.79,146,2021-08-25 15:12:00,PANL
4.79,4.79,4.79,4.79,100,2021-08-25 15:14:00,PANL
4.79,4.79,4.79,4.79,122,2021-08-25 15:15:00,PANL
4.79,4.79,4.79,4.79,200,2021-08-25 15:16:00,PANL
4.78,4.78,4.78,4.78,100,2021-08-25 15:17:00,PANL
4.79,4.79,4.79,4.79,100,2021-08-25 15:18:00,PANL
4.79,4.79,4.79,4.79,500,2021-08-25 15:19:00,PANL
4.79,4.79,4.79,4.79,200,2021-08-25 15:25:00,PANL
4.79,4.79,4.79,4.79,100,2021-08-25 15:26:00,PANL
4.8,4.8,4.79,4.795,510,2021-08-25 15:27:00,PANL
4.795,4.795,4.795,4.795,100,2021-08-25 15:32:00,PANL
4.795,4.795,4.795,4.795,100,2021-08-25 15:33:00,PANL
4.79,4.79,4.77,4.78,15474,2021-08-25 15:38:00,PANL
4.79,4.79,4.79,4.79,100,2021-08-25 15:39:00,PANL
4.78,4.78,4.78,4.78,100,2021-08-25 15:40:00,PANL
4.79,4.79,4.79,4.79,300,2021-08-25 15:41:00,PANL
4.79,4.79,4.79,4.79,400,2021-08-25 15:43:00,PANL
4.79,4.79,4.79,4.79,200,2021-08-25 15:46:00,PANL
4.794,4.794,4.79,4.79,836,2021-08-25 15:48:00,PANL
4.79,4.79,4.79,4.79,300,2021-08-25 15:49:00,PANL
4.79,4.79,4.79,4.79,200,2021-08-25 15:51:00,PANL
4.79,4.79,4.79,4.79,200,2021-08-25 15:52:00,PANL
4.79,4.79,4.79,4.79,200,2021-08-25 15:54:00,PANL
4.79,4.79,4.79,4.79,100,2021-08-25 15:56:00,PANL
4.79,4.79,4.79,4.79,200,2021-08-25 15:57:00,PANL
4.79,4.79,4.79,4.79,100,2021-08-25 15:58:00,PANL
4.79,4.79,4.79,4.79,200,2021-08-25 15:59:00,PANL
4.79,4.79,4.79,4.79,578,2021-08-25 16:00:00,PANL
4.79,4.79,4.79,4.79,300,2021-08-25 16:01:00,PANL
4.79,4.79,4.79,4.79,200,2021-08-25 16:04:00,PANL
4.79,4.8,4.79,4.8,3252,2021-08-25 16:05:00,PANL
4.82,4.82,4.815,4.815,200,2021-08-25 16:06:00,PANL
4.815,4.815,4.815,4.815,200,2021-08-25 16:09:00,PANL
4.82,4.83,4.82,4.83,1391,2021-08-25 16:10:00,PANL
4.83,4.83,4.83,4.83,100,2021-08-25 16:12:00,PANL
4.82,4.82,4.82,4.82,200,2021-08-25 16:13:00,PANL
4.82,4.82,4.82,4.82,200,2021-08-25 16:14:00,PANL
4.82,4.82,4.82,4.82,100,2021-08-25 16:16:00,PANL
4.82,4.82,4.82,4.82,200,2021-08-25 16:18:00,PANL
4.82,4.82,4.82,4.82,700,2021-08-25 16:23:00,PANL
4.82,4.825,4.82,4.825,300,2021-08-25 16:24:00,PANL
4.825,4.825,4.825,4.825,100,2021-08-25 16:25:00,PANL
4.825,4.825,4.825,4.825,200,2021-08-25 16:26:00,PANL
4.8205,4.8205,4.8205,4.8205,200,2021-08-25 16:28:00,PANL
4.825,4.825,4.825,4.825,200,2021-08-25 16:29:00,PANL
4.8289,4.8289,4.825,4.825,300,2021-08-25 16:31:00,PANL
4.825,4.825,4.825,4.825,200,2021-08-25 16:33:00,PANL
4.825,4.85,4.825,4.845,12900,2021-08-25 16:35:00,PANL
4.85,4.85,4.845,4.845,1023,2021-08-25 16:36:00,PANL
4.85,4.85,4.845,4.845,1400,2021-08-25 16:37:00,PANL
4.845,4.845,4.845,4.845,200,2021-08-25 16:39:00,PANL
4.845,4.845,4.845,4.845,100,2021-08-25 16:40:00,PANL
4.845,4.845,4.845,4.845,200,2021-08-25 16:44:00,PANL
4.845,4.845,4.845,4.845,100,2021-08-25 16:45:00,PANL
4.845,4.845,4.845,4.845,100,2021-08-25 16:46:00,PANL
4.845,4.845,4.845,4.845,100,2021-08-25 16:47:00,PANL
4.845,4.845,4.845,4.845,300,2021-08-25 16:48:00,PANL
4.845,4.845,4.845,4.845,300,2021-08-25 16:52:00,PANL
4.85,4.85,4.845,4.85,2025,2021-08-25 16:54:00,PANL
4.845,4.845,4.845,4.845,490,2021-08-25 16:55:00,PANL
4.845,4.845,4.845,4.845,200,2021-08-25 16:56:00,PANL
4.845,4.845,4.845,4.845,100,2021-08-25 16:57:00,PANL
4.845,4.845,4.845,4.845,200,2021-08-25 17:01:00,PANL
4.845,4.845,4.845,4.845,100,2021-08-25 17:04:00,PANL
4.84,4.85,4.84,4.84,1117,2021-08-25 17:05:00,PANL
4.845,4.845,4.84,4.84,1200,2021-08-25 17:08:00,PANL
4.835,4.84,4.835,4.84,700,2021-08-25 17:09:00,PANL
4.845,4.845,4.835,4.84,2300,2021-08-25 17:10:00,PANL
4.84,4.84,4.84,4.84,600,2021-08-25 17:11:00,PANL
4.84,4.84,4.84,4.84,100,2021-08-25 17:12:00,PANL
4.84,4.84,4.835,4.835,580,2021-08-25 17:16:00,PANL
4.84,4.84,4.84,4.84,200,2021-08-25 17:18:00,PANL
4.84,4.84,4.84,4.84,307,2021-08-25 17:28:00,PANL
4.84,4.84,4.84,4.84,100,2021-08-25 17:33:00,PANL
4.835,4.835,4.835,4.835,1100,2021-08-25 17:38:00,PANL
4.835,4.835,4.835,4.835,100,2021-08-25 17:40:00,PANL
4.835,4.835,4.835,4.835,1400,2021-08-25 17:42:00,PANL
4.83,4.83,4.83,4.83,300,2021-08-25 17:50:00,PANL
4.83,4.83,4.83,4.83,300,2021-08-25 17:51:00,PANL
4.83,4.83,4.83,4.83,200,2021-08-25 17:52:00,PANL
4.8228,4.825,4.795,4.795,8301,2021-08-25 17:53:00,PANL
4.795,4.81,4.795,4.81,3300,2021-08-25 17:54:00,PANL
4.81,4.81,4.81,4.81,400,2021-08-25 17:55:00,PANL
4.8199,4.8199,4.8199,4.8199,105,2021-08-25 17:56:00,PANL
4.81,4.81,4.81,4.81,100,2021-08-25 17:57:00,PANL
4.81,4.81,4.81,4.81,233,2021-08-25 18:00:00,PANL
4.805,4.805,4.805,4.805,200,2021-08-25 18:02:00,PANL
4.805,4.805,4.805,4.805,100,2021-08-25 18:05:00,PANL
4.805,4.805,4.805,4.805,600,2021-08-25 18:06:00,PANL
4.805,4.81,4.805,4.81,400,2021-08-25 18:07:00,PANL
4.81,4.81,4.81,4.81,500,2021-08-25 18:08:00,PANL
4.81,4.81,4.81,4.81,100,2021-08-25 18:09:00,PANL
4.815,4.83,4.815,4.815,300,2021-08-25 18:11:00,PANL
4.815,4.815,4.815,4.815,100,2021-08-25 18:18:00,PANL
4.815,4.815,4.815,4.815,100,2021-08-25 18:24:00,PANL
4.815,4.815,4.815,4.815,100,2021-08-25 18:25:00,PANL
4.815,4.815,4.815,4.815,200,2021-08-25 18:26:00,PANL
4.815,4.815,4.815,4.815,100,2021-08-25 18:30:00,PANL
4.815,4.815,4.815,4.815,100,2021-08-25 18:31:00,PANL
4.8,4.815,4.8,4.815,3500,2021-08-25 18:39:00,PANL
4.815,4.815,4.815,4.815,434,2021-08-25 18:41:00,PANL
4.815,4.815,4.815,4.815,100,2021-08-25 18:43:00,PANL
4.815,4.815,4.815,4.815,100,2021-08-25 18:46:00,PANL
4.815,4.815,4.815,4.815,100,2021-08-25 18:47:00,PANL
4.81,4.81,4.81,4.81,200,2021-08-25 18:50:00,PANL
4.81,4.81,4.81,4.81,100,2021-08-25 18:56:00,PANL
4.81,4.81,4.81,4.81,100,2021-08-25 18:57:00,PANL
4.81,4.81,4.81,4.81,100,2021-08-25 18:59:00,PANL
4.81,4.81,4.8,4.805,3065,2021-08-25 19:02:00,PANL
4.8,4.8,4.8,4.8,100,2021-08-25 19:03:00,PANL
4.8,4.8,4.8,4.8,100,2021-08-25 19:05:00,PANL
4.8,4.8,4.8,4.8,100,2021-08-25 19:06:00,PANL
4.8,4.8,4.8,4.8,100,2021-08-25 19:07:00,PANL
4.8,4.8,4.8,4.8,100,2021-08-25 19:08:00,PANL
4.8,4.8,4.8,4.8,1200,2021-08-25 19:15:00,PANL
4.8,4.8,4.8,4.8,200,2021-08-25 19:16:00,PANL
4.795,4.795,4.795,4.795,100,2021-08-25 19:18:00,PANL
4.795,4.795,4.795,4.795,100,2021-08-25 19:22:00,PANL
4.795,4.795,4.795,4.795,219,2021-08-25 19:24:00,PANL
4.8,4.8,4.79,4.795,815,2021-08-25 19:25:00,PANL
4.8,4.8,4.8,4.8,200,2021-08-25 19:28:00,PANL
4.8,4.8,4.8,4.8,100,2021-08-25 19:29:00,PANL
4.7991,4.7991,4.7991,4.7991,250,2021-08-25 19:31:00,PANL
4.8,4.8,4.8,4.8,100,2021-08-25 19:33:00,PANL
4.7941,4.795,4.7941,4.795,300,2021-08-25 19:34:00,PANL
4.795,4.795,4.795,4.795,100,2021-08-25 19:36:00,PANL
4.795,4.795,4.795,4.795,100,2021-08-25 19:37:00,PANL
4.7983,4.805,4.7983,4.8,4598,2021-08-25 19:39:00,PANL
4.8,4.8,4.8,4.8,200,2021-08-25 19:40:00,PANL
4.8,4.8,4.8,4.8,200,2021-08-25 19:42:00,PANL
4.802,4.802,4.8,4.8,3350,2021-08-25 19:43:00,PANL
4.8,4.8,4.8,4.8,200,2021-08-25 19:44:00,PANL
4.7906,4.795,4.7906,4.795,1146,2021-08-25 19:45:00,PANL
4.795,4.795,4.795,4.795,100,2021-08-25 19:46:00,PANL
4.7999,4.8,4.79,4.79,6398,2021-08-25 19:47:00,PANL
4.795,4.8,4.795,4.8,4226,2021-08-25 19:48:00,PANL
4.8,4.8,4.79,4.79,3329,2021-08-25 19:49:00,PANL
4.79,4.79,4.79,4.79,2100,2021-08-25 19:50:00,PANL
4.79,4.79,4.7806,4.79,1446,2021-08-25 19:51:00,PANL
4.79,4.79,4.79,4.79,100,2021-08-25 19:52:00,PANL
4.79,4.79,4.79,4.79,100,2021-08-25 19:53:00,PANL
4.8,4.8,4.78,4.8,3599,2021-08-25 19:54:00,PANL
4.8,4.8,4.8,4.8,500,2021-08-25 19:55:00,PANL
4.8,4.8,4.79,4.8,800,2021-08-25 19:56:00,PANL
4.8,4.8,4.8,4.8,1500,2021-08-25 19:57:00,PANL
4.8,4.8,4.8,4.8,1400,2021-08-25 19:58:00,PANL
4.79,4.8,4.79,4.8,1810,2021-08-25 19:59:00,PANL
4.8,4.8,4.8,4.8,902,2021-08-25 20:00:00,PANL
4.85,4.85,4.85,4.85,500,2021-08-26 11:05:00,PANL
4.83,4.83,4.83,4.83,1380,2021-08-26 13:30:00,PANL
4.82,4.82,4.82,4.82,900,2021-08-26 13:38:00,PANL
4.81,4.81,4.8,4.8,3626,2021-08-26 13:39:00,PANL
4.8,4.81,4.8,4.8,7000,2021-08-26 13:40:00,PANL
4.8,4.8,4.8,4.8,3000,2021-08-26 13:41:00,PANL
4.7807,4.7807,4.7807,4.7807,2500,2021-08-26 13:42:00,PANL
4.805,4.805,4.805,4.805,1200,2021-08-26 13:53:00,PANL
4.81,4.81,4.81,4.81,100,2021-08-26 13:55:00,PANL
4.7966,4.7966,4.7966,4.7966,100,2021-08-26 14:10:00,PANL
4.81,4.81,4.81,4.81,800,2021-08-26 14:13:00,PANL
4.82,4.82,4.82,4.82,100,2021-08-26 14:28:00,PANL
4.82,4.82,4.81,4.815,5263,2021-08-26 14:29:00,PANL
4.81,4.81,4.79,4.8,6881,2021-08-26 14:30:00,PANL
4.82,4.82,4.81,4.81,3150,2021-08-26 14:31:00,PANL
4.8,4.8,4.8,4.8,500,2021-08-26 14:32:00,PANL
4.8,4.8,4.8,4.8,1500,2021-08-26 14:33:00,PANL
4.8,4.8,4.79,4.8,2871,2021-08-26 14:35:00,PANL
4.8,4.82,4.79,4.79,4100,2021-08-26 14:37:00,PANL
4.8,4.8,4.77,4.77,5020,2021-08-26 14:38:00,PANL
4.76,4.76,4.76,4.76,776,2021-08-26 14:39:00,PANL
4.765,4.765,4.765,4.765,150,2021-08-26 14:40:00,PANL
4.76,4.76,4.72,4.75,5643,2021-08-26 14:41:00,PANL
4.74,4.74,4.72,4.73,4768,2021-08-26 14:43:00,PANL
4.72,4.72,4.72,4.72,1500,2021-08-26 14:44:00,PANL
4.72,4.72,4.72,4.72,100,2021-08-26 14:45:00,PANL
4.715,4.715,4.71,4.715,300,2021-08-26 14:46:00,PANL
4.72,4.72,4.718,4.7195,600,2021-08-26 14:48:00,PANL
4.71,4.71,4.66,4.66,9344,2021-08-26 14:50:00,PANL
4.65,4.69,4.65,4.69,1546,2021-08-26 14:52:00,PANL
4.7,4.7173,4.7,4.716,2600,2021-08-26 14:54:00,PANL
4.72,4.76,4.72,4.76,6177,2021-08-26 14:55:00,PANL
4.75,4.75,4.74,4.74,811,2021-08-26 15:02:00,PANL
4.74,4.74,4.74,4.74,200,2021-08-26 15:03:00,PANL
4.75,4.76,4.75,4.76,500,2021-08-26 15:08:00,PANL
4.78,4.78,4.78,4.78,200,2021-08-26 15:23:00,PANL
4.8,4.8,4.7874,4.7874,750,2021-08-26 15:29:00,PANL
4.785,4.785,4.785,4.785,200,2021-08-26 15:31:00,PANL
4.785,4.785,4.785,4.785,100,2021-08-26 15:32:00,PANL
4.785,4.8,4.77,4.8,669,2021-08-26 15:33:00,PANL
4.79,4.79,4.785,4.785,326,2021-08-26 15:35:00,PANL
4.7999,4.7999,4.7999,4.7999,500,2021-08-26 15:37:00,PANL
4.795,4.795,4.795,4.795,100,2021-08-26 15:46:00,PANL
4.795,4.795,4.795,4.795,200,2021-08-26 15:53:00,PANL
4.795,4.795,4.795,4.795,750,2021-08-26 15:55:00,PANL
4.8,4.8,4.8,4.8,2188,2021-08-26 15:59:00,PANL
4.8,4.8,4.8,4.8,1200,2021-08-26 16:05:00,PANL
4.8,4.8,4.8,4.8,100,2021-08-26 16:07:00,PANL
4.8,4.8,4.8,4.8,100,2021-08-26 16:17:00,PANL
4.79,4.79,4.79,4.79,300,2021-08-26 16:20:00,PANL
4.78,4.78,4.78,4.78,200,2021-08-26 16:23:00,PANL
4.785,4.785,4.785,4.785,100,2021-08-26 16:27:00,PANL
4.7701,4.7701,4.7701,4.7701,1000,2021-08-26 16:28:00,PANL
4.77,4.77,4.77,4.77,1000,2021-08-26 16:33:00,PANL
4.8,4.8,4.8,4.8,100,2021-08-26 16:34:00,PANL
4.785,4.79,4.78,4.78,400,2021-08-26 17:23:00,PANL
4.79,4.79,4.78,4.78,450,2021-08-26 17:24:00,PANL
4.79,4.79,4.79,4.79,200,2021-08-26 17:25:00,PANL
4.785,4.8,4.785,4.8,300,2021-08-26 17:27:00,PANL
4.7727,4.7727,4.7727,4.7727,100,2021-08-26 17:28:00,PANL
4.785,4.785,4.78,4.78,888,2021-08-26 17:36:00,PANL
4.79,4.79,4.79,4.79,100,2021-08-26 17:44:00,PANL
4.7716,4.79,4.7716,4.79,700,2021-08-26 17:51:00,PANL
4.78,4.78,4.78,4.78,100,2021-08-26 17:53:00,PANL
4.79,4.79,4.79,4.79,100,2021-08-26 18:00:00,PANL
4.79,4.79,4.79,4.79,200,2021-08-26 18:04:00,PANL
4.79,4.79,4.79,4.79,100,2021-08-26 18:07:00,PANL
4.79,4.79,4.79,4.79,100,2021-08-26 18:10:00,PANL
4.79,4.79,4.79,4.79,100,2021-08-26 18:13:00,PANL
4.79,4.79,4.79,4.79,100,2021-08-26 18:14:00,PANL
4.77,4.77,4.77,4.77,100,2021-08-26 18:15:00,PANL
4.77,4.78,4.77,4.78,200,2021-08-26 18:17:00,PANL
4.78,4.78,4.78,4.78,200,2021-08-26 18:18:00,PANL
4.78,4.78,4.78,4.78,100,2021-08-26 18:21:00,PANL
4.78,4.78,4.78,4.78,100,2021-08-26 18:31:00,PANL
4.7783,4.78,4.7783,4.78,600,2021-08-26 18:34:00,PANL
4.78,4.78,4.78,4.78,100,2021-08-26 18:35:00,PANL
4.78,4.78,4.78,4.78,600,2021-08-26 18:38:00,PANL
4.79,4.79,4.79,4.79,500,2021-08-26 18:41:00,PANL
4.78,4.78,4.78,4.78,100,2021-08-26 18:44:00,PANL
4.78,4.79,4.78,4.79,1078,2021-08-26 18:45:00,PANL
4.79,4.79,4.79,4.79,100,2021-08-26 18:50:00,PANL
4.79,4.79,4.79,4.79,100,2021-08-26 18:55:00,PANL
4.7852,4.7852,4.7852,4.7852,208,2021-08-26 18:56:00,PANL
4.78,4.78,4.78,4.78,500,2021-08-26 19:01:00,PANL
4.775,4.78,4.77,4.78,1400,2021-08-26 19:02:00,PANL
4.78,4.78,4.78,4.78,100,2021-08-26 19:03:00,PANL
4.78,4.79,4.77,4.77,8625,2021-08-26 19:08:00,PANL
4.775,4.79,4.775,4.79,844,2021-08-26 19:09:00,PANL
4.775,4.775,4.775,4.775,250,2021-08-26 19:10:00,PANL
4.78,4.78,4.78,4.78,100,2021-08-26 19:11:00,PANL
4.78,4.78,4.78,4.78,100,2021-08-26 19:16:00,PANL
4.775,4.775,4.775,4.775,500,2021-08-26 19:17:00,PANL
4.7899,4.79,4.7899,4.79,217,2021-08-26 19:22:00,PANL
4.78,4.78,4.78,4.78,344,2021-08-26 19:27:00,PANL
4.78,4.78,4.78,4.78,299,2021-08-26 19:28:00,PANL
4.79,4.79,4.79,4.79,400,2021-08-26 19:34:00,PANL
4.785,4.785,4.785,4.785,122,2021-08-26 19:40:00,PANL
4.8,4.82,4.8,4.805,20082,2021-08-26 19:43:00,PANL
4.805,4.82,4.805,4.82,20400,2021-08-26 19:44:00,PANL
4.82,4.82,4.8,4.805,5227,2021-08-26 19:45:00,PANL
4.81,4.81,4.7801,4.8,3413,2021-08-26 19:46:00,PANL
4.8,4.8,4.8,4.8,500,2021-08-26 19:49:00,PANL
4.805,4.805,4.805,4.805,1000,2021-08-26 19:50:00,PANL
4.805,4.805,4.805,4.805,100,2021-08-26 19:51:00,PANL
4.82,4.82,4.8,4.805,3566,2021-08-26 19:52:00,PANL
4.795,4.8,4.795,4.8,918,2021-08-26 19:54:00,PANL
4.78,4.78,4.78,4.78,1000,2021-08-26 19:55:00,PANL
4.805,4.82,4.805,4.805,1600,2021-08-26 19:56:00,PANL
4.805,4.81,4.805,4.81,200,2021-08-26 19:57:00,PANL
4.81,4.81,4.79,4.8,1394,2021-08-26 19:58:00,PANL
4.8,4.82,4.79,4.8,879,2021-08-26 19:59:00,PANL
4.82,4.82,4.82,4.82,359,2021-08-26 20:00:00,PANL
4.8299,4.8299,4.8299,4.8299,501,2021-08-26 21:18:00,PANL
4.83,4.83,4.83,4.83,100,2021-08-26 23:22:00,PANL
4.8,4.8,4.8,4.8,100,2021-08-27 11:24:00,PANL
4.82,4.85,4.82,4.85,5000,2021-08-27 11:33:00,PANL
4.84,4.85,4.84,4.85,1800,2021-08-27 11:34:00,PANL
4.84,4.84,4.84,4.84,200,2021-08-27 12:03:00,PANL
4.84,4.84,4.84,4.84,1445,2021-08-27 13:30:00,PANL
4.81,4.81,4.81,4.81,100,2021-08-27 13:31:00,PANL
4.825,4.825,4.825,4.825,100,2021-08-27 13:36:00,PANL
4.825,4.83,4.825,4.83,3700,2021-08-27 13:37:00,PANL
4.8209,4.83,4.8209,4.83,700,2021-08-27 13:38:00,PANL
4.83,4.86,4.83,4.853,9970,2021-08-27 13:39:00,PANL
4.855,4.86,4.855,4.86,1748,2021-08-27 13:40:00,PANL
4.88,4.88,4.88,4.88,4000,2021-08-27 13:41:00,PANL
4.875,4.88,4.875,4.88,4125,2021-08-27 13:42:00,PANL
4.875,4.89,4.875,4.89,2149,2021-08-27 13:43:00,PANL
4.8622,4.8622,4.8622,4.8622,100,2021-08-27 13:44:00,PANL
4.875,4.933,4.8,4.8,86912,2021-08-27 13:45:00,PANL
4.9299,4.9299,4.9299,4.9299,5000,2021-08-27 13:46:00,PANL
4.8906,4.8906,4.89,4.89,1200,2021-08-27 13:50:00,PANL
4.909,4.909,4.86,4.86,3600,2021-08-27 13:52:00,PANL
4.88,4.88,4.86,4.86,1100,2021-08-27 13:53:00,PANL
4.88,4.88,4.86,4.86,1100,2021-08-27 13:54:00,PANL
4.8999,4.8999,4.86,4.86,1200,2021-08-27 13:55:00,PANL
4.86,4.8999,4.85,4.86,22700,2021-08-27 13:59:00,PANL
4.88,4.88,4.88,4.88,700,2021-08-27 14:01:00,PANL
4.88,4.88,4.88,4.88,100,2021-08-27 14:02:00,PANL
4.9,4.9,4.88,4.88,382,2021-08-27 14:03:00,PANL
4.8801,4.8801,4.88,4.88,2300,2021-08-27 14:04:00,PANL
4.8906,4.8906,4.88,4.88,2400,2021-08-27 14:05:00,PANL
4.895,4.895,4.895,4.895,390,2021-08-27 14:06:00,PANL
4.905,4.905,4.905,4.905,100,2021-08-27 14:07:00,PANL
4.91,4.91,4.91,4.91,194,2021-08-27 14:09:00,PANL
4.915,4.915,4.915,4.915,900,2021-08-27 14:12:00,PANL
4.9,4.9,4.9,4.9,200,2021-08-27 14:13:00,PANL
4.91,4.91,4.91,4.91,2000,2021-08-27 14:14:00,PANL
4.9,4.9,4.87,4.88,17889,2021-08-27 14:15:00,PANL
4.88,4.88,4.88,4.88,513,2021-08-27 14:16:00,PANL
4.88,4.9,4.88,4.88,5200,2021-08-27 14:20:00,PANL
4.885,4.885,4.885,4.885,400,2021-08-27 14:22:00,PANL
4.899,4.9,4.88,4.9,1700,2021-08-27 14:23:00,PANL
4.89,4.9,4.89,4.9,800,2021-08-27 14:24:00,PANL
4.89,4.89,4.88,4.88,1000,2021-08-27 14:25:00,PANL
4.88,4.885,4.88,4.885,1051,2021-08-27 14:26:00,PANL
4.88,4.88,4.87,4.87,919,2021-08-27 14:27:00,PANL
4.88,4.88,4.88,4.88,3800,2021-08-27 14:28:00,PANL
4.885,4.885,4.88,4.88,3000,2021-08-27 14:29:00,PANL
4.8875,4.8875,4.8875,4.8875,800,2021-08-27 14:32:00,PANL
4.87,4.87,4.87,4.87,200,2021-08-27 14:33:00,PANL
4.885,4.905,4.885,4.905,6300,2021-08-27 14:34:00,PANL
4.8901,4.8901,4.8901,4.8901,2000,2021-08-27 14:37:00,PANL
4.905,4.905,4.905,4.905,510,2021-08-27 14:41:00,PANL
4.905,4.905,4.905,4.905,900,2021-08-27 14:42:00,PANL
4.905,4.905,4.905,4.905,1000,2021-08-27 14:43:00,PANL
4.9199,4.9199,4.905,4.905,1400,2021-08-27 14:45:00,PANL
4.905,4.905,4.905,4.905,8500,2021-08-27 14:46:00,PANL
4.905,4.905,4.905,4.905,800,2021-08-27 14:47:00,PANL
4.91,4.92,4.91,4.915,5006,2021-08-27 14:48:00,PANL
4.91,4.91,4.91,4.91,100,2021-08-27 14:49:00,PANL
4.915,4.92,4.9127,4.9127,2579,2021-08-27 14:50:00,PANL
4.93,4.93,4.93,4.93,500,2021-08-27 14:51:00,PANL
4.92,4.92,4.92,4.92,1500,2021-08-27 14:52:00,PANL
4.92,4.92,4.92,4.92,173,2021-08-27 14:53:00,PANL
4.92,4.92,4.92,4.92,100,2021-08-27 14:55:00,PANL
4.91,4.91,4.91,4.91,625,2021-08-27 14:56:00,PANL
4.925,4.925,4.925,4.925,980,2021-08-27 14:58:00,PANL
4.925,4.93,4.925,4.925,1258,2021-08-27 14:59:00,PANL
4.925,4.9288,4.925,4.9288,10600,2021-08-27 15:00:00,PANL
4.925,4.925,4.925,4.925,100,2021-08-27 15:01:00,PANL
4.925,4.925,4.925,4.925,400,2021-08-27 15:03:00,PANL
4.925,4.925,4.925,4.925,400,2021-08-27 15:05:00,PANL
4.92,4.92,4.92,4.92,1066,2021-08-27 15:08:00,PANL
4.91,4.91,4.91,4.91,100,2021-08-27 15:10:00,PANL
4.9199,4.9199,4.9199,4.9199,1800,2021-08-27 15:13:00,PANL
4.91,4.91,4.91,4.91,113,2021-08-27 15:14:00,PANL
4.92,4.92,4.92,4.92,100,2021-08-27 15:16:00,PANL
4.915,4.92,4.915,4.92,6100,2021-08-27 15:20:00,PANL
4.915,4.915,4.915,4.915,100,2021-08-27 15:21:00,PANL
4.915,4.915,4.915,4.915,100,2021-08-27 15:23:00,PANL
4.9111,4.9111,4.9111,4.9111,100,2021-08-27 15:25:00,PANL
4.92,4.92,4.92,4.92,102,2021-08-27 15:26:00,PANL
4.91,4.91,4.91,4.91,950,2021-08-27 15:27:00,PANL
4.9,4.91,4.9,4.91,5000,2021-08-27 15:30:00,PANL
4.9,4.9,4.9,4.9,710,2021-08-27 15:31:00,PANL
4.9,4.9,4.9,4.9,100,2021-08-27 15:35:00,PANL
4.9,4.9,4.9,4.9,100,2021-08-27 15:38:00,PANL
4.9,4.9,4.9,4.9,1100,2021-08-27 15:42:00,PANL
4.9,4.9,4.9,4.9,100,2021-08-27 15:45:00,PANL
4.8929,4.8929,4.8929,4.8929,203,2021-08-27 15:46:00,PANL
4.9,4.9,4.9,4.9,500,2021-08-27 15:47:00,PANL
4.9,4.9,4.9,4.9,200,2021-08-27 15:48:00,PANL
4.9,4.9,4.9,4.9,173,2021-08-27 15:50:00,PANL
4.89,4.895,4.88,4.89,2426,2021-08-27 15:54:00,PANL
4.9,4.9,4.9,4.9,166,2021-08-27 15:58:00,PANL
4.895,4.895,4.895,4.895,200,2021-08-27 15:59:00,PANL
4.905,4.905,4.905,4.905,100,2021-08-27 16:02:00,PANL
4.905,4.905,4.905,4.905,400,2021-08-27 16:05:00,PANL
4.905,4.905,4.905,4.905,100,2021-08-27 16:16:00,PANL
4.9,4.9,4.9,4.9,100,2021-08-27 16:18:00,PANL
4.91,4.91,4.91,4.91,100,2021-08-27 16:26:00,PANL
4.91,4.91,4.91,4.91,100,2021-08-27 16:31:00,PANL
4.91,4.915,4.91,4.915,1600,2021-08-27 16:32:00,PANL
4.915,4.92,4.915,4.92,904,2021-08-27 16:33:00,PANL
4.92,4.9289,4.92,4.92,3230,2021-08-27 16:34:00,PANL
4.92,4.92,4.92,4.92,200,2021-08-27 16:36:00,PANL
4.92,4.92,4.92,4.92,200,2021-08-27 16:38:00,PANL
4.92,4.92,4.92,4.92,173,2021-08-27 16:43:00,PANL
4.92,4.92,4.92,4.92,100,2021-08-27 16:46:00,PANL
4.92,4.92,4.92,4.92,1400,2021-08-27 16:50:00,PANL
4.92,4.92,4.9124,4.9124,1127,2021-08-27 16:51:00,PANL
4.915,4.915,4.915,4.915,100,2021-08-27 16:52:00,PANL
4.915,4.915,4.915,4.915,100,2021-08-27 16:56:00,PANL
4.92,4.92,4.915,4.915,700,2021-08-27 16:58:00,PANL
4.92,4.92,4.915,4.915,900,2021-08-27 16:59:00,PANL
4.915,4.915,4.915,4.915,100,2021-08-27 17:00:00,PANL
4.915,4.92,4.91,4.915,700,2021-08-27 17:02:00,PANL
4.915,4.915,4.915,4.915,100,2021-08-27 17:04:00,PANL
4.915,4.92,4.915,4.915,1300,2021-08-27 17:05:00,PANL
4.92,4.925,4.92,4.925,500,2021-08-27 17:06:00,PANL
4.93,4.93,4.9207,4.9207,6000,2021-08-27 17:07:00,PANL
4.925,4.925,4.925,4.925,100,2021-08-27 17:08:00,PANL
4.925,4.925,4.925,4.925,100,2021-08-27 17:09:00,PANL
4.93,4.93,4.93,4.93,200,2021-08-27 17:10:00,PANL
4.925,4.925,4.925,4.925,500,2021-08-27 17:11:00,PANL
4.92,4.925,4.92,4.92,3889,2021-08-27 17:12:00,PANL
4.915,4.915,4.915,4.915,1100,2021-08-27 17:13:00,PANL
4.915,4.915,4.915,4.915,100,2021-08-27 17:15:00,PANL
4.91,4.912,4.91,4.91,3000,2021-08-27 17:17:00,PANL
4.915,4.915,4.915,4.915,400,2021-08-27 17:18:00,PANL
4.92,4.92,4.915,4.92,965,2021-08-27 17:19:00,PANL
4.92,4.923,4.91,4.92,6000,2021-08-27 17:22:00,PANL
4.916,4.92,4.91,4.9101,7444,2021-08-27 17:23:00,PANL
4.92,4.92,4.92,4.92,100,2021-08-27 17:24:00,PANL
4.93,4.93,4.93,4.93,1799,2021-08-27 17:25:00,PANL
4.93,4.93,4.93,4.93,608,2021-08-27 17:26:00,PANL
4.93,4.93,4.93,4.93,100,2021-08-27 17:27:00,PANL
4.93,4.93,4.93,4.93,100,2021-08-27 17:29:00,PANL
4.93,4.935,4.93,4.935,4100,2021-08-27 17:30:00,PANL
4.935,4.94,4.93,4.94,2500,2021-08-27 17:31:00,PANL
4.935,4.9389,4.93,4.93,7455,2021-08-27 17:32:00,PANL
4.93,4.93,4.93,4.93,200,2021-08-27 17:34:00,PANL
4.93,4.935,4.93,4.93,1400,2021-08-27 17:35:00,PANL
4.935,4.935,4.93,4.93,200,2021-08-27 17:36:00,PANL
4.935,4.935,4.935,4.935,500,2021-08-27 17:38:00,PANL
4.93,4.9387,4.93,4.935,7922,2021-08-27 17:39:00,PANL
4.939,4.939,4.93,4.93,5400,2021-08-27 17:40:00,PANL
4.935,4.935,4.935,4.935,1207,2021-08-27 17:41:00,PANL
4.93,4.94,4.93,4.94,1712,2021-08-27 17:42:00,PANL
4.945,4.97,4.94,4.95,16950,2021-08-27 17:43:00,PANL
4.93,4.945,4.93,4.94,3200,2021-08-27 17:44:00,PANL
4.945,4.95,4.94,4.94,6848,2021-08-27 17:45:00,PANL
4.945,4.9491,4.94,4.945,3006,2021-08-27 17:46:00,PANL
4.95,4.95,4.95,4.95,1499,2021-08-27 17:47:00,PANL
4.96,4.97,4.96,4.97,583,2021-08-27 17:48:00,PANL
4.97,4.97,4.93,4.93,9600,2021-08-27 17:49:00,PANL
4.93,4.93,4.91,4.91,3600,2021-08-27 17:50:00,PANL
4.91,4.925,4.91,4.91,1600,2021-08-27 17:51:00,PANL
4.92,4.92,4.92,4.92,1194,2021-08-27 17:52:00,PANL
4.91,4.91,4.91,4.91,100,2021-08-27 17:54:00,PANL
4.92,4.92,4.88,4.88,17054,2021-08-27 17:55:00,PANL
4.89,4.89,4.88,4.88,1100,2021-08-27 17:56:00,PANL
4.89,4.89,4.88,4.88,510,2021-08-27 17:57:00,PANL
4.89,4.89,4.89,4.89,300,2021-08-27 17:59:00,PANL
4.89,4.89,4.88,4.88,1600,2021-08-27 18:00:00,PANL
4.885,4.885,4.885,4.885,500,2021-08-27 18:01:00,PANL
4.885,4.885,4.885,4.885,300,2021-08-27 18:02:00,PANL
4.885,4.89,4.88,4.88,4387,2021-08-27 18:03:00,PANL
4.89,4.89,4.89,4.89,400,2021-08-27 18:04:00,PANL
4.89,4.89,4.89,4.89,400,2021-08-27 18:07:00,PANL
4.88,4.88,4.88,4.88,100,2021-08-27 18:08:00,PANL
4.88,4.8999,4.88,4.89,3242,2021-08-27 18:09:00,PANL
4.89,4.89,4.89,4.89,900,2021-08-27 18:10:00,PANL
4.88,4.88,4.88,4.88,200,2021-08-27 18:11:00,PANL
4.88,4.88,4.88,4.88,200,2021-08-27 18:12:00,PANL
4.88,4.88,4.88,4.88,200,2021-08-27 18:14:00,PANL
4.8864,4.89,4.8864,4.89,345,2021-08-27 18:15:00,PANL
4.89,4.89,4.88,4.88,200,2021-08-27 18:16:00,PANL
4.88,4.88,4.88,4.88,200,2021-08-27 18:17:00,PANL
4.88,4.88,4.88,4.88,100,2021-08-27 18:20:00,PANL
4.89,4.89,4.89,4.89,300,2021-08-27 18:21:00,PANL
4.88,4.885,4.87,4.87,2568,2021-08-27 18:26:00,PANL
4.87,4.87,4.87,4.87,200,2021-08-27 18:27:00,PANL
4.88,4.88,4.88,4.88,300,2021-08-27 18:28:00,PANL
4.87,4.87,4.87,4.87,100,2021-08-27 18:29:00,PANL
4.87,4.87,4.85,4.85,7213,2021-08-27 18:31:00,PANL
4.865,4.88,4.85,4.85,3156,2021-08-27 18:32:00,PANL
4.85,4.85,4.85,4.85,200,2021-08-27 18:33:00,PANL
4.85,4.8799,4.85,4.865,1100,2021-08-27 18:34:00,PANL
4.85,4.88,4.85,4.85,5099,2021-08-27 18:35:00,PANL
4.865,4.865,4.85,4.865,900,2021-08-27 18:36:00,PANL
4.85,4.85,4.85,4.85,100,2021-08-27 18:38:00,PANL
4.865,4.865,4.85,4.85,200,2021-08-27 18:39:00,PANL
4.85,4.865,4.85,4.865,614,2021-08-27 18:40:00,PANL
4.86,4.87,4.86,4.87,2065,2021-08-27 18:41:00,PANL
4.86,4.86,4.86,4.86,100,2021-08-27 18:42:00,PANL
4.86,4.87,4.86,4.87,400,2021-08-27 18:44:00,PANL
4.86,4.86,4.86,4.86,100,2021-08-27 18:45:00,PANL
4.86,4.86,4.86,4.86,100,2021-08-27 18:47:00,PANL
4.86,4.86,4.86,4.86,100,2021-08-27 18:49:00,PANL
4.86,4.86,4.86,4.86,100,2021-08-27 18:51:00,PANL
4.86,4.86,4.86,4.86,200,2021-08-27 18:53:00,PANL
4.87,4.87,4.85,4.85,4600,2021-08-27 18:55:00,PANL
4.85,4.85,4.85,4.85,100,2021-08-27 18:56:00,PANL
4.85,4.85,4.85,4.85,2100,2021-08-27 18:57:00,PANL
4.85,4.85,4.85,4.85,1400,2021-08-27 18:59:00,PANL
4.85,4.85,4.85,4.85,100,2021-08-27 19:00:00,PANL
4.85,4.85,4.85,4.85,100,2021-08-27 19:01:00,PANL
4.85,4.85,4.85,4.85,100,2021-08-27 19:02:00,PANL
4.85,4.85,4.85,4.85,100,2021-08-27 19:04:00,PANL
4.86,4.86,4.85,4.85,300,2021-08-27 19:05:00,PANL
4.85,4.858,4.85,4.8501,2000,2021-08-27 19:07:00,PANL
4.85,4.85,4.85,4.85,200,2021-08-27 19:08:00,PANL
4.85,4.85,4.85,4.85,200,2021-08-27 19:10:00,PANL
4.85,4.85,4.85,4.85,200,2021-08-27 19:13:00,PANL
4.86,4.86,4.86,4.86,2071,2021-08-27 19:14:00,PANL
4.85,4.85,4.85,4.85,100,2021-08-27 19:15:00,PANL
4.85,4.85,4.85,4.85,200,2021-08-27 19:16:00,PANL
4.85,4.85,4.85,4.85,100,2021-08-27 19:18:00,PANL
4.86,4.86,4.85,4.85,339,2021-08-27 19:19:00,PANL
4.85,4.85,4.85,4.85,100,2021-08-27 19:21:00,PANL
4.85,4.85,4.85,4.85,100,2021-08-27 19:25:00,PANL
4.85,4.85,4.85,4.85,100,2021-08-27 19:26:00,PANL
4.8699,4.8699,4.85,4.85,800,2021-08-27 19:27:00,PANL
4.85,4.85,4.85,4.85,100,2021-08-27 19:28:00,PANL
4.86,4.86,4.86,4.86,200,2021-08-27 19:30:00,PANL
4.86,4.8699,4.85,4.85,1400,2021-08-27 19:31:00,PANL
4.86,4.86,4.85,4.85,500,2021-08-27 19:32:00,PANL
4.8699,4.8699,4.8699,4.8699,320,2021-08-27 19:33:00,PANL
4.8699,4.8699,4.85,4.85,2700,2021-08-27 19:34:00,PANL
4.86,4.86,4.85,4.86,2600,2021-08-27 19:35:00,PANL
4.86,4.865,4.86,4.86,4394,2021-08-27 19:36:00,PANL
4.86,4.86,4.86,4.86,2710,2021-08-27 19:37:00,PANL
4.85,4.85,4.85,4.85,750,2021-08-27 19:38:00,PANL
4.8699,4.8699,4.85,4.86,2500,2021-08-27 19:39:00,PANL
4.85,4.85,4.85,4.85,700,2021-08-27 19:40:00,PANL
4.85,4.865,4.81,4.85,14369,2021-08-27 19:41:00,PANL
4.85,4.855,4.8401,4.855,1900,2021-08-27 19:42:00,PANL
4.85,4.85,4.85,4.85,400,2021-08-27 19:43:00,PANL
4.855,4.86,4.85,4.85,4200,2021-08-27 19:44:00,PANL
4.85,4.85,4.85,4.85,300,2021-08-27 19:45:00,PANL
4.85,4.85,4.85,4.85,1600,2021-08-27 19:46:00,PANL
4.86,4.87,4.85,4.85,6900,2021-08-27 19:47:00,PANL
4.85,4.8501,4.85,4.85,2397,2021-08-27 19:48:00,PANL
4.85,4.86,4.85,4.86,2200,2021-08-27 19:49:00,PANL
4.86,4.86,4.85,4.86,4040,2021-08-27 19:50:00,PANL
4.85,4.86,4.85,4.86,600,2021-08-27 19:51:00,PANL
4.85,4.86,4.85,4.85,5701,2021-08-27 19:52:00,PANL
4.85,4.85,4.85,4.85,3932,2021-08-27 19:53:00,PANL
4.85,4.85,4.84,4.85,2300,2021-08-27 19:54:00,PANL
4.84,4.85,4.84,4.85,1400,2021-08-27 19:55:00,PANL
4.85,4.85,4.85,4.85,100,2021-08-27 19:57:00,PANL
4.85,4.859,4.85,4.85,3436,2021-08-27 19:58:00,PANL
4.85,4.85,4.84,4.85,17331,2021-08-27 19:59:00,PANL
4.85,4.85,4.85,4.85,4911,2021-08-27 20:00:00,PANL
4.87,4.87,4.87,4.87,200,2021-08-27 20:40:00,PANL
4.85,4.85,4.85,4.85,100,2021-08-27 23:04:00,PANL
4.85,4.85,4.85,4.85,200,2021-08-27 23:06:00,PANL
4.85,4.85,4.85,4.85,300,2021-08-27 23:08:00,PANL
4.9,4.94,4.9,4.902,8970,2021-08-30 13:30:00,PANL
4.91,4.91,4.91,4.91,19700,2021-08-30 13:31:00,PANL
4.91,4.91,4.91,4.91,400,2021-08-30 13:32:00,PANL
4.9,4.9,4.9,4.9,218,2021-08-30 13:33:00,PANL
4.88,4.9167,4.87,4.9,1475,2021-08-30 13:34:00,PANL
4.895,4.895,4.8875,4.8875,207,2021-08-30 13:35:00,PANL
4.88,4.88,4.88,4.88,242,2021-08-30 13:36:00,PANL
4.8794,4.8794,4.8794,4.8794,3000,2021-08-30 13:37:00,PANL
4.86,4.8606,4.8104,4.83,5533,2021-08-30 13:38:00,PANL
4.84,4.845,4.84,4.84,1577,2021-08-30 13:39:00,PANL
4.84,4.84,4.82,4.82,1210,2021-08-30 13:40:00,PANL
4.83,4.8441,4.83,4.8441,531,2021-08-30 13:41:00,PANL
4.83,4.83,4.83,4.83,664,2021-08-30 13:42:00,PANL
4.83,4.8444,4.83,4.8444,574,2021-08-30 13:43:00,PANL
4.83,4.83,4.83,4.83,1670,2021-08-30 13:44:00,PANL
4.825,4.8294,4.825,4.8294,3100,2021-08-30 13:47:00,PANL
4.825,4.83,4.825,4.83,1100,2021-08-30 13:48:00,PANL
4.825,4.825,4.81,4.81,306,2021-08-30 13:49:00,PANL
4.81,4.81,4.81,4.81,100,2021-08-30 13:50:00,PANL
4.83,4.83,4.81,4.82,6156,2021-08-30 13:51:00,PANL
4.82,4.82,4.82,4.82,200,2021-08-30 13:52:00,PANL
4.825,4.825,4.825,4.825,100,2021-08-30 13:55:00,PANL
4.825,4.825,4.825,4.825,100,2021-08-30 13:57:00,PANL
4.825,4.84,4.82,4.82,23706,2021-08-30 13:58:00,PANL
4.81,4.81,4.78,4.782,4151,2021-08-30 14:00:00,PANL
4.81,4.81,4.792,4.792,2562,2021-08-30 14:03:00,PANL
4.7815,4.7815,4.7815,4.7815,1000,2021-08-30 14:04:00,PANL
4.795,4.8,4.7816,4.8,5700,2021-08-30 14:06:00,PANL
4.8,4.81,4.8,4.81,200,2021-08-30 14:07:00,PANL
4.8,4.81,4.8,4.81,3500,2021-08-30 14:08:00,PANL
4.815,4.815,4.815,4.815,1700,2021-08-30 14:10:00,PANL
4.829,4.829,4.82,4.82,700,2021-08-30 14:11:00,PANL
4.8299,4.8299,4.825,4.825,770,2021-08-30 14:12:00,PANL
4.8327,4.845,4.8327,4.845,1300,2021-08-30 14:13:00,PANL
4.83,4.83,4.82,4.83,2200,2021-08-30 14:14:00,PANL
4.82,4.82,4.82,4.82,222,2021-08-30 14:19:00,PANL
4.82,4.82,4.82,4.82,146,2021-08-30 14:20:00,PANL
4.82,4.82,4.82,4.82,300,2021-08-30 14:22:00,PANL
4.82,4.82,4.815,4.82,2100,2021-08-30 14:25:00,PANL
4.825,4.825,4.8201,4.825,3500,2021-08-30 14:27:00,PANL
4.825,4.825,4.825,4.825,200,2021-08-30 14:28:00,PANL
4.84,4.84,4.84,4.84,200,2021-08-30 14:29:00,PANL
4.84,4.84,4.84,4.84,3300,2021-08-30 14:32:00,PANL
4.84,4.84,4.84,4.84,100,2021-08-30 14:34:00,PANL
4.84,4.849,4.84,4.84,2600,2021-08-30 14:35:00,PANL
4.84,4.84,4.84,4.84,320,2021-08-30 14:36:00,PANL
4.8316,4.8316,4.83,4.83,1034,2021-08-30 14:37:00,PANL
4.84,4.85,4.84,4.85,400,2021-08-30 14:39:00,PANL
4.845,4.845,4.845,4.845,100,2021-08-30 14:40:00,PANL
4.845,4.845,4.845,4.845,1000,2021-08-30 14:41:00,PANL
4.845,4.845,4.845,4.845,271,2021-08-30 14:43:00,PANL
4.845,4.845,4.845,4.845,200,2021-08-30 14:44:00,PANL
4.845,4.845,4.845,4.845,200,2021-08-30 14:46:00,PANL
4.845,4.845,4.845,4.845,300,2021-08-30 14:48:00,PANL
4.85,4.8546,4.85,4.8546,400,2021-08-30 14:49:00,PANL
4.84,4.84,4.84,4.84,400,2021-08-30 14:50:00,PANL
4.865,4.865,4.865,4.865,100,2021-08-30 14:51:00,PANL
4.87,4.87,4.865,4.865,700,2021-08-30 14:55:00,PANL
4.865,4.865,4.865,4.865,100,2021-08-30 14:56:00,PANL
4.86,4.86,4.86,4.86,100,2021-08-30 14:57:00,PANL
4.86,4.87,4.855,4.855,2200,2021-08-30 14:58:00,PANL
4.8692,4.8692,4.86,4.86,1100,2021-08-30 14:59:00,PANL
4.86,4.86,4.86,4.86,228,2021-08-30 15:01:00,PANL
4.86,4.86,4.86,4.86,300,2021-08-30 15:05:00,PANL
4.87,4.87,4.87,4.87,100,2021-08-30 15:06:00,PANL
4.86,4.86,4.86,4.86,300,2021-08-30 15:07:00,PANL
4.86,4.86,4.86,4.86,500,2021-08-30 15:08:00,PANL
4.85,4.85,4.85,4.85,3599,2021-08-30 15:10:00,PANL
4.85,4.85,4.85,4.85,1200,2021-08-30 15:11:00,PANL
4.84,4.84,4.84,4.84,100,2021-08-30 15:14:00,PANL
4.85,4.85,4.84,4.84,622,2021-08-30 15:15:00,PANL
4.84,4.84,4.84,4.84,300,2021-08-30 15:16:00,PANL
4.84,4.85,4.84,4.85,900,2021-08-30 15:17:00,PANL
4.83,4.83,4.83,4.83,100,2021-08-30 15:18:00,PANL
4.83,4.84,4.83,4.84,400,2021-08-30 15:19:00,PANL
4.83,4.83,4.83,4.83,300,2021-08-30 15:20:00,PANL
4.845,4.845,4.83,4.83,300,2021-08-30 15:21:00,PANL
4.84,4.85,4.83,4.85,9001,2021-08-30 15:22:00,PANL
4.86,4.86,4.8407,4.8407,2818,2021-08-30 15:23:00,PANL
4.84,4.84,4.84,4.84,100,2021-08-30 15:24:00,PANL
4.8499,4.8499,4.8499,4.8499,500,2021-08-30 15:26:00,PANL
4.85,4.85,4.845,4.845,2970,2021-08-30 15:27:00,PANL
4.845,4.845,4.84,4.84,2097,2021-08-30 15:28:00,PANL
4.845,4.845,4.845,4.845,103,2021-08-30 15:29:00,PANL
4.845,4.845,4.84,4.84,1600,2021-08-30 15:30:00,PANL
4.84,4.84,4.84,4.84,100,2021-08-30 15:32:00,PANL
4.84,4.845,4.84,4.845,3121,2021-08-30 15:33:00,PANL
4.845,4.845,4.84,4.84,720,2021-08-30 15:34:00,PANL
4.84,4.84,4.84,4.84,686,2021-08-30 15:35:00,PANL
4.84,4.845,4.84,4.84,1000,2021-08-30 15:36:00,PANL
4.84,4.84,4.84,4.84,200,2021-08-30 15:37:00,PANL
4.84,4.84,4.84,4.84,100,2021-08-30 15:38:00,PANL
4.84,4.845,4.84,4.845,2300,2021-08-30 15:39:00,PANL
4.845,4.845,4.845,4.845,308,2021-08-30 15:40:00,PANL
4.845,4.845,4.845,4.845,200,2021-08-30 15:41:00,PANL
4.845,4.845,4.845,4.845,400,2021-08-30 15:42:00,PANL
4.845,4.85,4.84,4.84,3161,2021-08-30 15:43:00,PANL
4.845,4.845,4.845,4.845,100,2021-08-30 15:44:00,PANL
4.84,4.84,4.84,4.84,200,2021-08-30 15:45:00,PANL
4.84,4.85,4.84,4.85,1500,2021-08-30 15:46:00,PANL
4.845,4.85,4.845,4.85,1350,2021-08-30 15:47:00,PANL
4.845,4.845,4.84,4.84,400,2021-08-30 15:48:00,PANL
4.845,4.85,4.845,4.845,446,2021-08-30 15:49:00,PANL
4.845,4.845,4.84,4.84,1812,2021-08-30 15:50:00,PANL
4.845,4.845,4.845,4.845,222,2021-08-30 15:51:00,PANL
4.845,4.845,4.84,4.84,522,2021-08-30 15:52:00,PANL
4.845,4.845,4.84,4.84,300,2021-08-30 15:53:00,PANL
4.84,4.84,4.84,4.84,100,2021-08-30 15:54:00,PANL
4.84,4.84,4.84,4.84,200,2021-08-30 15:55:00,PANL
4.845,4.845,4.84,4.845,400,2021-08-30 15:56:00,PANL
4.845,4.845,4.845,4.845,300,2021-08-30 15:57:00,PANL
4.84,4.845,4.84,4.845,300,2021-08-30 15:59:00,PANL
4.84,4.85,4.84,4.845,1925,2021-08-30 16:00:00,PANL
4.845,4.845,4.84,4.84,395,2021-08-30 16:01:00,PANL
4.84,4.84,4.84,4.84,587,2021-08-30 16:02:00,PANL
4.84,4.84,4.84,4.84,100,2021-08-30 16:03:00,PANL
4.84,4.84,4.84,4.84,200,2021-08-30 16:04:00,PANL
4.84,4.84,4.84,4.84,200,2021-08-30 16:07:00,PANL
4.85,4.85,4.84,4.84,300,2021-08-30 16:09:00,PANL
4.845,4.845,4.845,4.845,100,2021-08-30 16:10:00,PANL
4.845,4.845,4.84,4.84,200,2021-08-30 16:11:00,PANL
4.84,4.845,4.84,4.845,2550,2021-08-30 16:12:00,PANL
4.85,4.85,4.84,4.84,200,2021-08-30 16:13:00,PANL
4.845,4.845,4.84,4.84,442,2021-08-30 16:14:00,PANL
4.845,4.845,4.84,4.84,200,2021-08-30 16:15:00,PANL
4.845,4.85,4.845,4.845,6866,2021-08-30 16:16:00,PANL
4.845,4.845,4.845,4.845,1750,2021-08-30 16:17:00,PANL
4.845,4.845,4.845,4.845,244,2021-08-30 16:18:00,PANL
4.845,4.845,4.845,4.845,200,2021-08-30 16:19:00,PANL
4.845,4.845,4.845,4.845,200,2021-08-30 16:20:00,PANL
4.845,4.845,4.845,4.845,100,2021-08-30 16:22:00,PANL
4.845,4.845,4.845,4.845,195,2021-08-30 16:24:00,PANL
4.845,4.845,4.845,4.845,300,2021-08-30 16:25:00,PANL
4.84,4.845,4.84,4.845,2844,2021-08-30 16:28:00,PANL
4.8411,4.85,4.8411,4.845,3800,2021-08-30 16:30:00,PANL
4.845,4.845,4.845,4.845,844,2021-08-30 16:31:00,PANL
4.84,4.84,4.84,4.84,100,2021-08-30 16:33:00,PANL
4.84,4.845,4.84,4.845,200,2021-08-30 16:34:00,PANL
4.845,4.845,4.84,4.84,499,2021-08-30 16:35:00,PANL
4.84,4.848,4.84,4.848,11483,2021-08-30 16:36:00,PANL
4.84,4.845,4.84,4.845,200,2021-08-30 16:38:00,PANL
4.84,4.84,4.84,4.84,300,2021-08-30 16:39:00,PANL
4.845,4.845,4.84,4.845,2602,2021-08-30 16:40:00,PANL
4.845,4.845,4.84,4.84,716,2021-08-30 16:41:00,PANL
4.84,4.84,4.84,4.84,100,2021-08-30 16:43:00,PANL
4.84,4.84,4.84,4.84,100,2021-08-30 16:44:00,PANL
4.845,4.85,4.845,4.85,6999,2021-08-30 16:45:00,PANL
4.845,4.845,4.845,4.845,770,2021-08-30 16:46:00,PANL
4.85,4.85,4.845,4.845,1117,2021-08-30 16:47:00,PANL
4.84,4.845,4.84,4.845,917,2021-08-30 16:49:00,PANL
4.845,4.845,4.845,4.845,568,2021-08-30 16:50:00,PANL
4.84,4.845,4.84,4.845,800,2021-08-30 16:51:00,PANL
4.845,4.845,4.84,4.84,344,2021-08-30 16:52:00,PANL
4.8493,4.8493,4.845,4.845,1320,2021-08-30 16:53:00,PANL
4.845,4.845,4.84,4.845,795,2021-08-30 16:54:00,PANL
4.84,4.84,4.84,4.84,531,2021-08-30 16:56:00,PANL
4.84,4.845,4.84,4.845,2342,2021-08-30 16:57:00,PANL
4.84,4.84,4.84,4.84,300,2021-08-30 16:59:00,PANL
4.847,4.847,4.84,4.84,888,2021-08-30 17:01:00,PANL
4.84,4.84,4.84,4.84,300,2021-08-30 17:03:00,PANL
4.84,4.84,4.84,4.84,100,2021-08-30 17:06:00,PANL
4.845,4.845,4.845,4.845,100,2021-08-30 17:07:00,PANL
4.845,4.845,4.845,4.845,1264,2021-08-30 17:08:00,PANL
4.84,4.845,4.84,4.845,500,2021-08-30 17:09:00,PANL
4.84,4.84,4.84,4.84,600,2021-08-30 17:10:00,PANL
4.845,4.845,4.845,4.845,100,2021-08-30 17:12:00,PANL
4.845,4.845,4.84,4.84,400,2021-08-30 17:15:00,PANL
4.84,4.84,4.84,4.84,100,2021-08-30 17:16:00,PANL
4.845,4.845,4.845,4.845,100,2021-08-30 17:17:00,PANL
4.84,4.84,4.84,4.84,100,2021-08-30 17:18:00,PANL
4.84,4.84,4.84,4.84,596,2021-08-30 17:19:00,PANL
4.84,4.84,4.84,4.84,400,2021-08-30 17:20:00,PANL
4.84,4.845,4.84,4.845,383,2021-08-30 17:22:00,PANL
4.84,4.84,4.84,4.84,400,2021-08-30 17:24:00,PANL
4.84,4.845,4.84,4.845,200,2021-08-30 17:25:00,PANL
4.84,4.84,4.84,4.84,100,2021-08-30 17:26:00,PANL
4.845,4.845,4.84,4.84,200,2021-08-30 17:27:00,PANL
4.84,4.855,4.84,4.845,7489,2021-08-30 17:28:00,PANL
4.845,4.845,4.845,4.845,100,2021-08-30 17:31:00,PANL
4.845,4.845,4.84,4.84,512,2021-08-30 17:33:00,PANL
4.845,4.845,4.845,4.845,300,2021-08-30 17:34:00,PANL
4.85,4.85,4.845,4.845,2700,2021-08-30 17:36:00,PANL
4.855,4.855,4.845,4.845,4139,2021-08-30 17:37:00,PANL
4.845,4.845,4.845,4.845,770,2021-08-30 17:38:00,PANL
4.845,4.845,4.845,4.845,317,2021-08-30 17:39:00,PANL
4.85,4.85,4.845,4.845,967,2021-08-30 17:40:00,PANL
4.845,4.845,4.845,4.845,616,2021-08-30 17:41:00,PANL
4.845,4.845,4.845,4.845,100,2021-08-30 17:43:00,PANL
4.84,4.84,4.84,4.84,100,2021-08-30 17:44:00,PANL
4.845,4.845,4.84,4.84,800,2021-08-30 17:45:00,PANL
4.84,4.845,4.835,4.845,2200,2021-08-30 17:46:00,PANL
4.845,4.845,4.84,4.84,300,2021-08-30 17:47:00,PANL
4.845,4.845,4.845,4.845,1950,2021-08-30 17:48:00,PANL
4.845,4.845,4.845,4.845,100,2021-08-30 17:49:00,PANL
4.845,4.845,4.84,4.84,400,2021-08-30 17:50:00,PANL
4.84,4.85,4.84,4.84,700,2021-08-30 17:51:00,PANL
4.845,4.845,4.84,4.84,22778,2021-08-30 17:52:00,PANL
4.84,4.84,4.84,4.84,303,2021-08-30 17:54:00,PANL
4.84,4.84,4.84,4.84,200,2021-08-30 17:55:00,PANL
4.84,4.85,4.84,4.85,884,2021-08-30 17:56:00,PANL
4.845,4.845,4.845,4.845,300,2021-08-30 17:57:00,PANL
4.845,4.845,4.84,4.845,500,2021-08-30 18:00:00,PANL
4.845,4.85,4.845,4.845,2726,2021-08-30 18:01:00,PANL
4.845,4.845,4.845,4.845,100,2021-08-30 18:02:00,PANL
4.845,4.845,4.845,4.845,400,2021-08-30 18:03:00,PANL
4.8467,4.8467,4.8467,4.8467,500,2021-08-30 18:05:00,PANL
4.84,4.845,4.84,4.845,200,2021-08-30 18:06:00,PANL
4.84,4.84,4.835,4.84,1300,2021-08-30 18:07:00,PANL
4.84,4.84,4.83,4.83,200,2021-08-30 18:08:00,PANL
4.83,4.83,4.83,4.83,300,2021-08-30 18:09:00,PANL
4.83,4.83,4.83,4.83,100,2021-08-30 18:10:00,PANL
4.84,4.84,4.83,4.83,850,2021-08-30 18:11:00,PANL
4.83,4.83,4.83,4.83,300,2021-08-30 18:12:00,PANL
4.835,4.835,4.83,4.83,300,2021-08-30 18:15:00,PANL
4.83,4.83,4.83,4.83,400,2021-08-30 18:16:00,PANL
4.83,4.84,4.83,4.84,400,2021-08-30 18:17:00,PANL
4.83,4.84,4.83,4.84,200,2021-08-30 18:20:00,PANL
4.83,4.83,4.83,4.83,100,2021-08-30 18:21:00,PANL
4.83,4.84,4.83,4.84,200,2021-08-30 18:22:00,PANL
4.83,4.83,4.83,4.83,100,2021-08-30 18:23:00,PANL
4.83,4.8481,4.83,4.84,800,2021-08-30 18:25:00,PANL
4.83,4.83,4.83,4.83,100,2021-08-30 18:26:00,PANL
4.83,4.83,4.83,4.83,100,2021-08-30 18:27:00,PANL
4.83,4.83,4.83,4.83,100,2021-08-30 18:28:00,PANL
4.83,4.83,4.83,4.83,100,2021-08-30 18:29:00,PANL
4.83,4.83,4.83,4.83,400,2021-08-30 18:31:00,PANL
4.84,4.84,4.84,4.84,100,2021-08-30 18:32:00,PANL
4.84,4.84,4.84,4.84,100,2021-08-30 18:33:00,PANL
4.84,4.84,4.84,4.84,400,2021-08-30 18:34:00,PANL
4.84,4.84,4.84,4.84,400,2021-08-30 18:35:00,PANL
4.845,4.845,4.845,4.845,100,2021-08-30 18:36:00,PANL
4.84,4.84,4.84,4.84,100,2021-08-30 18:37:00,PANL
4.84,4.845,4.84,4.845,700,2021-08-30 18:38:00,PANL
4.84,4.845,4.84,4.845,2200,2021-08-30 18:39:00,PANL
4.84,4.84,4.84,4.84,300,2021-08-30 18:40:00,PANL
4.84,4.84,4.84,4.84,100,2021-08-30 18:41:00,PANL
4.845,4.85,4.845,4.845,10112,2021-08-30 18:45:00,PANL
4.845,4.845,4.845,4.845,1442,2021-08-30 18:46:00,PANL
4.845,4.845,4.845,4.845,1261,2021-08-30 18:48:00,PANL
4.845,4.845,4.84,4.845,2300,2021-08-30 18:49:00,PANL
4.84,4.84,4.84,4.84,200,2021-08-30 18:50:00,PANL
4.84,4.84,4.84,4.84,100,2021-08-30 18:51:00,PANL
4.845,4.845,4.84,4.84,637,2021-08-30 18:52:00,PANL
4.84,4.845,4.84,4.845,300,2021-08-30 18:53:00,PANL
4.845,4.845,4.845,4.845,1866,2021-08-30 18:54:00,PANL
4.845,4.845,4.845,4.845,2166,2021-08-30 18:55:00,PANL
4.845,4.845,4.84,4.845,1142,2021-08-30 18:56:00,PANL
4.845,4.845,4.84,4.84,1000,2021-08-30 18:57:00,PANL
4.84,4.84,4.84,4.84,100,2021-08-30 18:58:00,PANL
4.84,4.845,4.84,4.84,300,2021-08-30 18:59:00,PANL
4.84,4.845,4.84,4.84,2166,2021-08-30 19:00:00,PANL
4.845,4.8473,4.84,4.84,2317,2021-08-30 19:01:00,PANL
4.84,4.845,4.84,4.84,400,2021-08-30 19:02:00,PANL
4.845,4.845,4.84,4.845,1912,2021-08-30 19:03:00,PANL
4.845,4.845,4.84,4.84,300,2021-08-30 19:05:00,PANL
4.845,4.85,4.845,4.845,2000,2021-08-30 19:06:00,PANL
4.845,4.845,4.84,4.84,690,2021-08-30 19:07:00,PANL
4.84,4.845,4.84,4.84,1300,2021-08-30 19:08:00,PANL
4.845,4.845,4.845,4.845,1700,2021-08-30 19:09:00,PANL
4.845,4.845,4.84,4.84,300,2021-08-30 19:10:00,PANL
4.845,4.845,4.845,4.845,1115,2021-08-30 19:11:00,PANL
4.845,4.845,4.84,4.84,766,2021-08-30 19:12:00,PANL
4.84,4.84,4.84,4.84,200,2021-08-30 19:13:00,PANL
4.845,4.845,4.8401,4.845,5080,2021-08-30 19:14:00,PANL
4.84,4.84,4.84,4.84,100,2021-08-30 19:15:00,PANL
4.845,4.8488,4.84,4.845,5500,2021-08-30 19:16:00,PANL
4.84,4.845,4.84,4.845,300,2021-08-30 19:17:00,PANL
4.845,4.845,4.84,4.845,7216,2021-08-30 19:18:00,PANL
4.845,4.845,4.84,4.845,1400,2021-08-30 19:19:00,PANL
4.845,4.845,4.84,4.84,770,2021-08-30 19:20:00,PANL
4.845,4.85,4.845,4.845,9666,2021-08-30 19:21:00,PANL
4.845,4.845,4.8401,4.845,3908,2021-08-30 19:22:00,PANL
4.8402,4.845,4.84,4.845,9602,2021-08-30 19:23:00,PANL
4.845,4.845,4.845,4.845,100,2021-08-30 19:24:00,PANL
4.84,4.8402,4.835,4.835,2958,2021-08-30 19:25:00,PANL
4.835,4.835,4.835,4.835,718,2021-08-30 19:26:00,PANL
4.835,4.835,4.82,4.82,4700,2021-08-30 19:27:00,PANL
4.82,4.82,4.82,4.82,200,2021-08-30 19:28:00,PANL
4.825,4.825,4.82,4.82,800,2021-08-30 19:29:00,PANL
4.825,4.83,4.82,4.825,1100,2021-08-30 19:30:00,PANL
4.825,4.825,4.82,4.825,3790,2021-08-30 19:31:00,PANL
4.82,4.82,4.82,4.82,100,2021-08-30 19:32:00,PANL
4.825,4.825,4.82,4.825,1300,2021-08-30 19:33:00,PANL
4.825,4.825,4.825,4.825,400,2021-08-30 19:34:00,PANL
4.825,4.825,4.825,4.825,1000,2021-08-30 19:35:00,PANL
4.825,4.825,4.82,4.825,2400,2021-08-30 19:36:00,PANL
4.825,4.825,4.82,4.825,500,2021-08-30 19:37:00,PANL
4.825,4.825,4.82,4.825,1986,2021-08-30 19:38:00,PANL
4.825,4.83,4.82,4.82,1482,2021-08-30 19:39:00,PANL
4.83,4.83,4.83,4.83,400,2021-08-30 19:40:00,PANL
4.83,4.84,4.83,4.84,1210,2021-08-30 19:41:00,PANL
4.84,4.84,4.84,4.84,100,2021-08-30 19:42:00,PANL
4.845,4.845,4.845,4.845,100,2021-08-30 19:44:00,PANL
4.845,4.845,4.845,4.845,200,2021-08-30 19:46:00,PANL
4.845,4.845,4.84,4.84,1500,2021-08-30 19:47:00,PANL
4.845,4.85,4.845,4.845,1530,2021-08-30 19:48:00,PANL
4.845,4.845,4.845,4.845,700,2021-08-30 19:49:00,PANL
4.845,4.845,4.845,4.845,1400,2021-08-30 19:50:00,PANL
4.845,4.845,4.845,4.845,100,2021-08-30 19:51:00,PANL
4.845,4.855,4.845,4.85,2448,2021-08-30 19:52:00,PANL
4.8506,4.8506,4.8506,4.8506,1830,2021-08-30 19:53:00,PANL
4.85,4.855,4.8484,4.85,8306,2021-08-30 19:54:00,PANL
4.85,4.85,4.85,4.85,2000,2021-08-30 19:55:00,PANL
4.85,4.85,4.84,4.84,3964,2021-08-30 19:56:00,PANL
4.84,4.84,4.84,4.84,2667,2021-08-30 19:57:00,PANL
4.84,4.85,4.84,4.85,2206,2021-08-30 19:58:00,PANL
4.85,4.85,4.83,4.84,2544,2021-08-30 19:59:00,PANL
4.85,4.85,4.85,4.85,1860,2021-08-30 20:00:00,PANL
4.82,4.82,4.82,4.82,327,2021-08-31 12:07:00,PANL
4.82,4.82,4.82,4.82,169,2021-08-31 12:18:00,PANL
4.83,4.85,4.8101,4.85,5165,2021-08-31 13:30:00,PANL
4.835,4.835,4.835,4.835,200,2021-08-31 13:33:00,PANL
4.835,4.835,4.8252,4.835,2000,2021-08-31 13:34:00,PANL
4.835,4.84,4.81,4.81,5072,2021-08-31 13:37:00,PANL
4.81,4.81,4.81,4.81,402,2021-08-31 13:40:00,PANL
4.81,4.81,4.81,4.81,400,2021-08-31 13:41:00,PANL
4.81,4.82,4.81,4.82,6300,2021-08-31 13:42:00,PANL
4.825,4.825,4.825,4.825,200,2021-08-31 13:43:00,PANL
4.83,4.83,4.825,4.825,800,2021-08-31 13:49:00,PANL
4.83,4.83,4.83,4.83,200,2021-08-31 13:52:00,PANL
4.83,4.83,4.83,4.83,430,2021-08-31 13:54:00,PANL
4.82,4.82,4.79,4.8,6613,2021-08-31 13:55:00,PANL
4.805,4.805,4.805,4.805,100,2021-08-31 13:56:00,PANL
4.805,4.805,4.805,4.805,200,2021-08-31 13:59:00,PANL
4.805,4.805,4.805,4.805,1000,2021-08-31 14:00:00,PANL
4.805,4.805,4.805,4.805,500,2021-08-31 14:01:00,PANL
4.805,4.805,4.805,4.805,1000,2021-08-31 14:02:00,PANL
4.805,4.805,4.805,4.805,100,2021-08-31 14:03:00,PANL
4.805,4.81,4.805,4.81,1223,2021-08-31 14:04:00,PANL
4.82,4.825,4.81,4.825,1600,2021-08-31 14:05:00,PANL
4.825,4.825,4.825,4.825,100,2021-08-31 14:07:00,PANL
4.825,4.825,4.825,4.825,100,2021-08-31 14:09:00,PANL
4.825,4.825,4.825,4.825,100,2021-08-31 14:12:00,PANL
4.82,4.82,4.81,4.81,400,2021-08-31 14:14:00,PANL
4.82,4.82,4.82,4.82,100,2021-08-31 14:15:00,PANL
4.83,4.83,4.83,4.83,100,2021-08-31 14:18:00,PANL
4.83,4.84,4.8215,4.8215,1000,2021-08-31 14:19:00,PANL
4.82,4.82,4.805,4.805,3500,2021-08-31 14:20:00,PANL
4.805,4.81,4.8,4.8,8803,2021-08-31 14:21:00,PANL
4.79,4.79,4.79,4.79,355,2021-08-31 14:25:00,PANL
4.78,4.79,4.775,4.78,2788,2021-08-31 14:26:00,PANL
4.7817,4.7817,4.7817,4.7817,1000,2021-08-31 14:27:00,PANL
4.8,4.8,4.8,4.8,100,2021-08-31 14:28:00,PANL
4.8001,4.8001,4.8001,4.8001,1000,2021-08-31 14:29:00,PANL
4.815,4.815,4.815,4.815,100,2021-08-31 14:30:00,PANL
4.81,4.81,4.81,4.81,200,2021-08-31 14:31:00,PANL
4.81,4.81,4.81,4.81,11384,2021-08-31 14:33:00,PANL
4.81,4.81,4.81,4.81,5000,2021-08-31 14:35:00,PANL
4.81,4.81,4.81,4.81,200,2021-08-31 14:36:00,PANL
4.81,4.815,4.81,4.815,25086,2021-08-31 14:37:00,PANL
4.815,4.815,4.815,4.815,100,2021-08-31 14:39:00,PANL
4.815,4.815,4.815,4.815,100,2021-08-31 14:40:00,PANL
4.815,4.815,4.815,4.815,1843,2021-08-31 14:41:00,PANL
4.815,4.815,4.815,4.815,100,2021-08-31 14:42:00,PANL
4.815,4.815,4.815,4.815,300,2021-08-31 14:43:00,PANL
4.8152,4.8152,4.8152,4.8152,175,2021-08-31 14:44:00,PANL
4.815,4.82,4.815,4.82,605,2021-08-31 14:45:00,PANL
4.825,4.825,4.82,4.82,600,2021-08-31 14:47:00,PANL
4.825,4.825,4.825,4.825,280,2021-08-31 14:48:00,PANL
4.825,4.83,4.825,4.83,2220,2021-08-31 14:49:00,PANL
4.825,4.83,4.825,4.825,800,2021-08-31 14:52:00,PANL
4.825,4.825,4.825,4.825,100,2021-08-31 14:53:00,PANL
4.825,4.825,4.825,4.825,200,2021-08-31 14:58:00,PANL
4.825,4.825,4.825,4.825,200,2021-08-31 15:02:00,PANL
4.825,4.825,4.825,4.825,200,2021-08-31 15:03:00,PANL
4.82,4.825,4.82,4.825,200,2021-08-31 15:05:00,PANL
4.82,4.82,4.805,4.805,4219,2021-08-31 15:09:00,PANL
4.805,4.805,4.805,4.805,300,2021-08-31 15:11:00,PANL
4.805,4.805,4.8,4.8,1588,2021-08-31 15:12:00,PANL
4.805,4.805,4.805,4.805,200,2021-08-31 15:13:00,PANL
4.815,4.815,4.815,4.815,100,2021-08-31 15:16:00,PANL
4.81,4.81,4.81,4.81,100,2021-08-31 15:19:00,PANL
4.8117,4.8117,4.8117,4.8117,333,2021-08-31 15:23:00,PANL
4.82,4.82,4.82,4.82,300,2021-08-31 15:24:00,PANL
4.82,4.82,4.82,4.82,500,2021-08-31 15:26:00,PANL
4.82,4.82,4.82,4.82,300,2021-08-31 15:27:00,PANL
4.83,4.83,4.83,4.83,100,2021-08-31 15:29:00,PANL
4.83,4.83,4.83,4.83,242,2021-08-31 15:31:00,PANL
4.82,4.82,4.815,4.815,200,2021-08-31 15:35:00,PANL
4.83,4.83,4.83,4.83,100,2021-08-31 15:38:00,PANL
4.8299,4.83,4.82,4.82,6301,2021-08-31 15:39:00,PANL
4.82,4.82,4.82,4.82,200,2021-08-31 15:42:00,PANL
4.82,4.82,4.82,4.82,100,2021-08-31 15:44:00,PANL
4.82,4.82,4.82,4.82,1216,2021-08-31 15:47:00,PANL
4.825,4.835,4.825,4.835,2213,2021-08-31 15:48:00,PANL
4.8389,4.8389,4.8389,4.8389,500,2021-08-31 15:49:00,PANL
4.835,4.84,4.835,4.835,1588,2021-08-31 15:50:00,PANL
4.845,4.845,4.845,4.845,200,2021-08-31 15:51:00,PANL
4.845,4.845,4.845,4.845,100,2021-08-31 15:52:00,PANL
4.845,4.845,4.845,4.845,200,2021-08-31 15:53:00,PANL
4.85,4.85,4.845,4.845,900,2021-08-31 15:54:00,PANL
4.845,4.845,4.845,4.845,500,2021-08-31 15:55:00,PANL
4.845,4.845,4.845,4.845,100,2021-08-31 15:58:00,PANL
4.845,4.845,4.845,4.845,100,2021-08-31 16:00:00,PANL
4.845,4.845,4.845,4.845,200,2021-08-31 16:02:00,PANL
4.85,4.86,4.845,4.86,1801,2021-08-31 16:03:00,PANL
4.86,4.86,4.86,4.86,933,2021-08-31 16:04:00,PANL
4.86,4.86,4.86,4.86,600,2021-08-31 16:06:00,PANL
4.85,4.85,4.845,4.845,1300,2021-08-31 16:08:00,PANL
4.85,4.85,4.85,4.85,300,2021-08-31 16:09:00,PANL
4.85,4.85,4.85,4.85,3244,2021-08-31 16:12:00,PANL
4.85,4.85,4.85,4.85,100,2021-08-31 16:13:00,PANL
4.85,4.85,4.85,4.85,100,2021-08-31 16:14:00,PANL
4.85,4.86,4.85,4.86,2165,2021-08-31 16:18:00,PANL
4.86,4.86,4.86,4.86,100,2021-08-31 16:20:00,PANL
4.86,4.86,4.86,4.86,200,2021-08-31 16:21:00,PANL
4.86,4.86,4.86,4.86,2421,2021-08-31 16:22:00,PANL
4.86,4.86,4.85,4.86,2800,2021-08-31 16:23:00,PANL
4.865,4.865,4.865,4.865,100,2021-08-31 16:24:00,PANL
4.8611,4.8611,4.8611,4.8611,100,2021-08-31 16:26:00,PANL
4.865,4.865,4.865,4.865,100,2021-08-31 16:27:00,PANL
4.865,4.865,4.865,4.865,1400,2021-08-31 16:28:00,PANL
4.865,4.865,4.865,4.865,200,2021-08-31 16:29:00,PANL
4.87,4.895,4.865,4.895,14270,2021-08-31 16:36:00,PANL
4.9,4.9,4.9,4.9,453,2021-08-31 16:37:00,PANL
4.895,4.895,4.895,4.895,100,2021-08-31 16:38:00,PANL
4.895,4.895,4.895,4.895,100,2021-08-31 16:39:00,PANL
4.895,4.895,4.895,4.895,100,2021-08-31 16:41:00,PANL
4.895,4.895,4.895,4.895,200,2021-08-31 16:43:00,PANL
4.895,4.895,4.895,4.895,100,2021-08-31 16:44:00,PANL
4.895,4.895,4.895,4.895,100,2021-08-31 16:48:00,PANL
4.895,4.895,4.895,4.895,100,2021-08-31 16:49:00,PANL
4.88,4.88,4.875,4.88,12249,2021-08-31 16:50:00,PANL
4.88,4.88,4.88,4.88,223,2021-08-31 16:51:00,PANL
4.88,4.88,4.87,4.87,1364,2021-08-31 16:54:00,PANL
4.87,4.87,4.85,4.86,1115,2021-08-31 16:55:00,PANL
4.865,4.865,4.865,4.865,100,2021-08-31 16:59:00,PANL
4.855,4.855,4.845,4.85,4100,2021-08-31 17:00:00,PANL
4.855,4.855,4.855,4.855,100,2021-08-31 17:03:00,PANL
4.855,4.855,4.855,4.855,100,2021-08-31 17:05:00,PANL
4.845,4.8491,4.845,4.8491,1100,2021-08-31 17:14:00,PANL
4.8499,4.85,4.845,4.845,4740,2021-08-31 17:16:00,PANL
4.845,4.845,4.845,4.845,100,2021-08-31 17:18:00,PANL
4.845,4.845,4.845,4.845,3304,2021-08-31 17:19:00,PANL
4.845,4.845,4.845,4.845,100,2021-08-31 17:20:00,PANL
4.845,4.845,4.845,4.845,1100,2021-08-31 17:27:00,PANL
4.85,4.85,4.845,4.845,2900,2021-08-31 17:28:00,PANL
4.845,4.845,4.845,4.845,1300,2021-08-31 17:29:00,PANL
4.845,4.845,4.845,4.845,100,2021-08-31 17:32:00,PANL
4.845,4.845,4.845,4.845,200,2021-08-31 17:36:00,PANL
4.85,4.85,4.845,4.845,301,2021-08-31 17:39:00,PANL
4.8401,4.845,4.8401,4.845,1313,2021-08-31 17:41:00,PANL
4.845,4.845,4.845,4.845,200,2021-08-31 17:43:00,PANL
4.845,4.85,4.845,4.845,2300,2021-08-31 17:44:00,PANL
4.845,4.845,4.845,4.845,400,2021-08-31 17:45:00,PANL
4.84,4.845,4.84,4.845,2700,2021-08-31 17:46:00,PANL
4.845,4.845,4.845,4.845,100,2021-08-31 17:49:00,PANL
4.84,4.84,4.84,4.84,25000,2021-08-31 17:52:00,PANL
4.86,4.86,4.86,4.86,100,2021-08-31 17:53:00,PANL
4.87,4.87,4.87,4.87,250,2021-08-31 17:55:00,PANL
4.87,4.88,4.87,4.88,600,2021-08-31 17:58:00,PANL
4.885,4.885,4.885,4.885,400,2021-08-31 17:59:00,PANL
4.885,4.885,4.885,4.885,100,2021-08-31 18:01:00,PANL
4.89,4.89,4.89,4.89,100,2021-08-31 18:04:00,PANL
4.89,4.89,4.89,4.89,4000,2021-08-31 18:05:00,PANL
4.91,4.91,4.89,4.89,200,2021-08-31 18:08:00,PANL
4.89,4.89,4.89,4.89,350,2021-08-31 18:09:00,PANL
4.88,4.88,4.88,4.88,100,2021-08-31 18:10:00,PANL
4.875,4.885,4.875,4.885,283,2021-08-31 18:11:00,PANL
4.875,4.875,4.875,4.875,200,2021-08-31 18:13:00,PANL
4.88,4.88,4.88,4.88,100,2021-08-31 18:17:00,PANL
4.88,4.88,4.875,4.875,1953,2021-08-31 18:20:00,PANL
4.875,4.875,4.875,4.875,300,2021-08-31 18:22:00,PANL
4.88,4.88,4.88,4.88,100,2021-08-31 18:26:00,PANL
4.875,4.875,4.875,4.875,150,2021-08-31 18:28:00,PANL
4.875,4.875,4.875,4.875,300,2021-08-31 18:30:00,PANL
4.875,4.875,4.875,4.875,200,2021-08-31 18:31:00,PANL
4.875,4.875,4.865,4.865,6465,2021-08-31 18:32:00,PANL
4.88,4.89,4.88,4.89,625,2021-08-31 18:35:00,PANL
4.88,4.89,4.88,4.89,400,2021-08-31 18:41:00,PANL
4.89,4.89,4.885,4.885,400,2021-08-31 18:42:00,PANL
4.88,4.88,4.88,4.88,300,2021-08-31 18:44:00,PANL
4.88,4.88,4.875,4.875,4093,2021-08-31 18:45:00,PANL
4.875,4.875,4.875,4.875,100,2021-08-31 18:46:00,PANL
4.87,4.87,4.87,4.87,866,2021-08-31 18:48:00,PANL
4.87,4.87,4.87,4.87,300,2021-08-31 18:50:00,PANL
4.885,4.885,4.885,4.885,100,2021-08-31 18:54:00,PANL
4.88,4.88,4.88,4.88,400,2021-08-31 18:57:00,PANL
4.88,4.89,4.88,4.88,900,2021-08-31 18:58:00,PANL
4.9,4.9,4.9,4.9,100,2021-08-31 18:59:00,PANL
4.89,4.89,4.89,4.89,100,2021-08-31 19:00:00,PANL
4.88,4.88,4.88,4.88,200,2021-08-31 19:02:00,PANL
4.88,4.88,4.88,4.88,800,2021-08-31 19:04:00,PANL
4.88,4.88,4.875,4.875,650,2021-08-31 19:05:00,PANL
4.88,4.88,4.875,4.875,400,2021-08-31 19:06:00,PANL
4.87,4.88,4.87,4.88,200,2021-08-31 19:07:00,PANL
4.88,4.885,4.865,4.865,1594,2021-08-31 19:08:00,PANL
4.87,4.87,4.87,4.87,100,2021-08-31 19:10:00,PANL
4.88,4.88,4.88,4.88,100,2021-08-31 19:11:00,PANL
4.88,4.88,4.865,4.88,1200,2021-08-31 19:12:00,PANL
4.87,4.875,4.87,4.875,632,2021-08-31 19:13:00,PANL
4.86,4.86,4.86,4.86,100,2021-08-31 19:15:00,PANL
4.87,4.87,4.87,4.87,100,2021-08-31 19:17:00,PANL
4.87,4.87,4.87,4.87,100,2021-08-31 19:18:00,PANL
4.875,4.875,4.875,4.875,100,2021-08-31 19:19:00,PANL
4.876,4.876,4.876,4.876,100,2021-08-31 19:20:00,PANL
4.87,4.87,4.87,4.87,800,2021-08-31 19:24:00,PANL
4.88,4.88,4.88,4.88,100,2021-08-31 19:26:00,PANL
4.87,4.87,4.865,4.865,300,2021-08-31 19:27:00,PANL
4.865,4.865,4.865,4.865,200,2021-08-31 19:28:00,PANL
4.88,4.885,4.88,4.885,200,2021-08-31 19:30:00,PANL
4.885,4.885,4.88,4.88,450,2021-08-31 19:31:00,PANL
4.875,4.875,4.875,4.875,100,2021-08-31 19:33:00,PANL
4.875,4.875,4.875,4.875,100,2021-08-31 19:36:00,PANL
4.875,4.875,4.875,4.875,100,2021-08-31 19:37:00,PANL
4.875,4.89,4.875,4.88,3200,2021-08-31 19:38:00,PANL
4.89,4.89,4.89,4.89,100,2021-08-31 19:39:00,PANL
4.89,4.89,4.89,4.89,100,2021-08-31 19:41:00,PANL
4.9,4.9,4.9,4.9,1050,2021-08-31 19:42:00,PANL
4.9,4.91,4.9,4.91,200,2021-08-31 19:44:00,PANL
4.9,4.9,4.9,4.9,275,2021-08-31 19:46:00,PANL
4.9,4.9,4.9,4.9,300,2021-08-31 19:47:00,PANL
4.9,4.9,4.9,4.9,400,2021-08-31 19:48:00,PANL
4.895,4.9,4.895,4.9,300,2021-08-31 19:49:00,PANL
4.9,4.9,4.9,4.9,400,2021-08-31 19:50:00,PANL
4.9,4.91,4.9,4.9,1571,2021-08-31 19:51:00,PANL
4.9,4.91,4.9,4.9099,700,2021-08-31 19:52:00,PANL
4.9,4.9,4.895,4.895,1700,2021-08-31 19:53:00,PANL
4.9,4.9,4.9,4.9,360,2021-08-31 19:54:00,PANL
4.91,4.91,4.9,4.91,500,2021-08-31 19:55:00,PANL
4.9,4.91,4.89,4.9,6842,2021-08-31 19:56:00,PANL
4.91,4.91,4.9,4.9,500,2021-08-31 19:57:00,PANL
4.9,4.91,4.9,4.9,5215,2021-08-31 19:58:00,PANL
4.89,4.9,4.89,4.895,3967,2021-08-31 19:59:00,PANL
4.9,4.9,4.9,4.9,5860,2021-08-31 20:00:00,PANL
4.9,4.9,4.9,4.9,900,2021-08-31 23:22:00,PANL
4.9,4.9,4.9,4.9,460,2021-08-31 23:50:00,PANL
