open,high,low,close,volume,datetime,symbol
1.12,1.12,1.12,1.12,870,2021-08-02 08:00:00,POAI
1.13,1.13,1.13,1.13,200,2021-08-02 11:06:00,POAI
1.13,1.13,1.13,1.13,200,2021-08-02 11:31:00,POAI
1.13,1.13,1.13,1.13,1000,2021-08-02 12:08:00,POAI
1.1399,1.1399,1.1399,1.1399,300,2021-08-02 12:16:00,POAI
1.13,1.13,1.13,1.13,1500,2021-08-02 12:18:00,POAI
1.14,1.14,1.14,1.14,259,2021-08-02 12:25:00,POAI
1.14,1.14,1.14,1.14,150,2021-08-02 12:26:00,POAI
1.14,1.14,1.14,1.14,750,2021-08-02 12:30:00,POAI
1.14,1.14,1.14,1.14,1894,2021-08-02 12:39:00,POAI
1.13,1.13,1.13,1.13,149,2021-08-02 13:04:00,POAI
1.14,1.14,1.14,1.14,597,2021-08-02 13:12:00,POAI
1.13,1.13,1.13,1.13,151,2021-08-02 13:25:00,POAI
1.14,1.14,1.1318,1.1318,8252,2021-08-02 13:30:00,POAI
1.1382,1.1384,1.135,1.135,1453,2021-08-02 13:31:00,POAI
1.135,1.1394,1.1324,1.1324,21374,2021-08-02 13:33:00,POAI
1.1301,1.1348,1.1301,1.1301,4967,2021-08-02 13:34:00,POAI
1.1385,1.1385,1.1327,1.1327,3114,2021-08-02 13:35:00,POAI
1.1385,1.14,1.135,1.14,1689,2021-08-02 13:36:00,POAI
1.132,1.132,1.132,1.132,806,2021-08-02 13:37:00,POAI
1.14,1.14,1.135,1.135,1711,2021-08-02 13:38:00,POAI
1.14,1.14,1.135,1.135,10200,2021-08-02 13:39:00,POAI
1.135,1.135,1.135,1.135,517,2021-08-02 13:40:00,POAI
1.1399,1.14,1.1399,1.14,1499,2021-08-02 13:41:00,POAI
1.1399,1.14,1.1399,1.1399,720,2021-08-02 13:42:00,POAI
1.1301,1.1301,1.1301,1.1301,4000,2021-08-02 13:43:00,POAI
1.1399,1.1399,1.135,1.135,631,2021-08-02 13:44:00,POAI
1.1326,1.135,1.1326,1.135,618,2021-08-02 13:45:00,POAI
1.14,1.14,1.135,1.135,230,2021-08-02 13:46:00,POAI
1.135,1.135,1.135,1.135,200,2021-08-02 13:48:00,POAI
1.135,1.14,1.135,1.14,21733,2021-08-02 13:49:00,POAI
1.14,1.15,1.14,1.14,13110,2021-08-02 13:50:00,POAI
1.145,1.145,1.145,1.145,100,2021-08-02 13:51:00,POAI
1.1488,1.1488,1.1488,1.1488,4358,2021-08-02 13:52:00,POAI
1.1419,1.1447,1.1419,1.1447,1120,2021-08-02 13:53:00,POAI
1.1411,1.1411,1.1411,1.1411,2050,2021-08-02 13:54:00,POAI
1.15,1.15,1.1443,1.1443,1100,2021-08-02 13:55:00,POAI
1.15,1.15,1.1441,1.145,13690,2021-08-02 13:56:00,POAI
1.145,1.15,1.145,1.15,16556,2021-08-02 13:57:00,POAI
1.15,1.16,1.15,1.16,1105,2021-08-02 13:58:00,POAI
1.1578,1.1578,1.1578,1.1578,270,2021-08-02 13:59:00,POAI
1.1499,1.1499,1.145,1.145,501,2021-08-02 14:00:00,POAI
1.15,1.15,1.149,1.149,2125,2021-08-02 14:01:00,POAI
1.15,1.155,1.15,1.155,6876,2021-08-02 14:02:00,POAI
1.1511,1.1528,1.1511,1.1528,559,2021-08-02 14:03:00,POAI
1.1573,1.1586,1.15,1.1576,4550,2021-08-02 14:04:00,POAI
1.155,1.155,1.15,1.15,2259,2021-08-02 14:05:00,POAI
1.15,1.151,1.15,1.151,3000,2021-08-02 14:06:00,POAI
1.155,1.155,1.155,1.155,600,2021-08-02 14:10:00,POAI
1.15,1.15,1.15,1.15,100,2021-08-02 14:11:00,POAI
1.16,1.16,1.15,1.15,5100,2021-08-02 14:13:00,POAI
1.15,1.16,1.15,1.16,400,2021-08-02 14:14:00,POAI
1.1575,1.1575,1.1575,1.1575,360,2021-08-02 14:15:00,POAI
1.16,1.16,1.16,1.16,1128,2021-08-02 14:16:00,POAI
1.16,1.16,1.16,1.16,2000,2021-08-02 14:21:00,POAI
1.1599,1.16,1.15,1.1515,4925,2021-08-02 14:22:00,POAI
1.155,1.155,1.155,1.155,100,2021-08-02 14:23:00,POAI
1.15,1.16,1.15,1.1501,2270,2021-08-02 14:25:00,POAI
1.1516,1.1516,1.1501,1.1501,1350,2021-08-02 14:26:00,POAI
1.15,1.16,1.15,1.16,509,2021-08-02 14:27:00,POAI
1.15,1.16,1.15,1.16,400,2021-08-02 14:29:00,POAI
1.155,1.16,1.155,1.16,3100,2021-08-02 14:31:00,POAI
1.155,1.155,1.155,1.155,100,2021-08-02 14:32:00,POAI
1.155,1.155,1.155,1.155,100,2021-08-02 14:34:00,POAI
1.155,1.155,1.155,1.155,100,2021-08-02 14:35:00,POAI
1.1501,1.1501,1.1501,1.1501,300,2021-08-02 14:40:00,POAI
1.1593,1.1593,1.1582,1.1582,319,2021-08-02 14:41:00,POAI
1.152,1.152,1.152,1.152,3000,2021-08-02 14:42:00,POAI
1.1529,1.1529,1.1529,1.1529,173,2021-08-02 14:47:00,POAI
1.15,1.16,1.15,1.16,560,2021-08-02 14:49:00,POAI
1.155,1.155,1.155,1.155,1000,2021-08-02 14:53:00,POAI
1.155,1.155,1.155,1.155,4200,2021-08-02 14:54:00,POAI
1.15,1.15,1.15,1.15,3000,2021-08-02 14:57:00,POAI
1.1556,1.1556,1.15,1.15,1750,2021-08-02 14:58:00,POAI
1.1568,1.1568,1.1568,1.1568,475,2021-08-02 14:59:00,POAI
1.159,1.159,1.159,1.159,3000,2021-08-02 15:00:00,POAI
1.1511,1.1511,1.1511,1.1511,300,2021-08-02 15:01:00,POAI
1.1501,1.1501,1.1501,1.1501,1637,2021-08-02 15:02:00,POAI
1.1509,1.1511,1.15,1.1511,5560,2021-08-02 15:03:00,POAI
1.16,1.16,1.16,1.16,2000,2021-08-02 15:04:00,POAI
1.1506,1.1506,1.15,1.15,3100,2021-08-02 15:06:00,POAI
1.1567,1.1567,1.1567,1.1567,1000,2021-08-02 15:07:00,POAI
1.15,1.1509,1.15,1.1509,6408,2021-08-02 15:09:00,POAI
1.15,1.155,1.15,1.155,345,2021-08-02 15:11:00,POAI
1.15,1.15,1.15,1.15,100,2021-08-02 15:12:00,POAI
1.15,1.1517,1.15,1.15,1420,2021-08-02 15:13:00,POAI
1.15,1.15,1.15,1.15,100,2021-08-02 15:14:00,POAI
1.157,1.157,1.157,1.157,500,2021-08-02 15:15:00,POAI
1.15,1.1511,1.15,1.15,1243,2021-08-02 15:16:00,POAI
1.15,1.15,1.15,1.15,4719,2021-08-02 15:17:00,POAI
1.15,1.16,1.15,1.16,1300,2021-08-02 15:18:00,POAI
1.15,1.15,1.15,1.15,200,2021-08-02 15:19:00,POAI
1.1573,1.1573,1.1573,1.1573,5000,2021-08-02 15:20:00,POAI
1.1501,1.1501,1.1501,1.1501,7622,2021-08-02 15:21:00,POAI
1.15,1.15,1.15,1.15,400,2021-08-02 15:23:00,POAI
1.15,1.15,1.15,1.15,100,2021-08-02 15:24:00,POAI
1.15,1.1501,1.15,1.15,1700,2021-08-02 15:26:00,POAI
1.15,1.15,1.15,1.15,100,2021-08-02 15:28:00,POAI
1.1501,1.1501,1.1501,1.1501,100,2021-08-02 15:30:00,POAI
1.1592,1.1592,1.1592,1.1592,1000,2021-08-02 15:34:00,POAI
1.1554,1.1554,1.1554,1.1554,1000,2021-08-02 15:40:00,POAI
1.15,1.155,1.15,1.1512,1612,2021-08-02 15:42:00,POAI
1.15,1.15,1.15,1.15,2500,2021-08-02 15:46:00,POAI
1.15,1.15,1.15,1.15,100,2021-08-02 15:47:00,POAI
1.1507,1.155,1.1507,1.155,650,2021-08-02 15:48:00,POAI
1.1508,1.155,1.1508,1.155,10433,2021-08-02 15:49:00,POAI
1.15,1.15,1.15,1.15,3099,2021-08-02 15:50:00,POAI
1.15,1.15,1.15,1.15,100,2021-08-02 15:51:00,POAI
1.15,1.15,1.15,1.15,200,2021-08-02 15:52:00,POAI
1.1507,1.1507,1.15,1.15,1100,2021-08-02 15:54:00,POAI
1.15,1.15,1.15,1.15,200,2021-08-02 15:55:00,POAI
1.155,1.1599,1.15,1.15,643,2021-08-02 15:56:00,POAI
1.1501,1.1501,1.1501,1.1501,100,2021-08-02 15:57:00,POAI
1.15,1.15,1.15,1.15,100,2021-08-02 16:01:00,POAI
1.15,1.15,1.14,1.14,1322,2021-08-02 16:02:00,POAI
1.145,1.15,1.145,1.15,800,2021-08-02 16:03:00,POAI
1.14,1.14,1.14,1.14,150,2021-08-02 16:06:00,POAI
1.15,1.15,1.15,1.15,500,2021-08-02 16:08:00,POAI
1.1488,1.1488,1.1488,1.1488,500,2021-08-02 16:10:00,POAI
1.1428,1.1462,1.1428,1.1462,600,2021-08-02 16:11:00,POAI
1.142,1.145,1.142,1.145,1173,2021-08-02 16:12:00,POAI
1.145,1.145,1.145,1.145,200,2021-08-02 16:15:00,POAI
1.1418,1.1418,1.1418,1.1418,200,2021-08-02 16:18:00,POAI
1.1486,1.1486,1.1486,1.1486,1500,2021-08-02 16:20:00,POAI
1.1476,1.1476,1.14,1.14,1600,2021-08-02 16:28:00,POAI
1.14,1.145,1.14,1.14,3883,2021-08-02 16:30:00,POAI
1.14,1.14,1.14,1.14,100,2021-08-02 16:35:00,POAI
1.145,1.145,1.145,1.145,205,2021-08-02 16:37:00,POAI
1.1401,1.1488,1.1401,1.1401,3497,2021-08-02 16:40:00,POAI
1.145,1.145,1.145,1.145,200,2021-08-02 16:41:00,POAI
1.148,1.148,1.148,1.148,250,2021-08-02 16:42:00,POAI
1.1411,1.145,1.1411,1.145,260,2021-08-02 16:43:00,POAI
1.1418,1.15,1.1418,1.15,3600,2021-08-02 16:44:00,POAI
1.1499,1.1499,1.1499,1.1499,100,2021-08-02 16:47:00,POAI
1.145,1.145,1.1401,1.1401,200,2021-08-02 16:53:00,POAI
1.1499,1.1499,1.1499,1.1499,171,2021-08-02 16:57:00,POAI
1.14,1.15,1.14,1.1424,650,2021-08-02 16:58:00,POAI
1.1485,1.1485,1.1485,1.1485,900,2021-08-02 17:02:00,POAI
1.15,1.15,1.145,1.15,20313,2021-08-02 17:06:00,POAI
1.155,1.155,1.155,1.155,100,2021-08-02 17:07:00,POAI
1.155,1.155,1.155,1.155,500,2021-08-02 17:09:00,POAI
1.1586,1.1586,1.15,1.15,1100,2021-08-02 17:10:00,POAI
1.155,1.155,1.1512,1.155,773,2021-08-02 17:11:00,POAI
1.155,1.155,1.155,1.155,100,2021-08-02 17:13:00,POAI
1.15,1.15,1.15,1.15,4410,2021-08-02 17:15:00,POAI
1.155,1.155,1.155,1.155,100,2021-08-02 17:16:00,POAI
1.155,1.155,1.1501,1.1501,600,2021-08-02 17:18:00,POAI
1.16,1.16,1.16,1.16,100,2021-08-02 17:19:00,POAI
1.16,1.16,1.155,1.155,350,2021-08-02 17:20:00,POAI
1.1501,1.1501,1.1501,1.1501,500,2021-08-02 17:21:00,POAI
1.155,1.155,1.15,1.1502,1500,2021-08-02 17:24:00,POAI
1.15,1.15,1.15,1.15,241,2021-08-02 17:26:00,POAI
1.15,1.155,1.15,1.155,601,2021-08-02 17:27:00,POAI
1.14,1.14,1.14,1.14,600,2021-08-02 17:28:00,POAI
1.145,1.15,1.145,1.15,900,2021-08-02 17:34:00,POAI
1.16,1.16,1.16,1.16,389,2021-08-02 17:35:00,POAI
1.15,1.15,1.15,1.15,2000,2021-08-02 17:39:00,POAI
1.155,1.155,1.155,1.155,100,2021-08-02 17:40:00,POAI
1.1524,1.1524,1.1524,1.1524,500,2021-08-02 17:42:00,POAI
1.15,1.155,1.15,1.155,10100,2021-08-02 17:43:00,POAI
1.155,1.155,1.15,1.15,23949,2021-08-02 17:45:00,POAI
1.15,1.155,1.14,1.14,11436,2021-08-02 17:46:00,POAI
1.1494,1.1494,1.1494,1.1494,2000,2021-08-02 17:47:00,POAI
1.145,1.145,1.145,1.145,600,2021-08-02 17:48:00,POAI
1.143,1.143,1.143,1.143,1000,2021-08-02 17:49:00,POAI
1.145,1.145,1.145,1.145,100,2021-08-02 17:53:00,POAI
1.14,1.145,1.14,1.145,200,2021-08-02 17:54:00,POAI
1.14,1.14,1.14,1.14,300,2021-08-02 17:55:00,POAI
1.14,1.145,1.14,1.145,419,2021-08-02 17:56:00,POAI
1.14,1.14,1.14,1.14,100,2021-08-02 17:57:00,POAI
1.14,1.14,1.14,1.14,100,2021-08-02 17:58:00,POAI
1.14,1.14,1.14,1.14,100,2021-08-02 17:59:00,POAI
1.14,1.15,1.14,1.15,1100,2021-08-02 18:00:00,POAI
1.14,1.14,1.14,1.14,100,2021-08-02 18:01:00,POAI
1.14,1.14,1.14,1.14,100,2021-08-02 18:02:00,POAI
1.14,1.14,1.14,1.14,100,2021-08-02 18:04:00,POAI
1.15,1.15,1.15,1.15,333,2021-08-02 18:05:00,POAI
1.145,1.145,1.14,1.14,1566,2021-08-02 18:06:00,POAI
1.14,1.14,1.14,1.14,100,2021-08-02 18:08:00,POAI
1.145,1.145,1.145,1.145,500,2021-08-02 18:09:00,POAI
1.1484,1.1484,1.145,1.145,1000,2021-08-02 18:11:00,POAI
1.145,1.145,1.1401,1.1401,1600,2021-08-02 18:12:00,POAI
1.14,1.142,1.14,1.142,250,2021-08-02 18:13:00,POAI
1.145,1.145,1.145,1.145,100,2021-08-02 18:14:00,POAI
1.14,1.14,1.14,1.14,200,2021-08-02 18:21:00,POAI
1.145,1.145,1.145,1.145,200,2021-08-02 18:22:00,POAI
1.15,1.15,1.15,1.15,218,2021-08-02 18:23:00,POAI
1.1412,1.15,1.1412,1.1499,1181,2021-08-02 18:25:00,POAI
1.15,1.15,1.15,1.15,220,2021-08-02 18:27:00,POAI
1.1401,1.1401,1.1401,1.1401,200,2021-08-02 18:32:00,POAI
1.15,1.15,1.15,1.15,100,2021-08-02 18:33:00,POAI
1.14,1.14,1.14,1.14,324,2021-08-02 18:34:00,POAI
1.1401,1.1401,1.1401,1.1401,100,2021-08-02 18:36:00,POAI
1.1499,1.1499,1.1499,1.1499,921,2021-08-02 18:43:00,POAI
1.148,1.15,1.1425,1.15,1200,2021-08-02 18:45:00,POAI
1.145,1.145,1.145,1.145,100,2021-08-02 18:46:00,POAI
1.1414,1.1414,1.1414,1.1414,937,2021-08-02 18:47:00,POAI
1.1499,1.1499,1.1499,1.1499,100,2021-08-02 18:51:00,POAI
1.15,1.15,1.15,1.15,100,2021-08-02 18:52:00,POAI
1.1408,1.1408,1.1408,1.1408,175,2021-08-02 19:04:00,POAI
1.145,1.145,1.145,1.145,300,2021-08-02 19:14:00,POAI
1.15,1.15,1.15,1.15,340,2021-08-02 19:16:00,POAI
1.145,1.145,1.145,1.145,100,2021-08-02 19:17:00,POAI
1.15,1.15,1.15,1.15,100,2021-08-02 19:19:00,POAI
1.15,1.15,1.15,1.15,200,2021-08-02 19:21:00,POAI
1.1413,1.1413,1.1413,1.1413,300,2021-08-02 19:22:00,POAI
1.15,1.15,1.15,1.15,669,2021-08-02 19:25:00,POAI
1.145,1.15,1.145,1.15,1320,2021-08-02 19:26:00,POAI
1.1413,1.1413,1.1413,1.1413,253,2021-08-02 19:30:00,POAI
1.1499,1.1499,1.145,1.145,5290,2021-08-02 19:32:00,POAI
1.145,1.145,1.145,1.145,100,2021-08-02 19:33:00,POAI
1.145,1.145,1.145,1.145,100,2021-08-02 19:35:00,POAI
1.145,1.15,1.145,1.15,200,2021-08-02 19:37:00,POAI
1.14,1.142,1.14,1.142,12623,2021-08-02 19:40:00,POAI
1.145,1.147,1.14,1.147,7076,2021-08-02 19:41:00,POAI
1.145,1.145,1.142,1.142,3350,2021-08-02 19:42:00,POAI
1.15,1.15,1.14,1.14,770,2021-08-02 19:43:00,POAI
1.1499,1.1499,1.1375,1.14,20066,2021-08-02 19:44:00,POAI
1.1383,1.14,1.13,1.13,6047,2021-08-02 19:45:00,POAI
1.13,1.13,1.13,1.13,4961,2021-08-02 19:46:00,POAI
1.1392,1.1392,1.13,1.13,13957,2021-08-02 19:47:00,POAI
1.135,1.14,1.13,1.132,54226,2021-08-02 19:49:00,POAI
1.14,1.14,1.14,1.14,500,2021-08-02 19:51:00,POAI
1.1399,1.1399,1.1382,1.1382,4944,2021-08-02 19:52:00,POAI
1.135,1.14,1.135,1.14,10000,2021-08-02 19:53:00,POAI
1.135,1.135,1.13,1.13,300,2021-08-02 19:54:00,POAI
1.1376,1.14,1.135,1.135,7572,2021-08-02 19:55:00,POAI
1.1301,1.1301,1.1301,1.1301,2000,2021-08-02 19:56:00,POAI
1.1399,1.1399,1.1363,1.1399,1432,2021-08-02 19:57:00,POAI
1.135,1.14,1.13,1.135,9561,2021-08-02 19:58:00,POAI
1.135,1.14,1.13,1.1399,12610,2021-08-02 19:59:00,POAI
1.14,1.14,1.14,1.14,2688,2021-08-02 20:00:00,POAI
1.14,1.14,1.14,1.14,100,2021-08-02 20:02:00,POAI
1.14,1.14,1.14,1.14,100,2021-08-02 20:03:00,POAI
1.14,1.14,1.14,1.14,1000,2021-08-02 20:05:00,POAI
1.14,1.14,1.13,1.13,1200,2021-08-02 20:08:00,POAI
1.14,1.14,1.14,1.14,124,2021-08-02 20:09:00,POAI
1.1399,1.14,1.1399,1.14,406,2021-08-02 20:39:00,POAI
1.13,1.13,1.13,1.13,22000,2021-08-02 20:50:00,POAI
1.13,1.13,1.13,1.13,1500,2021-08-02 20:52:00,POAI
1.13,1.13,1.13,1.13,900,2021-08-02 20:59:00,POAI
1.1399,1.1399,1.1399,1.1399,243,2021-08-02 21:00:00,POAI
1.13,1.13,1.13,1.13,1000,2021-08-02 21:05:00,POAI
1.13,1.13,1.13,1.13,760,2021-08-02 21:15:00,POAI
1.13,1.13,1.13,1.13,3000,2021-08-02 21:20:00,POAI
1.13,1.13,1.13,1.13,2127,2021-08-02 21:26:00,POAI
1.14,1.14,1.14,1.14,2500,2021-08-02 21:35:00,POAI
1.13,1.13,1.13,1.13,2000,2021-08-02 21:53:00,POAI
1.14,1.14,1.14,1.14,100,2021-08-02 21:54:00,POAI
1.13,1.13,1.13,1.13,1000,2021-08-02 21:58:00,POAI
1.13,1.13,1.13,1.13,115,2021-08-02 21:59:00,POAI
1.13,1.13,1.13,1.13,200,2021-08-02 22:02:00,POAI
1.15,1.15,1.15,1.15,500,2021-08-02 22:35:00,POAI
1.1399,1.1399,1.1399,1.1399,160,2021-08-02 23:13:00,POAI
1.14,1.14,1.14,1.14,100,2021-08-02 23:28:00,POAI
1.14,1.14,1.14,1.14,400,2021-08-02 23:30:00,POAI
1.13,1.13,1.13,1.13,450,2021-08-02 23:41:00,POAI
1.14,1.14,1.14,1.14,370,2021-08-03 11:37:00,POAI
1.13,1.13,1.13,1.13,250,2021-08-03 12:11:00,POAI
1.1399,1.1399,1.1399,1.1399,750,2021-08-03 12:25:00,POAI
1.14,1.15,1.14,1.1499,13969,2021-08-03 12:30:00,POAI
1.13,1.13,1.13,1.13,8912,2021-08-03 12:33:00,POAI
1.14,1.14,1.14,1.14,300,2021-08-03 12:34:00,POAI
1.15,1.15,1.15,1.15,160,2021-08-03 12:35:00,POAI
1.15,1.15,1.14,1.1499,3579,2021-08-03 12:36:00,POAI
1.14,1.15,1.14,1.14,1121,2021-08-03 12:37:00,POAI
1.1499,1.16,1.14,1.16,35345,2021-08-03 12:38:00,POAI
1.15,1.18,1.15,1.18,5900,2021-08-03 12:39:00,POAI
1.18,1.19,1.18,1.19,10900,2021-08-03 12:40:00,POAI
1.18,1.21,1.18,1.21,29314,2021-08-03 12:41:00,POAI
1.22,1.25,1.21,1.22,16308,2021-08-03 12:42:00,POAI
1.21,1.24,1.2,1.24,26329,2021-08-03 12:43:00,POAI
1.23,1.23,1.2,1.2,9670,2021-08-03 12:44:00,POAI
1.2,1.2,1.19,1.19,10100,2021-08-03 12:45:00,POAI
1.16,1.16,1.15,1.15,485,2021-08-03 12:46:00,POAI
1.18,1.21,1.18,1.21,6934,2021-08-03 12:47:00,POAI
1.21,1.21,1.2,1.2,11101,2021-08-03 12:48:00,POAI
1.19,1.19,1.19,1.19,23177,2021-08-03 12:49:00,POAI
1.18,1.19,1.17,1.17,9851,2021-08-03 12:50:00,POAI
1.17,1.18,1.17,1.17,2786,2021-08-03 12:51:00,POAI
1.18,1.18,1.1799,1.1799,1500,2021-08-03 12:52:00,POAI
1.17,1.18,1.17,1.18,1450,2021-08-03 12:53:00,POAI
1.18,1.18,1.18,1.18,1200,2021-08-03 12:54:00,POAI
1.17,1.17,1.17,1.17,443,2021-08-03 12:56:00,POAI
1.18,1.18,1.17,1.17,1460,2021-08-03 12:57:00,POAI
1.18,1.18,1.18,1.18,325,2021-08-03 12:58:00,POAI
1.18,1.18,1.18,1.18,1450,2021-08-03 13:00:00,POAI
1.18,1.18,1.17,1.17,20300,2021-08-03 13:01:00,POAI
1.18,1.18,1.18,1.18,1928,2021-08-03 13:02:00,POAI
1.18,1.18,1.18,1.18,250,2021-08-03 13:03:00,POAI
1.18,1.18,1.18,1.18,1346,2021-08-03 13:04:00,POAI
1.18,1.18,1.18,1.18,641,2021-08-03 13:06:00,POAI
1.18,1.18,1.18,1.18,400,2021-08-03 13:07:00,POAI
1.18,1.18,1.18,1.18,2104,2021-08-03 13:10:00,POAI
1.18,1.18,1.18,1.18,422,2021-08-03 13:12:00,POAI
1.18,1.18,1.1701,1.1701,3105,2021-08-03 13:13:00,POAI
1.17,1.17,1.17,1.17,3132,2021-08-03 13:15:00,POAI
1.17,1.17,1.17,1.17,250,2021-08-03 13:16:00,POAI
1.1799,1.18,1.17,1.17,2462,2021-08-03 13:19:00,POAI
1.16,1.17,1.16,1.17,2500,2021-08-03 13:21:00,POAI
1.17,1.17,1.17,1.17,7075,2021-08-03 13:22:00,POAI
1.16,1.16,1.16,1.16,3439,2021-08-03 13:25:00,POAI
1.16,1.16,1.16,1.16,500,2021-08-03 13:28:00,POAI
1.151,1.16,1.15,1.1581,28188,2021-08-03 13:30:00,POAI
1.155,1.155,1.155,1.155,100,2021-08-03 13:31:00,POAI
1.16,1.16,1.16,1.16,10801,2021-08-03 13:32:00,POAI
1.165,1.165,1.1601,1.1601,1605,2021-08-03 13:33:00,POAI
1.16,1.17,1.16,1.17,9822,2021-08-03 13:34:00,POAI
1.16,1.1601,1.16,1.1601,1794,2021-08-03 13:35:00,POAI
1.1659,1.17,1.1659,1.17,2947,2021-08-03 13:36:00,POAI
1.17,1.17,1.1616,1.1616,1358,2021-08-03 13:37:00,POAI
1.17,1.17,1.1601,1.1657,750,2021-08-03 13:38:00,POAI
1.1699,1.1699,1.16,1.1613,13160,2021-08-03 13:40:00,POAI
1.1688,1.1688,1.1616,1.1616,6300,2021-08-03 13:41:00,POAI
1.165,1.165,1.165,1.165,4999,2021-08-03 13:42:00,POAI
1.1678,1.1699,1.1678,1.1699,360,2021-08-03 13:43:00,POAI
1.16,1.16,1.16,1.16,4348,2021-08-03 13:44:00,POAI
1.1601,1.17,1.1601,1.165,1000,2021-08-03 13:45:00,POAI
1.16,1.16,1.16,1.16,4765,2021-08-03 13:46:00,POAI
1.165,1.165,1.1612,1.1612,300,2021-08-03 13:47:00,POAI
1.17,1.17,1.16,1.16,5500,2021-08-03 13:48:00,POAI
1.16,1.1687,1.16,1.1687,5000,2021-08-03 13:49:00,POAI
1.1679,1.1679,1.1624,1.165,3176,2021-08-03 13:50:00,POAI
1.16,1.16,1.15,1.15,6515,2021-08-03 13:51:00,POAI
1.1507,1.16,1.14,1.14,19090,2021-08-03 13:52:00,POAI
1.145,1.145,1.145,1.145,200,2021-08-03 13:53:00,POAI
1.14,1.14,1.14,1.14,100,2021-08-03 13:54:00,POAI
1.1401,1.15,1.14,1.14,10400,2021-08-03 13:55:00,POAI
1.15,1.15,1.14,1.145,6877,2021-08-03 13:56:00,POAI
1.1401,1.145,1.14,1.14,1100,2021-08-03 13:57:00,POAI
1.14,1.1422,1.14,1.14,2444,2021-08-03 13:58:00,POAI
1.14,1.14,1.14,1.14,300,2021-08-03 13:59:00,POAI
1.1425,1.1425,1.14,1.14,600,2021-08-03 14:00:00,POAI
1.14,1.145,1.14,1.145,400,2021-08-03 14:01:00,POAI
1.14,1.145,1.14,1.14,500,2021-08-03 14:02:00,POAI
1.14,1.1499,1.14,1.14,1027,2021-08-03 14:03:00,POAI
1.1459,1.15,1.14,1.14,2050,2021-08-03 14:04:00,POAI
1.14,1.14,1.14,1.14,6020,2021-08-03 14:05:00,POAI
1.14,1.14,1.13,1.13,5290,2021-08-03 14:06:00,POAI
1.13,1.13,1.13,1.13,200,2021-08-03 14:07:00,POAI
1.13,1.13,1.13,1.13,800,2021-08-03 14:08:00,POAI
1.13,1.13,1.13,1.13,300,2021-08-03 14:09:00,POAI
1.135,1.14,1.13,1.14,1089,2021-08-03 14:10:00,POAI
1.13,1.14,1.13,1.13,4491,2021-08-03 14:11:00,POAI
1.14,1.14,1.13,1.13,1400,2021-08-03 14:12:00,POAI
1.13,1.139,1.13,1.1301,2020,2021-08-03 14:13:00,POAI
1.13,1.1307,1.13,1.13,15500,2021-08-03 14:14:00,POAI
1.13,1.13,1.13,1.13,300,2021-08-03 14:15:00,POAI
1.135,1.135,1.13,1.13,800,2021-08-03 14:16:00,POAI
1.13,1.13,1.13,1.13,200,2021-08-03 14:17:00,POAI
1.13,1.134,1.13,1.13,400,2021-08-03 14:18:00,POAI
1.13,1.14,1.13,1.14,4299,2021-08-03 14:19:00,POAI
1.1399,1.1399,1.13,1.13,4801,2021-08-03 14:20:00,POAI
1.13,1.13,1.13,1.13,600,2021-08-03 14:21:00,POAI
1.13,1.1386,1.13,1.1386,6050,2021-08-03 14:22:00,POAI
1.137,1.1377,1.13,1.13,2350,2021-08-03 14:23:00,POAI
1.14,1.14,1.13,1.13,1174,2021-08-03 14:24:00,POAI
1.1301,1.1301,1.13,1.13,2900,2021-08-03 14:25:00,POAI
1.13,1.13,1.13,1.13,200,2021-08-03 14:26:00,POAI
1.135,1.135,1.135,1.135,100,2021-08-03 14:27:00,POAI
1.13,1.137,1.13,1.13,976,2021-08-03 14:28:00,POAI
1.13,1.13,1.13,1.13,500,2021-08-03 14:29:00,POAI
1.1301,1.1301,1.13,1.13,607,2021-08-03 14:30:00,POAI
1.13,1.135,1.13,1.13,1600,2021-08-03 14:31:00,POAI
1.13,1.14,1.13,1.14,6421,2021-08-03 14:32:00,POAI
1.13,1.13,1.13,1.13,8903,2021-08-03 14:33:00,POAI
1.13,1.13,1.12,1.12,23706,2021-08-03 14:34:00,POAI
1.12,1.125,1.12,1.12,8656,2021-08-03 14:35:00,POAI
1.1286,1.1296,1.12,1.1296,4278,2021-08-03 14:36:00,POAI
1.12,1.12,1.12,1.12,200,2021-08-03 14:37:00,POAI
1.12,1.13,1.12,1.12,26300,2021-08-03 14:38:00,POAI
1.12,1.12,1.12,1.12,3010,2021-08-03 14:39:00,POAI
1.13,1.13,1.12,1.12,3070,2021-08-03 14:40:00,POAI
1.12,1.1276,1.12,1.12,2400,2021-08-03 14:41:00,POAI
1.12,1.1299,1.12,1.12,1100,2021-08-03 14:42:00,POAI
1.12,1.13,1.12,1.12,1849,2021-08-03 14:43:00,POAI
1.12,1.13,1.12,1.12,1800,2021-08-03 14:44:00,POAI
1.12,1.13,1.12,1.12,10282,2021-08-03 14:45:00,POAI
1.12,1.1236,1.12,1.12,22329,2021-08-03 14:46:00,POAI
1.12,1.12,1.11,1.11,20142,2021-08-03 14:47:00,POAI
1.11,1.1181,1.11,1.11,1200,2021-08-03 14:48:00,POAI
1.11,1.1187,1.11,1.115,2750,2021-08-03 14:49:00,POAI
1.11,1.1172,1.11,1.11,400,2021-08-03 14:50:00,POAI
1.12,1.12,1.11,1.11,2501,2021-08-03 14:51:00,POAI
1.11,1.12,1.11,1.1187,3185,2021-08-03 14:52:00,POAI
1.11,1.118,1.11,1.11,1600,2021-08-03 14:53:00,POAI
1.11,1.11,1.11,1.11,600,2021-08-03 14:54:00,POAI
1.11,1.111,1.11,1.11,3195,2021-08-03 14:55:00,POAI
1.11,1.1101,1.11,1.1101,1100,2021-08-03 14:56:00,POAI
1.11,1.1199,1.11,1.11,1951,2021-08-03 14:57:00,POAI
1.11,1.115,1.11,1.11,851,2021-08-03 14:58:00,POAI
1.11,1.11,1.11,1.11,300,2021-08-03 14:59:00,POAI
1.11,1.115,1.11,1.11,900,2021-08-03 15:00:00,POAI
1.11,1.1189,1.11,1.11,9340,2021-08-03 15:01:00,POAI
1.11,1.11,1.11,1.11,200,2021-08-03 15:02:00,POAI
1.11,1.11,1.11,1.11,300,2021-08-03 15:03:00,POAI
1.11,1.1156,1.11,1.1156,3200,2021-08-03 15:05:00,POAI
1.11,1.11,1.11,1.11,395,2021-08-03 15:06:00,POAI
1.11,1.12,1.11,1.11,523,2021-08-03 15:07:00,POAI
1.1115,1.1179,1.11,1.11,2755,2021-08-03 15:08:00,POAI
1.1173,1.1175,1.11,1.1175,1050,2021-08-03 15:09:00,POAI
1.12,1.12,1.11,1.12,2500,2021-08-03 15:10:00,POAI
1.1174,1.1174,1.11,1.11,1950,2021-08-03 15:11:00,POAI
1.12,1.12,1.11,1.11,3200,2021-08-03 15:12:00,POAI
1.11,1.11,1.11,1.11,120,2021-08-03 15:13:00,POAI
1.11,1.11,1.11,1.11,100,2021-08-03 15:14:00,POAI
1.11,1.11,1.11,1.11,100,2021-08-03 15:15:00,POAI
1.1101,1.1171,1.11,1.112,3088,2021-08-03 15:16:00,POAI
1.12,1.12,1.1171,1.1171,635,2021-08-03 15:17:00,POAI
1.11,1.115,1.11,1.115,6100,2021-08-03 15:18:00,POAI
1.11,1.11,1.11,1.11,2600,2021-08-03 15:20:00,POAI
1.115,1.115,1.11,1.11,600,2021-08-03 15:21:00,POAI
1.11,1.11,1.11,1.11,1520,2021-08-03 15:22:00,POAI
1.11,1.1171,1.11,1.1171,5003,2021-08-03 15:23:00,POAI
1.11,1.11,1.11,1.11,300,2021-08-03 15:24:00,POAI
1.12,1.12,1.12,1.12,339,2021-08-03 15:25:00,POAI
1.115,1.12,1.1101,1.115,1600,2021-08-03 15:26:00,POAI
1.11,1.12,1.11,1.11,1300,2021-08-03 15:27:00,POAI
1.1199,1.1199,1.11,1.11,1093,2021-08-03 15:28:00,POAI
1.11,1.11,1.11,1.11,200,2021-08-03 15:29:00,POAI
1.11,1.12,1.11,1.115,3379,2021-08-03 15:30:00,POAI
1.1122,1.1122,1.1122,1.1122,100,2021-08-03 15:31:00,POAI
1.1199,1.1199,1.1199,1.1199,5000,2021-08-03 15:32:00,POAI
1.1123,1.12,1.11,1.11,2423,2021-08-03 15:34:00,POAI
1.11,1.11,1.11,1.11,100,2021-08-03 15:36:00,POAI
1.1117,1.1117,1.11,1.11,1100,2021-08-03 15:37:00,POAI
1.1185,1.1185,1.115,1.115,4000,2021-08-03 15:39:00,POAI
1.1172,1.12,1.11,1.12,972,2021-08-03 15:40:00,POAI
1.115,1.12,1.11,1.11,600,2021-08-03 15:41:00,POAI
1.115,1.115,1.115,1.115,130,2021-08-03 15:42:00,POAI
1.11,1.11,1.11,1.11,100,2021-08-03 15:43:00,POAI
1.11,1.11,1.11,1.11,100,2021-08-03 15:45:00,POAI
1.115,1.12,1.115,1.12,2600,2021-08-03 15:46:00,POAI
1.115,1.12,1.11,1.11,1369,2021-08-03 15:47:00,POAI
1.11,1.11,1.11,1.11,100,2021-08-03 15:49:00,POAI
1.115,1.115,1.115,1.115,248,2021-08-03 15:50:00,POAI
1.12,1.12,1.1172,1.1183,4282,2021-08-03 15:51:00,POAI
1.11,1.12,1.11,1.12,290,2021-08-03 15:52:00,POAI
1.115,1.12,1.11,1.12,7005,2021-08-03 15:53:00,POAI
1.1172,1.1172,1.11,1.11,2534,2021-08-03 15:54:00,POAI
1.11,1.11,1.11,1.11,128,2021-08-03 15:55:00,POAI
1.11,1.11,1.11,1.11,100,2021-08-03 15:57:00,POAI
1.112,1.112,1.11,1.11,14688,2021-08-03 15:58:00,POAI
1.11,1.11,1.11,1.11,100,2021-08-03 15:59:00,POAI
1.1173,1.12,1.11,1.11,11766,2021-08-03 16:00:00,POAI
1.11,1.1119,1.11,1.11,7800,2021-08-03 16:01:00,POAI
1.12,1.12,1.12,1.12,1100,2021-08-03 16:02:00,POAI
1.11,1.1173,1.11,1.1173,200,2021-08-03 16:03:00,POAI
1.11,1.11,1.11,1.11,200,2021-08-03 16:04:00,POAI
1.115,1.12,1.11,1.115,1200,2021-08-03 16:05:00,POAI
1.1188,1.1188,1.11,1.11,400,2021-08-03 16:06:00,POAI
1.115,1.12,1.11,1.115,1684,2021-08-03 16:07:00,POAI
1.11,1.11,1.11,1.11,400,2021-08-03 16:08:00,POAI
1.11,1.12,1.11,1.115,9400,2021-08-03 16:09:00,POAI
1.11,1.1199,1.11,1.11,300,2021-08-03 16:10:00,POAI
1.11,1.115,1.11,1.11,300,2021-08-03 16:11:00,POAI
1.11,1.115,1.11,1.11,800,2021-08-03 16:12:00,POAI
1.115,1.115,1.11,1.115,300,2021-08-03 16:13:00,POAI
1.11,1.1199,1.11,1.11,646,2021-08-03 16:14:00,POAI
1.11,1.11,1.11,1.11,100,2021-08-03 16:15:00,POAI
1.11,1.11,1.11,1.11,200,2021-08-03 16:16:00,POAI
1.1199,1.1199,1.11,1.11,600,2021-08-03 16:17:00,POAI
1.11,1.11,1.11,1.11,100,2021-08-03 16:18:00,POAI
1.11,1.11,1.11,1.11,100,2021-08-03 16:19:00,POAI
1.11,1.11,1.11,1.11,100,2021-08-03 16:20:00,POAI
1.11,1.11,1.11,1.11,100,2021-08-03 16:21:00,POAI
1.11,1.11,1.11,1.11,100,2021-08-03 16:22:00,POAI
1.11,1.11,1.11,1.11,100,2021-08-03 16:23:00,POAI
1.12,1.12,1.11,1.11,2298,2021-08-03 16:24:00,POAI
1.11,1.11,1.11,1.11,100,2021-08-03 16:26:00,POAI
1.11,1.11,1.11,1.11,100,2021-08-03 16:27:00,POAI
1.1188,1.1188,1.1188,1.1188,5000,2021-08-03 16:28:00,POAI
1.11,1.11,1.11,1.11,100,2021-08-03 16:29:00,POAI
1.115,1.12,1.115,1.12,6511,2021-08-03 16:31:00,POAI
1.11,1.11,1.11,1.11,100,2021-08-03 16:32:00,POAI
1.12,1.12,1.115,1.115,550,2021-08-03 16:33:00,POAI
1.11,1.11,1.11,1.11,200,2021-08-03 16:35:00,POAI
1.1101,1.1101,1.1101,1.1101,1600,2021-08-03 16:36:00,POAI
1.11,1.11,1.11,1.11,100,2021-08-03 16:37:00,POAI
1.11,1.11,1.11,1.11,100,2021-08-03 16:38:00,POAI
1.115,1.115,1.115,1.115,2000,2021-08-03 16:39:00,POAI
1.11,1.11,1.11,1.11,100,2021-08-03 16:40:00,POAI
1.1101,1.1101,1.1101,1.1101,3000,2021-08-03 16:41:00,POAI
1.11,1.11,1.11,1.11,100,2021-08-03 16:42:00,POAI
1.11,1.11,1.11,1.11,200,2021-08-03 16:44:00,POAI
1.11,1.11,1.11,1.11,100,2021-08-03 16:46:00,POAI
1.115,1.115,1.11,1.11,200,2021-08-03 16:47:00,POAI
1.11,1.11,1.11,1.11,100,2021-08-03 16:48:00,POAI
1.115,1.115,1.11,1.11,2699,2021-08-03 16:50:00,POAI
1.11,1.1195,1.11,1.1195,1740,2021-08-03 16:51:00,POAI
1.1179,1.1179,1.1179,1.1179,1000,2021-08-03 16:53:00,POAI
1.11,1.12,1.11,1.12,200,2021-08-03 16:54:00,POAI
1.12,1.12,1.115,1.115,11200,2021-08-03 16:55:00,POAI
1.12,1.12,1.1101,1.1121,4090,2021-08-03 16:56:00,POAI
1.115,1.12,1.115,1.115,2693,2021-08-03 16:57:00,POAI
1.115,1.115,1.115,1.115,5100,2021-08-03 16:58:00,POAI
1.115,1.115,1.115,1.115,100,2021-08-03 16:59:00,POAI
1.115,1.115,1.115,1.115,100,2021-08-03 17:00:00,POAI
1.11,1.11,1.11,1.11,100,2021-08-03 17:01:00,POAI
1.115,1.115,1.11,1.115,700,2021-08-03 17:02:00,POAI
1.11,1.115,1.11,1.115,14819,2021-08-03 17:03:00,POAI
1.11,1.11,1.11,1.11,1101,2021-08-03 17:04:00,POAI
1.11,1.12,1.11,1.11,976,2021-08-03 17:05:00,POAI
1.11,1.12,1.11,1.115,5700,2021-08-03 17:06:00,POAI
1.115,1.1195,1.115,1.1195,300,2021-08-03 17:07:00,POAI
1.115,1.115,1.115,1.115,100,2021-08-03 17:08:00,POAI
1.115,1.115,1.11,1.11,1300,2021-08-03 17:09:00,POAI
1.11,1.115,1.11,1.1101,1000,2021-08-03 17:10:00,POAI
1.1108,1.12,1.11,1.11,9800,2021-08-03 17:11:00,POAI
1.11,1.1101,1.11,1.11,700,2021-08-03 17:12:00,POAI
1.11,1.12,1.11,1.115,2500,2021-08-03 17:13:00,POAI
1.115,1.115,1.115,1.115,300,2021-08-03 17:14:00,POAI
1.1193,1.1193,1.11,1.11,1005,2021-08-03 17:15:00,POAI
1.11,1.1184,1.11,1.11,1978,2021-08-03 17:16:00,POAI
1.1175,1.12,1.11,1.12,1500,2021-08-03 17:17:00,POAI
1.11,1.12,1.11,1.12,1600,2021-08-03 17:18:00,POAI
1.11,1.11,1.11,1.11,200,2021-08-03 17:19:00,POAI
1.115,1.12,1.11,1.11,900,2021-08-03 17:20:00,POAI
1.115,1.1172,1.11,1.115,875,2021-08-03 17:21:00,POAI
1.11,1.11,1.11,1.11,1100,2021-08-03 17:22:00,POAI
1.11,1.11,1.11,1.11,330,2021-08-03 17:23:00,POAI
1.11,1.11,1.11,1.11,100,2021-08-03 17:24:00,POAI
1.11,1.11,1.11,1.11,100,2021-08-03 17:25:00,POAI
1.11,1.11,1.11,1.11,100,2021-08-03 17:26:00,POAI
1.12,1.12,1.11,1.12,4100,2021-08-03 17:27:00,POAI
1.11,1.11,1.11,1.11,100,2021-08-03 17:28:00,POAI
1.11,1.11,1.11,1.11,100,2021-08-03 17:29:00,POAI
1.11,1.1199,1.11,1.1199,250,2021-08-03 17:31:00,POAI
1.12,1.12,1.12,1.12,125,2021-08-03 17:32:00,POAI
1.11,1.1199,1.11,1.1199,22421,2021-08-03 17:33:00,POAI
1.115,1.115,1.11,1.11,300,2021-08-03 17:34:00,POAI
1.11,1.11,1.11,1.11,100,2021-08-03 17:36:00,POAI
1.11,1.115,1.11,1.11,2200,2021-08-03 17:39:00,POAI
1.115,1.12,1.115,1.115,21400,2021-08-03 17:40:00,POAI
1.115,1.115,1.1101,1.115,850,2021-08-03 17:41:00,POAI
1.11,1.115,1.11,1.115,308,2021-08-03 17:42:00,POAI
1.115,1.115,1.115,1.115,100,2021-08-03 17:43:00,POAI
1.115,1.115,1.115,1.115,200,2021-08-03 17:44:00,POAI
1.115,1.115,1.115,1.115,100,2021-08-03 17:45:00,POAI
1.115,1.115,1.115,1.115,325,2021-08-03 17:46:00,POAI
1.1199,1.1199,1.115,1.115,700,2021-08-03 17:47:00,POAI
1.115,1.1199,1.115,1.1199,700,2021-08-03 17:48:00,POAI
1.115,1.13,1.115,1.125,112723,2021-08-03 17:49:00,POAI
1.125,1.125,1.125,1.125,3200,2021-08-03 17:50:00,POAI
1.13,1.13,1.13,1.13,800,2021-08-03 17:51:00,POAI
1.125,1.125,1.125,1.125,500,2021-08-03 17:53:00,POAI
1.125,1.125,1.12,1.12,7916,2021-08-03 17:55:00,POAI
1.12,1.12,1.12,1.12,11051,2021-08-03 17:58:00,POAI
1.12,1.12,1.12,1.12,100,2021-08-03 17:59:00,POAI
1.12,1.12,1.115,1.115,14192,2021-08-03 18:00:00,POAI
1.11,1.11,1.11,1.11,715,2021-08-03 18:01:00,POAI
1.11,1.11,1.11,1.11,400,2021-08-03 18:02:00,POAI
1.11,1.11,1.11,1.11,300,2021-08-03 18:03:00,POAI
1.11,1.11,1.11,1.11,300,2021-08-03 18:04:00,POAI
1.11,1.12,1.11,1.11,1525,2021-08-03 18:05:00,POAI
1.11,1.12,1.11,1.11,900,2021-08-03 18:06:00,POAI
1.11,1.11,1.11,1.11,300,2021-08-03 18:07:00,POAI
1.11,1.11,1.11,1.11,200,2021-08-03 18:08:00,POAI
1.11,1.11,1.11,1.11,200,2021-08-03 18:09:00,POAI
1.11,1.11,1.11,1.11,100,2021-08-03 18:10:00,POAI
1.11,1.1157,1.11,1.1157,2000,2021-08-03 18:11:00,POAI
1.11,1.1199,1.11,1.115,1272,2021-08-03 18:12:00,POAI
1.11,1.11,1.11,1.11,200,2021-08-03 18:13:00,POAI
1.11,1.12,1.11,1.12,700,2021-08-03 18:14:00,POAI
1.1157,1.12,1.11,1.11,2000,2021-08-03 18:15:00,POAI
1.11,1.11,1.11,1.11,100,2021-08-03 18:16:00,POAI
1.11,1.11,1.11,1.11,100,2021-08-03 18:18:00,POAI
1.115,1.115,1.115,1.115,238,2021-08-03 18:20:00,POAI
1.1101,1.1101,1.1101,1.1101,100,2021-08-03 18:21:00,POAI
1.12,1.12,1.11,1.1178,4997,2021-08-03 18:24:00,POAI
1.12,1.12,1.12,1.12,179,2021-08-03 18:25:00,POAI
1.12,1.12,1.1197,1.1197,200,2021-08-03 18:26:00,POAI
1.12,1.12,1.12,1.12,2350,2021-08-03 18:30:00,POAI
1.115,1.115,1.115,1.115,100,2021-08-03 18:31:00,POAI
1.1112,1.12,1.11,1.12,5300,2021-08-03 18:34:00,POAI
1.12,1.12,1.12,1.12,3322,2021-08-03 18:36:00,POAI
1.11,1.11,1.11,1.11,100,2021-08-03 18:38:00,POAI
1.1188,1.1188,1.11,1.11,2600,2021-08-03 18:39:00,POAI
1.117,1.117,1.11,1.11,6000,2021-08-03 18:40:00,POAI
1.11,1.11,1.11,1.11,100,2021-08-03 18:41:00,POAI
1.12,1.12,1.12,1.12,100,2021-08-03 18:44:00,POAI
1.11,1.11,1.11,1.11,100,2021-08-03 18:45:00,POAI
1.12,1.12,1.12,1.12,400,2021-08-03 18:47:00,POAI
1.11,1.1101,1.11,1.1101,600,2021-08-03 18:48:00,POAI
1.118,1.118,1.118,1.118,200,2021-08-03 18:50:00,POAI
1.1199,1.12,1.11,1.11,20510,2021-08-03 18:51:00,POAI
1.1101,1.115,1.1101,1.115,1030,2021-08-03 18:52:00,POAI
1.115,1.115,1.115,1.115,102,2021-08-03 18:53:00,POAI
1.11,1.11,1.11,1.11,100,2021-08-03 18:55:00,POAI
1.115,1.115,1.11,1.1101,1100,2021-08-03 18:56:00,POAI
1.11,1.12,1.11,1.12,200,2021-08-03 18:57:00,POAI
1.11,1.11,1.11,1.11,100,2021-08-03 18:58:00,POAI
1.1179,1.1179,1.11,1.11,520,2021-08-03 18:59:00,POAI
1.11,1.1176,1.11,1.1176,300,2021-08-03 19:00:00,POAI
1.11,1.1199,1.11,1.1115,1400,2021-08-03 19:02:00,POAI
1.11,1.12,1.11,1.11,2600,2021-08-03 19:03:00,POAI
1.1119,1.1119,1.1119,1.1119,500,2021-08-03 19:04:00,POAI
1.11,1.11,1.11,1.11,100,2021-08-03 19:05:00,POAI
1.11,1.11,1.11,1.11,100,2021-08-03 19:07:00,POAI
1.115,1.115,1.115,1.115,170,2021-08-03 19:08:00,POAI
1.11,1.12,1.11,1.12,1390,2021-08-03 19:10:00,POAI
1.115,1.115,1.115,1.115,730,2021-08-03 19:11:00,POAI
1.115,1.115,1.115,1.115,269,2021-08-03 19:12:00,POAI
1.115,1.115,1.115,1.115,2000,2021-08-03 19:13:00,POAI
1.11,1.11,1.11,1.11,100,2021-08-03 19:14:00,POAI
1.115,1.115,1.115,1.115,100,2021-08-03 19:16:00,POAI
1.11,1.11,1.11,1.11,100,2021-08-03 19:19:00,POAI
1.1121,1.1121,1.1121,1.1121,1122,2021-08-03 19:20:00,POAI
1.11,1.11,1.11,1.11,1000,2021-08-03 19:22:00,POAI
1.1101,1.1101,1.1101,1.1101,300,2021-08-03 19:23:00,POAI
1.11,1.11,1.11,1.11,100,2021-08-03 19:24:00,POAI
1.11,1.115,1.11,1.115,410,2021-08-03 19:27:00,POAI
1.1199,1.1199,1.115,1.115,1100,2021-08-03 19:30:00,POAI
1.1199,1.1199,1.1173,1.1173,650,2021-08-03 19:31:00,POAI
1.1199,1.12,1.1199,1.12,1100,2021-08-03 19:33:00,POAI
1.11,1.115,1.11,1.115,325,2021-08-03 19:34:00,POAI
1.11,1.11,1.11,1.11,144,2021-08-03 19:36:00,POAI
1.115,1.115,1.115,1.115,350,2021-08-03 19:37:00,POAI
1.11,1.11,1.11,1.11,270,2021-08-03 19:38:00,POAI
1.11,1.11,1.11,1.11,100,2021-08-03 19:39:00,POAI
1.11,1.11,1.11,1.11,270,2021-08-03 19:40:00,POAI
1.12,1.12,1.115,1.115,800,2021-08-03 19:41:00,POAI
1.11,1.12,1.11,1.12,10600,2021-08-03 19:42:00,POAI
1.115,1.12,1.115,1.12,2100,2021-08-03 19:45:00,POAI
1.115,1.13,1.115,1.13,46247,2021-08-03 19:47:00,POAI
1.13,1.13,1.1245,1.125,11290,2021-08-03 19:48:00,POAI
1.1243,1.125,1.1217,1.1217,5100,2021-08-03 19:49:00,POAI
1.12,1.12,1.12,1.12,100,2021-08-03 19:50:00,POAI
1.1213,1.1213,1.1213,1.1213,4033,2021-08-03 19:52:00,POAI
1.125,1.125,1.125,1.125,700,2021-08-03 19:53:00,POAI
1.125,1.125,1.125,1.125,2450,2021-08-03 19:54:00,POAI
1.125,1.125,1.125,1.125,200,2021-08-03 19:55:00,POAI
1.125,1.125,1.125,1.125,200,2021-08-03 19:56:00,POAI
1.125,1.1299,1.125,1.125,500,2021-08-03 19:57:00,POAI
1.125,1.125,1.1221,1.125,500,2021-08-03 19:58:00,POAI
1.125,1.1283,1.12,1.12,6329,2021-08-03 19:59:00,POAI
1.13,1.13,1.13,1.13,10433,2021-08-03 20:00:00,POAI
1.13,1.13,1.13,1.13,1485,2021-08-03 20:01:00,POAI
1.13,1.13,1.13,1.13,450,2021-08-03 20:12:00,POAI
1.13,1.13,1.13,1.13,1419,2021-08-03 20:15:00,POAI
1.13,1.13,1.13,1.13,1985,2021-08-03 20:37:00,POAI
1.13,1.13,1.13,1.13,350,2021-08-03 20:56:00,POAI
1.13,1.13,1.13,1.13,100,2021-08-03 21:11:00,POAI
1.13,1.13,1.13,1.13,200,2021-08-03 21:12:00,POAI
1.13,1.13,1.13,1.13,293,2021-08-03 21:13:00,POAI
1.13,1.13,1.13,1.13,2200,2021-08-03 21:30:00,POAI
1.14,1.14,1.14,1.14,100,2021-08-03 21:34:00,POAI
1.14,1.14,1.14,1.14,100,2021-08-03 23:01:00,POAI
1.13,1.13,1.13,1.13,1000,2021-08-03 23:04:00,POAI
1.13,1.13,1.13,1.13,10000,2021-08-03 23:07:00,POAI
1.13,1.13,1.13,1.13,100,2021-08-04 08:00:00,POAI
1.13,1.13,1.13,1.13,1400,2021-08-04 11:00:00,POAI
1.12,1.12,1.12,1.12,3000,2021-08-04 11:59:00,POAI
1.12,1.12,1.12,1.12,2500,2021-08-04 12:17:00,POAI
1.1201,1.1201,1.12,1.12,5087,2021-08-04 12:40:00,POAI
1.13,1.13,1.13,1.13,100,2021-08-04 12:53:00,POAI
1.12,1.12,1.12,1.12,269,2021-08-04 13:06:00,POAI
1.12,1.12,1.12,1.12,15516,2021-08-04 13:10:00,POAI
1.12,1.12,1.12,1.12,1000,2021-08-04 13:16:00,POAI
1.12,1.12,1.12,1.12,100,2021-08-04 13:24:00,POAI
1.1218,1.1218,1.12,1.12,6521,2021-08-04 13:30:00,POAI
1.125,1.1292,1.12,1.12,18143,2021-08-04 13:31:00,POAI
1.125,1.125,1.12,1.12,3081,2021-08-04 13:32:00,POAI
1.125,1.125,1.1201,1.1201,2132,2021-08-04 13:33:00,POAI
1.1201,1.1201,1.11,1.11,21340,2021-08-04 13:34:00,POAI
1.1173,1.12,1.1101,1.1172,12598,2021-08-04 13:35:00,POAI
1.121,1.125,1.121,1.125,4072,2021-08-04 13:36:00,POAI
1.1203,1.1255,1.1203,1.1255,1400,2021-08-04 13:37:00,POAI
1.1264,1.1264,1.1264,1.1264,1328,2021-08-04 13:38:00,POAI
1.1263,1.1263,1.1263,1.1263,1000,2021-08-04 13:39:00,POAI
1.1201,1.13,1.1201,1.13,6980,2021-08-04 13:40:00,POAI
1.1211,1.1211,1.12,1.12,1337,2021-08-04 13:43:00,POAI
1.1249,1.1249,1.12,1.12,400,2021-08-04 13:44:00,POAI
1.125,1.125,1.125,1.125,500,2021-08-04 13:46:00,POAI
1.13,1.13,1.125,1.125,1948,2021-08-04 13:47:00,POAI
1.12,1.12,1.12,1.12,2000,2021-08-04 13:50:00,POAI
1.1276,1.1276,1.11,1.115,12602,2021-08-04 13:51:00,POAI
1.1149,1.1149,1.11,1.11,319,2021-08-04 13:52:00,POAI
1.1199,1.1199,1.115,1.1181,1500,2021-08-04 13:53:00,POAI
1.11,1.115,1.11,1.115,200,2021-08-04 13:55:00,POAI
1.11,1.115,1.11,1.11,1272,2021-08-04 13:56:00,POAI
1.11,1.11,1.1,1.1,47674,2021-08-04 13:57:00,POAI
1.1,1.1087,1.1,1.1,6200,2021-08-04 13:58:00,POAI
1.1,1.11,1.1,1.1099,2631,2021-08-04 13:59:00,POAI
1.11,1.11,1.1,1.1,14263,2021-08-04 14:00:00,POAI
1.105,1.11,1.1,1.11,2870,2021-08-04 14:01:00,POAI
1.1,1.105,1.1,1.105,6600,2021-08-04 14:02:00,POAI
1.1,1.105,1.1,1.1,1900,2021-08-04 14:03:00,POAI
1.105,1.1098,1.1,1.105,20800,2021-08-04 14:04:00,POAI
1.1,1.105,1.1,1.1,1800,2021-08-04 14:05:00,POAI
1.1,1.11,1.1,1.1099,9363,2021-08-04 14:06:00,POAI
1.1,1.1,1.1,1.1,1019,2021-08-04 14:07:00,POAI
1.1,1.11,1.1,1.11,2000,2021-08-04 14:08:00,POAI
1.1,1.11,1.1,1.1,2400,2021-08-04 14:09:00,POAI
1.1,1.11,1.1,1.1,5419,2021-08-04 14:10:00,POAI
1.1,1.11,1.1,1.1,4158,2021-08-04 14:11:00,POAI
1.1,1.105,1.1,1.1,7400,2021-08-04 14:12:00,POAI
1.11,1.11,1.1,1.1,800,2021-08-04 14:13:00,POAI
1.1008,1.11,1.1,1.1,12181,2021-08-04 14:14:00,POAI
1.1,1.1099,1.1,1.1,3131,2021-08-04 14:15:00,POAI
1.1,1.1,1.1,1.1,500,2021-08-04 14:16:00,POAI
1.1,1.1095,1.1,1.105,4706,2021-08-04 14:17:00,POAI
1.105,1.1099,1.1,1.1,11120,2021-08-04 14:18:00,POAI
1.105,1.1191,1.105,1.11,20404,2021-08-04 14:19:00,POAI
1.115,1.12,1.11,1.12,600,2021-08-04 14:20:00,POAI
1.1141,1.1141,1.1141,1.1141,1000,2021-08-04 14:21:00,POAI
1.1122,1.1122,1.11,1.11,2000,2021-08-04 14:22:00,POAI
1.1194,1.1194,1.1101,1.115,3500,2021-08-04 14:23:00,POAI
1.12,1.12,1.11,1.11,1700,2021-08-04 14:24:00,POAI
1.11,1.11,1.11,1.11,100,2021-08-04 14:27:00,POAI
1.11,1.12,1.11,1.11,9507,2021-08-04 14:28:00,POAI
1.11,1.115,1.11,1.11,1000,2021-08-04 14:29:00,POAI
1.1183,1.1183,1.11,1.11,5000,2021-08-04 14:30:00,POAI
1.11,1.12,1.11,1.11,5760,2021-08-04 14:31:00,POAI
1.11,1.11,1.11,1.11,1690,2021-08-04 14:32:00,POAI
1.11,1.12,1.11,1.11,5580,2021-08-04 14:33:00,POAI
1.11,1.11,1.11,1.11,1200,2021-08-04 14:34:00,POAI
1.11,1.11,1.11,1.11,300,2021-08-04 14:35:00,POAI
1.11,1.11,1.11,1.11,500,2021-08-04 14:36:00,POAI
1.11,1.11,1.11,1.11,1300,2021-08-04 14:37:00,POAI
1.11,1.11,1.11,1.11,1022,2021-08-04 14:38:00,POAI
1.11,1.115,1.11,1.11,700,2021-08-04 14:39:00,POAI
1.1115,1.1115,1.11,1.11,900,2021-08-04 14:40:00,POAI
1.11,1.11,1.11,1.11,1100,2021-08-04 14:41:00,POAI
1.11,1.12,1.11,1.12,400,2021-08-04 14:42:00,POAI
1.11,1.115,1.1,1.1,71698,2021-08-04 14:43:00,POAI
1.105,1.1099,1.1,1.1,600,2021-08-04 14:44:00,POAI
1.1048,1.1071,1.1,1.1071,2670,2021-08-04 14:45:00,POAI
1.1087,1.11,1.1,1.1,5571,2021-08-04 14:46:00,POAI
1.1,1.1,1.1,1.1,100,2021-08-04 14:47:00,POAI
1.1001,1.1001,1.1,1.1,200,2021-08-04 14:48:00,POAI
1.1,1.1,1.1,1.1,1376,2021-08-04 14:49:00,POAI
1.1,1.1072,1.1,1.1,1081,2021-08-04 14:50:00,POAI
1.1,1.1079,1.1,1.1,1370,2021-08-04 14:51:00,POAI
1.1,1.1051,1.1,1.1,2100,2021-08-04 14:52:00,POAI
1.1,1.11,1.1,1.1,1600,2021-08-04 14:53:00,POAI
1.1,1.1089,1.1,1.1,4800,2021-08-04 14:54:00,POAI
1.1,1.1,1.1,1.1,300,2021-08-04 14:55:00,POAI
1.1,1.11,1.1,1.1,6041,2021-08-04 14:56:00,POAI
1.1,1.1,1.1,1.1,400,2021-08-04 14:57:00,POAI
1.1,1.1071,1.1,1.1071,500,2021-08-04 14:58:00,POAI
1.1,1.1093,1.1,1.1,21300,2021-08-04 14:59:00,POAI
1.1,1.1,1.1,1.1,1950,2021-08-04 15:00:00,POAI
1.1,1.105,1.1,1.1,900,2021-08-04 15:01:00,POAI
1.1027,1.1027,1.1,1.1,200,2021-08-04 15:02:00,POAI
1.1,1.105,1.1,1.1,1658,2021-08-04 15:03:00,POAI
1.1,1.1,1.1,1.1,100,2021-08-04 15:04:00,POAI
1.1,1.1,1.1,1.1,5500,2021-08-04 15:05:00,POAI
1.1,1.1,1.1,1.1,300,2021-08-04 15:06:00,POAI
1.1,1.1001,1.1,1.1,11095,2021-08-04 15:07:00,POAI
1.1,1.1052,1.1,1.1052,1000,2021-08-04 15:08:00,POAI
1.1,1.1016,1.1,1.1,2800,2021-08-04 15:09:00,POAI
1.1017,1.1017,1.1,1.1,2500,2021-08-04 15:10:00,POAI
1.1,1.11,1.1,1.1,4900,2021-08-04 15:11:00,POAI
1.1,1.11,1.1,1.1,807,2021-08-04 15:12:00,POAI
1.1,1.1072,1.1,1.1,600,2021-08-04 15:13:00,POAI
1.1,1.1,1.1,1.1,200,2021-08-04 15:14:00,POAI
1.1,1.11,1.1,1.11,300,2021-08-04 15:15:00,POAI
1.1,1.1099,1.1,1.1099,1240,2021-08-04 15:16:00,POAI
1.1,1.1,1.1,1.1,200,2021-08-04 15:17:00,POAI
1.105,1.105,1.1,1.105,1500,2021-08-04 15:18:00,POAI
1.1,1.1093,1.1,1.1,1300,2021-08-04 15:19:00,POAI
1.1,1.1,1.1,1.1,200,2021-08-04 15:20:00,POAI
1.1,1.1,1.1,1.1,200,2021-08-04 15:21:00,POAI
1.1,1.1,1.1,1.1,950,2021-08-04 15:22:00,POAI
1.11,1.11,1.1,1.1022,8903,2021-08-04 15:23:00,POAI
1.1021,1.1021,1.1,1.1,700,2021-08-04 15:24:00,POAI
1.1,1.1,1.1,1.1,900,2021-08-04 15:25:00,POAI
1.1,1.1,1.1,1.1,100,2021-08-04 15:26:00,POAI
1.1,1.1,1.1,1.1,100,2021-08-04 15:27:00,POAI
1.1,1.1,1.1,1.1,100,2021-08-04 15:29:00,POAI
1.1,1.11,1.1,1.11,1100,2021-08-04 15:30:00,POAI
1.1,1.105,1.1,1.105,400,2021-08-04 15:31:00,POAI
1.1,1.1,1.1,1.1,500,2021-08-04 15:32:00,POAI
1.1,1.1,1.1,1.1,100,2021-08-04 15:33:00,POAI
1.1027,1.1027,1.1027,1.1027,143,2021-08-04 15:34:00,POAI
1.1,1.1,1.1,1.1,100,2021-08-04 15:35:00,POAI
1.102,1.108,1.102,1.108,2778,2021-08-04 15:36:00,POAI
1.105,1.105,1.105,1.105,100,2021-08-04 15:37:00,POAI
1.1,1.105,1.1,1.1,300,2021-08-04 15:40:00,POAI
1.1,1.1038,1.1,1.1,1434,2021-08-04 15:42:00,POAI
1.1006,1.1006,1.1006,1.1006,200,2021-08-04 15:43:00,POAI
1.1001,1.1001,1.1001,1.1001,400,2021-08-04 15:44:00,POAI
1.1016,1.1016,1.1,1.1,3106,2021-08-04 15:45:00,POAI
1.1,1.105,1.1,1.1,1552,2021-08-04 15:46:00,POAI
1.1,1.1099,1.1,1.1099,18922,2021-08-04 15:47:00,POAI
1.105,1.105,1.1,1.1,300,2021-08-04 15:48:00,POAI
1.1001,1.11,1.1,1.11,7538,2021-08-04 15:50:00,POAI
1.105,1.105,1.1,1.1,2290,2021-08-04 15:53:00,POAI
1.1,1.1018,1.1,1.1018,1300,2021-08-04 15:55:00,POAI
1.1,1.1,1.1,1.1,100,2021-08-04 15:57:00,POAI
1.1,1.1,1.1,1.1,200,2021-08-04 15:58:00,POAI
1.1099,1.1099,1.1099,1.1099,5000,2021-08-04 15:59:00,POAI
1.1,1.1,1.1,1.1,100,2021-08-04 16:00:00,POAI
1.1075,1.1075,1.1,1.105,762,2021-08-04 16:01:00,POAI
1.1021,1.105,1.1,1.105,700,2021-08-04 16:02:00,POAI
1.1019,1.11,1.1,1.1,14205,2021-08-04 16:03:00,POAI
1.1,1.1,1.1,1.1,100,2021-08-04 16:04:00,POAI
1.1,1.1,1.1,1.1,100,2021-08-04 16:05:00,POAI
1.1078,1.1078,1.1,1.1,1030,2021-08-04 16:06:00,POAI
1.1,1.1051,1.1,1.105,1105,2021-08-04 16:07:00,POAI
1.105,1.105,1.1,1.105,300,2021-08-04 16:08:00,POAI
1.1,1.105,1.1,1.1,704,2021-08-04 16:10:00,POAI
1.105,1.105,1.1,1.1,868,2021-08-04 16:11:00,POAI
1.1,1.11,1.1,1.1,309,2021-08-04 16:12:00,POAI
1.1,1.105,1.1,1.105,790,2021-08-04 16:13:00,POAI
1.1,1.1,1.1,1.1,200,2021-08-04 16:14:00,POAI
1.1,1.105,1.1,1.105,200,2021-08-04 16:15:00,POAI
1.1,1.1,1.1,1.1,200,2021-08-04 16:16:00,POAI
1.1,1.1,1.1,1.1,100,2021-08-04 16:18:00,POAI
1.1,1.1,1.1,1.1,100,2021-08-04 16:19:00,POAI
1.1,1.1099,1.1,1.1099,1313,2021-08-04 16:20:00,POAI
1.1,1.1,1.1,1.1,2100,2021-08-04 16:21:00,POAI
1.1,1.1,1.1,1.1,100,2021-08-04 16:22:00,POAI
1.1053,1.1053,1.1,1.1,500,2021-08-04 16:23:00,POAI
1.1,1.1,1.1,1.1,350,2021-08-04 16:24:00,POAI
1.11,1.11,1.1,1.1,2100,2021-08-04 16:25:00,POAI
1.109,1.1099,1.1,1.1099,8322,2021-08-04 16:26:00,POAI
1.1001,1.105,1.1,1.105,8615,2021-08-04 16:27:00,POAI
1.1,1.105,1.1,1.105,1545,2021-08-04 16:28:00,POAI
1.105,1.105,1.1,1.1,700,2021-08-04 16:29:00,POAI
1.1055,1.1055,1.1,1.1,200,2021-08-04 16:30:00,POAI
1.1,1.1,1.1,1.1,100,2021-08-04 16:31:00,POAI
1.1073,1.1073,1.1,1.1,333,2021-08-04 16:32:00,POAI
1.1,1.105,1.1,1.105,900,2021-08-04 16:33:00,POAI
1.1,1.1099,1.1,1.1,992,2021-08-04 16:34:00,POAI
1.1,1.1,1.1,1.1,300,2021-08-04 16:35:00,POAI
1.1,1.1,1.1,1.1,300,2021-08-04 16:36:00,POAI
1.1,1.1,1.1,1.1,1510,2021-08-04 16:37:00,POAI
1.1,1.1,1.1,1.1,200,2021-08-04 16:38:00,POAI
1.1,1.1,1.1,1.1,100,2021-08-04 16:39:00,POAI
1.1,1.11,1.1,1.105,21988,2021-08-04 16:40:00,POAI
1.1,1.1088,1.1,1.1,5200,2021-08-04 16:41:00,POAI
1.1,1.105,1.1,1.105,2100,2021-08-04 16:42:00,POAI
1.1,1.1099,1.1,1.1099,363,2021-08-04 16:43:00,POAI
1.105,1.105,1.1,1.1,200,2021-08-04 16:44:00,POAI
1.105,1.105,1.1,1.1,5780,2021-08-04 16:45:00,POAI
1.1,1.1001,1.1,1.1,31279,2021-08-04 16:46:00,POAI
1.1005,1.1006,1.1,1.1,116600,2021-08-04 16:47:00,POAI
1.1,1.1,1.1,1.1,400,2021-08-04 16:48:00,POAI
1.1,1.1099,1.1,1.1,1500,2021-08-04 16:49:00,POAI
1.1,1.1001,1.1,1.1,931,2021-08-04 16:50:00,POAI
1.1,1.11,1.1,1.1,1400,2021-08-04 16:51:00,POAI
1.1,1.105,1.1,1.1,2302,2021-08-04 16:52:00,POAI
1.1,1.11,1.1,1.1,4530,2021-08-04 16:53:00,POAI
1.1,1.1,1.1,1.1,5382,2021-08-04 16:54:00,POAI
1.1,1.105,1.1,1.1,2636,2021-08-04 16:55:00,POAI
1.1,1.1,1.1,1.1,2530,2021-08-04 16:56:00,POAI
1.1,1.105,1.1,1.1,2400,2021-08-04 16:57:00,POAI
1.1,1.1027,1.1,1.1,1790,2021-08-04 16:58:00,POAI
1.1009,1.1009,1.1,1.1,9254,2021-08-04 16:59:00,POAI
1.1,1.1,1.1,1.1,1300,2021-08-04 17:00:00,POAI
1.1,1.1,1.1,1.1,1391,2021-08-04 17:01:00,POAI
1.1,1.1046,1.1,1.1,2937,2021-08-04 17:02:00,POAI
1.1,1.105,1.1,1.105,1100,2021-08-04 17:03:00,POAI
1.1,1.105,1.1,1.1006,1100,2021-08-04 17:04:00,POAI
1.1,1.105,1.1,1.1,10300,2021-08-04 17:05:00,POAI
1.1,1.11,1.1,1.11,1200,2021-08-04 17:06:00,POAI
1.1,1.105,1.1,1.1,2355,2021-08-04 17:07:00,POAI
1.1,1.105,1.1,1.1006,7083,2021-08-04 17:08:00,POAI
1.1027,1.1027,1.1,1.1,312,2021-08-04 17:09:00,POAI
1.1,1.105,1.09,1.09,140556,2021-08-04 17:10:00,POAI
1.09,1.0999,1.09,1.09,1500,2021-08-04 17:11:00,POAI
1.09,1.09,1.09,1.09,100,2021-08-04 17:12:00,POAI
1.09,1.09,1.09,1.09,200,2021-08-04 17:13:00,POAI
1.09,1.09,1.09,1.09,200,2021-08-04 17:14:00,POAI
1.09,1.09,1.09,1.09,500,2021-08-04 17:15:00,POAI
1.09,1.09,1.09,1.09,1000,2021-08-04 17:16:00,POAI
1.09,1.09,1.09,1.09,890,2021-08-04 17:17:00,POAI
1.09,1.0974,1.09,1.09,1388,2021-08-04 17:18:00,POAI
1.09,1.0999,1.09,1.09,800,2021-08-04 17:19:00,POAI
1.0981,1.0981,1.09,1.09,2500,2021-08-04 17:20:00,POAI
1.1,1.1,1.09,1.09,900,2021-08-04 17:21:00,POAI
1.0988,1.0988,1.05,1.06,181570,2021-08-04 17:22:00,POAI
1.06,1.088,1.06,1.0876,33810,2021-08-04 17:23:00,POAI
1.085,1.089,1.0801,1.0801,10270,2021-08-04 17:24:00,POAI
1.0801,1.09,1.08,1.085,16182,2021-08-04 17:25:00,POAI
1.0808,1.0891,1.08,1.08,36663,2021-08-04 17:26:00,POAI
1.0877,1.0877,1.075,1.075,15949,2021-08-04 17:27:00,POAI
1.0799,1.0799,1.0701,1.0701,1245,2021-08-04 17:28:00,POAI
1.07,1.08,1.07,1.07,25775,2021-08-04 17:29:00,POAI
1.0772,1.08,1.07,1.0782,2022,2021-08-04 17:30:00,POAI
1.0782,1.0793,1.0782,1.0793,1200,2021-08-04 17:31:00,POAI
1.08,1.085,1.075,1.08,21413,2021-08-04 17:32:00,POAI
1.0899,1.0899,1.075,1.08,31549,2021-08-04 17:33:00,POAI
1.0817,1.085,1.08,1.08,5168,2021-08-04 17:34:00,POAI
1.0893,1.0893,1.08,1.08,1125,2021-08-04 17:35:00,POAI
1.085,1.09,1.08,1.08,4729,2021-08-04 17:36:00,POAI
1.0875,1.0875,1.0875,1.0875,369,2021-08-04 17:37:00,POAI
1.085,1.09,1.08,1.08,16300,2021-08-04 17:39:00,POAI
1.0876,1.0876,1.085,1.085,860,2021-08-04 17:40:00,POAI
1.09,1.09,1.09,1.09,1450,2021-08-04 17:42:00,POAI
1.085,1.085,1.085,1.085,500,2021-08-04 17:43:00,POAI
1.085,1.085,1.085,1.085,400,2021-08-04 17:44:00,POAI
1.08,1.09,1.08,1.08,26304,2021-08-04 17:45:00,POAI
1.08,1.09,1.08,1.085,1300,2021-08-04 17:46:00,POAI
1.08,1.08,1.08,1.08,200,2021-08-04 17:47:00,POAI
1.08,1.09,1.08,1.08,2043,2021-08-04 17:48:00,POAI
1.08,1.08,1.08,1.08,200,2021-08-04 17:49:00,POAI
1.09,1.09,1.08,1.0896,450,2021-08-04 17:50:00,POAI
1.08,1.0858,1.08,1.0858,925,2021-08-04 17:51:00,POAI
1.08,1.09,1.08,1.08,2500,2021-08-04 17:52:00,POAI
1.0871,1.09,1.08,1.08,675,2021-08-04 17:53:00,POAI
1.0865,1.09,1.08,1.09,6214,2021-08-04 17:54:00,POAI
1.09,1.09,1.08,1.08,300,2021-08-04 17:56:00,POAI
1.08,1.085,1.08,1.085,775,2021-08-04 17:58:00,POAI
1.09,1.09,1.09,1.09,100,2021-08-04 17:59:00,POAI
1.0899,1.0899,1.0899,1.0899,250,2021-08-04 18:00:00,POAI
1.085,1.09,1.085,1.09,290,2021-08-04 18:06:00,POAI
1.09,1.09,1.09,1.09,516,2021-08-04 18:07:00,POAI
1.0899,1.09,1.0899,1.09,6795,2021-08-04 18:08:00,POAI
1.09,1.09,1.083,1.09,4200,2021-08-04 18:09:00,POAI
1.09,1.09,1.09,1.09,100,2021-08-04 18:10:00,POAI
1.0885,1.0885,1.0885,1.0885,250,2021-08-04 18:11:00,POAI
1.0858,1.09,1.0858,1.09,350,2021-08-04 18:12:00,POAI
1.09,1.09,1.08,1.09,650,2021-08-04 18:13:00,POAI
1.09,1.09,1.09,1.09,1879,2021-08-04 18:14:00,POAI
1.0943,1.1,1.0925,1.0984,7900,2021-08-04 18:15:00,POAI
1.0931,1.0931,1.0931,1.0931,100,2021-08-04 18:17:00,POAI
1.095,1.095,1.095,1.095,500,2021-08-04 18:18:00,POAI
1.0999,1.0999,1.0999,1.0999,300,2021-08-04 18:20:00,POAI
1.0981,1.1,1.095,1.095,1200,2021-08-04 18:21:00,POAI
1.0981,1.0981,1.0981,1.0981,456,2021-08-04 18:23:00,POAI
1.095,1.095,1.09,1.095,3600,2021-08-04 18:24:00,POAI
1.0902,1.0902,1.0902,1.0902,138,2021-08-04 18:28:00,POAI
1.1,1.1,1.1,1.1,300,2021-08-04 18:29:00,POAI
1.095,1.095,1.095,1.095,100,2021-08-04 18:30:00,POAI
1.0915,1.095,1.09,1.095,3082,2021-08-04 18:32:00,POAI
1.09,1.0983,1.09,1.095,2200,2021-08-04 18:36:00,POAI
1.0917,1.0917,1.0917,1.0917,1200,2021-08-04 18:37:00,POAI
1.09,1.09,1.09,1.09,365,2021-08-04 18:38:00,POAI
1.097,1.097,1.085,1.085,21140,2021-08-04 18:39:00,POAI
1.09,1.09,1.085,1.085,400,2021-08-04 18:40:00,POAI
1.0881,1.0881,1.085,1.0868,5400,2021-08-04 18:41:00,POAI
1.089,1.089,1.08,1.08,1200,2021-08-04 18:43:00,POAI
1.09,1.09,1.09,1.09,100,2021-08-04 18:44:00,POAI
1.09,1.09,1.09,1.09,1021,2021-08-04 18:45:00,POAI
1.0899,1.0899,1.0899,1.0899,605,2021-08-04 18:47:00,POAI
1.09,1.09,1.0899,1.0899,786,2021-08-04 18:49:00,POAI
1.085,1.0879,1.085,1.0879,200,2021-08-04 18:50:00,POAI
1.09,1.09,1.0855,1.0855,700,2021-08-04 18:55:00,POAI
1.0899,1.0899,1.0899,1.0899,1000,2021-08-04 19:00:00,POAI
1.09,1.09,1.09,1.09,100,2021-08-04 19:02:00,POAI
1.08,1.085,1.08,1.085,38815,2021-08-04 19:07:00,POAI
1.09,1.09,1.09,1.09,579,2021-08-04 19:08:00,POAI
1.085,1.09,1.085,1.09,8967,2021-08-04 19:09:00,POAI
1.081,1.081,1.081,1.081,9000,2021-08-04 19:11:00,POAI
1.083,1.09,1.083,1.09,2207,2021-08-04 19:12:00,POAI
1.09,1.09,1.0888,1.0888,1922,2021-08-04 19:14:00,POAI
1.08,1.085,1.08,1.085,500,2021-08-04 19:16:00,POAI
1.085,1.085,1.085,1.085,100,2021-08-04 19:19:00,POAI
1.085,1.085,1.085,1.085,2000,2021-08-04 19:20:00,POAI
1.085,1.085,1.085,1.085,2150,2021-08-04 19:24:00,POAI
1.0892,1.0899,1.08,1.0899,5846,2021-08-04 19:25:00,POAI
1.0821,1.0821,1.0821,1.0821,100,2021-08-04 19:26:00,POAI
1.09,1.09,1.09,1.09,925,2021-08-04 19:28:00,POAI
1.0885,1.0885,1.0885,1.0885,918,2021-08-04 19:29:00,POAI
1.085,1.085,1.0825,1.0825,1600,2021-08-04 19:30:00,POAI
1.09,1.09,1.09,1.09,337,2021-08-04 19:31:00,POAI
1.0861,1.0861,1.0861,1.0861,2000,2021-08-04 19:32:00,POAI
1.085,1.085,1.0801,1.0801,2100,2021-08-04 19:33:00,POAI
1.085,1.085,1.085,1.085,500,2021-08-04 19:34:00,POAI
1.0899,1.0899,1.0899,1.0899,505,2021-08-04 19:35:00,POAI
1.0883,1.0883,1.0882,1.0882,1149,2021-08-04 19:36:00,POAI
1.085,1.085,1.085,1.085,146,2021-08-04 19:39:00,POAI
1.0899,1.0899,1.0899,1.0899,100,2021-08-04 19:41:00,POAI
1.09,1.09,1.09,1.09,462,2021-08-04 19:42:00,POAI
1.085,1.085,1.085,1.085,340,2021-08-04 19:43:00,POAI
1.085,1.0899,1.085,1.0899,2555,2021-08-04 19:44:00,POAI
1.09,1.09,1.09,1.09,2397,2021-08-04 19:45:00,POAI
1.0899,1.0899,1.0899,1.0899,2000,2021-08-04 19:48:00,POAI
1.09,1.09,1.085,1.085,1540,2021-08-04 19:49:00,POAI
1.09,1.09,1.08,1.08,4735,2021-08-04 19:50:00,POAI
1.0843,1.09,1.0843,1.085,5600,2021-08-04 19:51:00,POAI
1.0801,1.085,1.0801,1.085,200,2021-08-04 19:53:00,POAI
1.0895,1.09,1.0801,1.0801,1432,2021-08-04 19:54:00,POAI
1.085,1.085,1.085,1.085,5050,2021-08-04 19:56:00,POAI
1.085,1.085,1.0817,1.0817,1300,2021-08-04 19:57:00,POAI
1.0811,1.09,1.0811,1.085,21235,2021-08-04 19:58:00,POAI
1.085,1.085,1.08,1.08,7657,2021-08-04 19:59:00,POAI
1.09,1.09,1.09,1.09,4365,2021-08-04 20:00:00,POAI
1.08,1.08,1.08,1.08,2418,2021-08-04 20:02:00,POAI
1.1,1.1,1.1,1.1,200,2021-08-04 20:21:00,POAI
1.0809,1.0809,1.08,1.08,216,2021-08-04 20:40:00,POAI
1.1,1.1,1.1,1.1,200,2021-08-04 21:13:00,POAI
1.11,1.11,1.11,1.11,2395,2021-08-04 21:21:00,POAI
1.09,1.1,1.09,1.1,4800,2021-08-04 21:35:00,POAI
1.09,1.09,1.09,1.09,103,2021-08-04 21:54:00,POAI
1.09,1.09,1.08,1.08,653,2021-08-04 21:57:00,POAI
1.08,1.08,1.08,1.08,301,2021-08-04 21:58:00,POAI
1.08,1.08,1.08,1.08,10000,2021-08-04 22:24:00,POAI
1.1,1.1,1.1,1.1,100,2021-08-04 22:34:00,POAI
1.1,1.1,1.1,1.1,1000,2021-08-04 23:37:00,POAI
1.09,1.09,1.09,1.09,1450,2021-08-04 23:51:00,POAI
1.11,1.11,1.11,1.11,100,2021-08-05 09:54:00,POAI
1.12,1.13,1.09,1.09,2023,2021-08-05 10:01:00,POAI
1.09,1.09,1.09,1.09,1029,2021-08-05 10:18:00,POAI
1.09,1.09,1.09,1.09,100,2021-08-05 11:12:00,POAI
1.12,1.12,1.12,1.12,200,2021-08-05 12:16:00,POAI
1.11,1.11,1.11,1.11,468,2021-08-05 12:46:00,POAI
1.11,1.11,1.11,1.11,369,2021-08-05 12:58:00,POAI
1.11,1.11,1.11,1.11,200,2021-08-05 13:00:00,POAI
1.11,1.11,1.11,1.11,100,2021-08-05 13:02:00,POAI
1.1001,1.1001,1.1,1.1,1990,2021-08-05 13:15:00,POAI
1.1,1.1,1.1,1.1,2000,2021-08-05 13:17:00,POAI
1.09,1.095,1.09,1.095,8526,2021-08-05 13:30:00,POAI
1.095,1.095,1.095,1.095,265,2021-08-05 13:31:00,POAI
1.0901,1.0901,1.09,1.0901,16446,2021-08-05 13:32:00,POAI
1.0999,1.0999,1.0999,1.0999,5000,2021-08-05 13:33:00,POAI
1.1,1.1,1.09,1.09,914,2021-08-05 13:34:00,POAI
1.095,1.095,1.095,1.095,100,2021-08-05 13:37:00,POAI
1.1,1.1,1.1,1.1,500,2021-08-05 13:38:00,POAI
1.095,1.0994,1.095,1.0994,300,2021-08-05 13:39:00,POAI
1.095,1.095,1.095,1.095,100,2021-08-05 13:40:00,POAI
1.092,1.095,1.092,1.095,6000,2021-08-05 13:42:00,POAI
1.092,1.092,1.092,1.092,7000,2021-08-05 13:44:00,POAI
1.09,1.0912,1.09,1.0912,978,2021-08-05 13:46:00,POAI
1.0928,1.0928,1.0928,1.0928,3000,2021-08-05 13:49:00,POAI
1.1,1.1,1.099,1.1,1148,2021-08-05 13:50:00,POAI
1.1,1.1,1.1,1.1,10835,2021-08-05 13:51:00,POAI
1.0997,1.0997,1.0997,1.0997,272,2021-08-05 13:54:00,POAI
1.0995,1.1,1.095,1.1,1100,2021-08-05 13:55:00,POAI
1.095,1.095,1.095,1.095,294,2021-08-05 13:58:00,POAI
1.0992,1.0999,1.0992,1.0999,2500,2021-08-05 13:59:00,POAI
1.09,1.09,1.09,1.09,4000,2021-08-05 14:02:00,POAI
1.094,1.094,1.094,1.094,800,2021-08-05 14:03:00,POAI
1.1,1.1,1.09,1.09,14433,2021-08-05 14:06:00,POAI
1.091,1.091,1.09,1.0901,1700,2021-08-05 14:07:00,POAI
1.0989,1.0989,1.09,1.09,1937,2021-08-05 14:09:00,POAI
1.095,1.095,1.095,1.095,100,2021-08-05 14:10:00,POAI
1.0901,1.0901,1.0901,1.0901,500,2021-08-05 14:11:00,POAI
1.091,1.095,1.09,1.095,10953,2021-08-05 14:12:00,POAI
1.0945,1.0945,1.0945,1.0945,233,2021-08-05 14:13:00,POAI
1.09,1.09,1.09,1.09,143,2021-08-05 14:14:00,POAI
1.0988,1.0988,1.0988,1.0988,100,2021-08-05 14:16:00,POAI
1.095,1.095,1.095,1.095,250,2021-08-05 14:18:00,POAI
1.0916,1.0916,1.09,1.09,1625,2021-08-05 14:19:00,POAI
1.095,1.095,1.095,1.095,300,2021-08-05 14:23:00,POAI
1.0901,1.095,1.09,1.095,3498,2021-08-05 14:29:00,POAI
1.09,1.0911,1.09,1.09,1997,2021-08-05 14:31:00,POAI
1.09,1.092,1.09,1.092,6699,2021-08-05 14:32:00,POAI
1.0985,1.0985,1.0985,1.0985,194,2021-08-05 14:33:00,POAI
1.0995,1.0995,1.0995,1.0995,8600,2021-08-05 14:34:00,POAI
1.0999,1.0999,1.0999,1.0999,637,2021-08-05 14:40:00,POAI
1.0901,1.0901,1.08,1.085,14594,2021-08-05 14:47:00,POAI
1.09,1.09,1.085,1.085,1000,2021-08-05 14:48:00,POAI
1.0826,1.0826,1.0826,1.0826,277,2021-08-05 14:49:00,POAI
1.08,1.09,1.08,1.09,2484,2021-08-05 14:52:00,POAI
1.085,1.085,1.085,1.085,200,2021-08-05 14:55:00,POAI
1.085,1.09,1.085,1.09,14865,2021-08-05 14:56:00,POAI
1.09,1.09,1.09,1.09,200,2021-08-05 14:57:00,POAI
1.09,1.09,1.085,1.085,1200,2021-08-05 14:58:00,POAI
1.08,1.08,1.08,1.08,600,2021-08-05 14:59:00,POAI
1.08,1.08,1.08,1.08,185,2021-08-05 15:01:00,POAI
1.08,1.08,1.08,1.08,300,2021-08-05 15:02:00,POAI
1.08,1.08,1.08,1.08,346,2021-08-05 15:03:00,POAI
1.0821,1.0821,1.0812,1.0812,4096,2021-08-05 15:04:00,POAI
1.085,1.085,1.085,1.085,185,2021-08-05 15:05:00,POAI
1.09,1.09,1.09,1.09,3300,2021-08-05 15:07:00,POAI
1.09,1.09,1.09,1.09,700,2021-08-05 15:08:00,POAI
1.0908,1.0908,1.0908,1.0908,2000,2021-08-05 15:10:00,POAI
1.09,1.095,1.09,1.092,1000,2021-08-05 15:11:00,POAI
1.0944,1.0944,1.0944,1.0944,250,2021-08-05 15:12:00,POAI
1.0914,1.0914,1.0914,1.0914,500,2021-08-05 15:14:00,POAI
1.09,1.09,1.09,1.09,5000,2021-08-05 15:15:00,POAI
1.091,1.091,1.091,1.091,400,2021-08-05 15:16:00,POAI
1.09,1.0999,1.09,1.0999,400,2021-08-05 15:17:00,POAI
1.1,1.1,1.1,1.1,100,2021-08-05 15:22:00,POAI
1.095,1.095,1.095,1.095,274,2021-08-05 15:25:00,POAI
1.0901,1.0901,1.09,1.09,3300,2021-08-05 15:27:00,POAI
1.095,1.095,1.095,1.095,1000,2021-08-05 15:29:00,POAI
1.09,1.09,1.09,1.09,300,2021-08-05 15:30:00,POAI
1.0994,1.0994,1.0994,1.0994,5750,2021-08-05 15:37:00,POAI
1.095,1.0999,1.095,1.0999,600,2021-08-05 15:40:00,POAI
1.0984,1.0984,1.0984,1.0984,150,2021-08-05 15:45:00,POAI
1.095,1.095,1.095,1.095,110,2021-08-05 15:47:00,POAI
1.095,1.095,1.095,1.095,2000,2021-08-05 15:51:00,POAI
1.094,1.094,1.094,1.094,1000,2021-08-05 15:52:00,POAI
1.0983,1.0983,1.0957,1.0957,1600,2021-08-05 15:56:00,POAI
1.095,1.0985,1.095,1.0985,466,2021-08-05 15:57:00,POAI
1.095,1.0999,1.095,1.0999,2250,2021-08-05 15:58:00,POAI
1.0935,1.0987,1.0935,1.0987,4500,2021-08-05 16:01:00,POAI
1.095,1.095,1.09,1.09,6761,2021-08-05 16:04:00,POAI
1.09,1.09,1.09,1.09,144,2021-08-05 16:05:00,POAI
1.095,1.095,1.095,1.095,5000,2021-08-05 16:08:00,POAI
1.095,1.095,1.095,1.095,100,2021-08-05 16:09:00,POAI
1.1,1.1,1.1,1.1,195,2021-08-05 16:10:00,POAI
1.0994,1.0994,1.0918,1.0918,300,2021-08-05 16:11:00,POAI
1.0966,1.0966,1.0966,1.0966,500,2021-08-05 16:12:00,POAI
1.0935,1.0987,1.0935,1.095,6923,2021-08-05 16:15:00,POAI
1.09,1.09,1.09,1.09,1119,2021-08-05 16:22:00,POAI
1.0901,1.0901,1.0901,1.0901,1750,2021-08-05 16:23:00,POAI
1.1,1.1,1.0907,1.0907,1100,2021-08-05 16:25:00,POAI
1.1,1.1,1.1,1.1,2541,2021-08-05 16:26:00,POAI
1.091,1.091,1.09,1.09,21011,2021-08-05 16:28:00,POAI
1.09,1.09,1.09,1.09,700,2021-08-05 16:29:00,POAI
1.0901,1.0901,1.0901,1.0901,200,2021-08-05 16:30:00,POAI
1.095,1.095,1.095,1.095,500,2021-08-05 16:31:00,POAI
1.09,1.09,1.09,1.09,700,2021-08-05 16:33:00,POAI
1.0918,1.0918,1.0918,1.0918,850,2021-08-05 16:34:00,POAI
1.0999,1.0999,1.0999,1.0999,2000,2021-08-05 16:36:00,POAI
1.09,1.09,1.09,1.09,1967,2021-08-05 16:40:00,POAI
1.095,1.1,1.095,1.1,1766,2021-08-05 16:41:00,POAI
1.095,1.095,1.095,1.095,100,2021-08-05 16:42:00,POAI
1.091,1.091,1.091,1.091,1000,2021-08-05 16:45:00,POAI
1.095,1.095,1.09,1.09,1200,2021-08-05 16:52:00,POAI
1.1,1.1,1.1,1.1,128,2021-08-05 16:54:00,POAI
1.0912,1.0912,1.0912,1.0912,290,2021-08-05 16:56:00,POAI
1.0913,1.1,1.0913,1.1,500,2021-08-05 16:59:00,POAI
1.095,1.095,1.095,1.095,162,2021-08-05 17:00:00,POAI
1.0901,1.0901,1.0901,1.0901,10000,2021-08-05 17:01:00,POAI
1.09,1.09,1.09,1.09,1264,2021-08-05 17:02:00,POAI
1.1,1.1,1.1,1.1,200,2021-08-05 17:03:00,POAI
1.1,1.1,1.1,1.1,574,2021-08-05 17:07:00,POAI
1.092,1.092,1.092,1.092,580,2021-08-05 17:09:00,POAI
1.0906,1.0906,1.0906,1.0906,1600,2021-08-05 17:13:00,POAI
1.0984,1.0984,1.0984,1.0984,500,2021-08-05 17:19:00,POAI
1.09,1.092,1.09,1.092,830,2021-08-05 17:21:00,POAI
1.095,1.095,1.095,1.095,206,2021-08-05 17:23:00,POAI
1.09,1.09,1.09,1.09,100,2021-08-05 17:24:00,POAI
1.09,1.09,1.09,1.09,600,2021-08-05 17:25:00,POAI
1.095,1.1,1.095,1.1,1400,2021-08-05 17:31:00,POAI
1.0999,1.0999,1.0999,1.0999,8000,2021-08-05 17:35:00,POAI
1.0985,1.0985,1.09,1.09,750,2021-08-05 17:45:00,POAI
1.1,1.1,1.1,1.1,1000,2021-08-05 17:49:00,POAI
1.1,1.1,1.1,1.1,1000,2021-08-05 17:50:00,POAI
1.09,1.09,1.09,1.09,146,2021-08-05 17:53:00,POAI
1.0999,1.0999,1.0999,1.0999,1800,2021-08-05 17:56:00,POAI
1.095,1.095,1.095,1.095,1000,2021-08-05 17:57:00,POAI
1.0999,1.0999,1.0999,1.0999,500,2021-08-05 18:01:00,POAI
1.0977,1.0977,1.0977,1.0977,400,2021-08-05 18:03:00,POAI
1.0911,1.0911,1.09,1.0901,2013,2021-08-05 18:04:00,POAI
1.0901,1.0901,1.0901,1.0901,120,2021-08-05 18:06:00,POAI
1.0974,1.0974,1.0974,1.0974,420,2021-08-05 18:08:00,POAI
1.0901,1.0901,1.0901,1.0901,2500,2021-08-05 18:09:00,POAI
1.09,1.1,1.09,1.1,3000,2021-08-05 18:10:00,POAI
1.09,1.0901,1.09,1.0901,4600,2021-08-05 18:11:00,POAI
1.095,1.095,1.095,1.095,100,2021-08-05 18:12:00,POAI
1.095,1.1,1.09,1.09,500,2021-08-05 18:14:00,POAI
1.0901,1.0901,1.0901,1.0901,100,2021-08-05 18:15:00,POAI
1.09,1.09,1.09,1.09,106,2021-08-05 18:16:00,POAI
1.095,1.095,1.095,1.095,910,2021-08-05 18:17:00,POAI
1.0914,1.0914,1.091,1.091,1913,2021-08-05 18:18:00,POAI
1.09,1.09,1.09,1.09,200,2021-08-05 18:20:00,POAI
1.095,1.095,1.09,1.09,872,2021-08-05 18:23:00,POAI
1.0972,1.0972,1.0972,1.0972,300,2021-08-05 18:30:00,POAI
1.09,1.09,1.09,1.09,1000,2021-08-05 18:37:00,POAI
1.0906,1.0977,1.0906,1.0977,2950,2021-08-05 18:38:00,POAI
1.0902,1.0902,1.0902,1.0902,258,2021-08-05 18:43:00,POAI
1.09,1.09,1.09,1.09,1500,2021-08-05 18:44:00,POAI
1.095,1.095,1.095,1.095,760,2021-08-05 18:45:00,POAI
1.0975,1.0975,1.0975,1.0975,789,2021-08-05 18:47:00,POAI
1.1,1.1,1.1,1.1,477,2021-08-05 18:49:00,POAI
1.095,1.095,1.095,1.095,560,2021-08-05 18:51:00,POAI
1.0977,1.0977,1.0911,1.0911,650,2021-08-05 18:54:00,POAI
1.0918,1.0918,1.0918,1.0918,100,2021-08-05 18:56:00,POAI
1.0999,1.0999,1.0999,1.0999,100,2021-08-05 19:04:00,POAI
1.095,1.1,1.09,1.0901,20773,2021-08-05 19:06:00,POAI
1.095,1.095,1.095,1.095,600,2021-08-05 19:07:00,POAI
1.095,1.095,1.095,1.095,500,2021-08-05 19:09:00,POAI
1.095,1.1,1.095,1.095,4700,2021-08-05 19:15:00,POAI
1.1,1.1,1.1,1.1,2284,2021-08-05 19:23:00,POAI
1.0999,1.0999,1.0999,1.0999,145,2021-08-05 19:24:00,POAI
1.095,1.095,1.09,1.09,4616,2021-08-05 19:25:00,POAI
1.095,1.1,1.09,1.1,5566,2021-08-05 19:32:00,POAI
1.09,1.09,1.09,1.09,913,2021-08-05 19:33:00,POAI
1.0989,1.0989,1.0915,1.095,2002,2021-08-05 19:34:00,POAI
1.1,1.1,1.0901,1.0901,2049,2021-08-05 19:36:00,POAI
1.1,1.1,1.1,1.1,250,2021-08-05 19:43:00,POAI
1.095,1.0967,1.09,1.09,13514,2021-08-05 19:44:00,POAI
1.0976,1.0976,1.0913,1.0915,2264,2021-08-05 19:45:00,POAI
1.095,1.095,1.095,1.095,100,2021-08-05 19:49:00,POAI
1.09,1.095,1.09,1.095,2000,2021-08-05 19:50:00,POAI
1.09,1.09,1.09,1.09,200,2021-08-05 19:55:00,POAI
1.1,1.1,1.1,1.1,2600,2021-08-05 19:58:00,POAI
1.09,1.095,1.09,1.095,600,2021-08-05 19:59:00,POAI
1.1,1.1,1.1,1.1,707,2021-08-05 20:00:00,POAI
1.09,1.09,1.09,1.09,975,2021-08-05 20:12:00,POAI
1.1,1.1,1.1,1.1,170,2021-08-05 20:14:00,POAI
1.1,1.1,1.1,1.1,100,2021-08-05 20:31:00,POAI
1.1,1.1,1.1,1.1,100,2021-08-05 20:32:00,POAI
1.1,1.1,1.1,1.1,10000,2021-08-05 20:37:00,POAI
1.11,1.11,1.11,1.11,2000,2021-08-05 20:51:00,POAI
1.1,1.1,1.1,1.1,135,2021-08-05 21:08:00,POAI
1.11,1.11,1.11,1.11,500,2021-08-05 21:09:00,POAI
1.1,1.1,1.1,1.1,1000,2021-08-05 21:14:00,POAI
1.1,1.1,1.1,1.1,1875,2021-08-05 21:23:00,POAI
1.1,1.1,1.1,1.1,365,2021-08-05 21:33:00,POAI
1.1,1.1,1.1,1.1,1000,2021-08-05 21:40:00,POAI
1.1,1.1,1.1,1.1,100,2021-08-05 21:43:00,POAI
1.09,1.09,1.09,1.09,250,2021-08-05 22:01:00,POAI
1.09,1.09,1.09,1.09,2445,2021-08-05 22:29:00,POAI
1.11,1.11,1.11,1.11,2499,2021-08-05 22:51:00,POAI
1.11,1.11,1.09,1.09,698,2021-08-06 08:00:00,POAI
1.08,1.08,1.08,1.08,1600,2021-08-06 08:29:00,POAI
1.08,1.08,1.08,1.08,262,2021-08-06 09:12:00,POAI
1.08,1.08,1.08,1.08,338,2021-08-06 10:49:00,POAI
1.08,1.08,1.08,1.08,100,2021-08-06 10:50:00,POAI
1.09,1.09,1.09,1.09,741,2021-08-06 12:13:00,POAI
1.08,1.08,1.08,1.08,3100,2021-08-06 12:20:00,POAI
1.09,1.09,1.09,1.09,2435,2021-08-06 12:23:00,POAI
1.09,1.09,1.09,1.09,550,2021-08-06 12:41:00,POAI
1.08,1.08,1.08,1.08,998,2021-08-06 12:48:00,POAI
1.09,1.09,1.09,1.09,200,2021-08-06 12:51:00,POAI
1.08,1.08,1.08,1.08,200,2021-08-06 12:56:00,POAI
1.09,1.09,1.09,1.09,180,2021-08-06 12:58:00,POAI
1.08,1.08,1.08,1.08,850,2021-08-06 12:59:00,POAI
1.08,1.08,1.08,1.08,1125,2021-08-06 13:01:00,POAI
1.09,1.09,1.09,1.09,125,2021-08-06 13:08:00,POAI
1.09,1.09,1.09,1.09,100,2021-08-06 13:12:00,POAI
1.08,1.08,1.08,1.08,859,2021-08-06 13:14:00,POAI
1.09,1.09,1.09,1.09,239,2021-08-06 13:20:00,POAI
1.09,1.09,1.09,1.09,100,2021-08-06 13:24:00,POAI
1.08,1.08,1.08,1.08,100,2021-08-06 13:28:00,POAI
1.08,1.08,1.08,1.08,3084,2021-08-06 13:29:00,POAI
1.1,1.1,1.095,1.095,7151,2021-08-06 13:30:00,POAI
1.095,1.095,1.095,1.095,100,2021-08-06 13:31:00,POAI
1.09,1.09,1.09,1.09,8500,2021-08-06 13:32:00,POAI
1.095,1.0999,1.0918,1.0999,900,2021-08-06 13:33:00,POAI
1.0999,1.0999,1.0986,1.0986,2125,2021-08-06 13:34:00,POAI
1.09,1.09,1.09,1.09,3423,2021-08-06 13:35:00,POAI
1.09,1.09,1.08,1.08,561,2021-08-06 13:36:00,POAI
1.085,1.085,1.085,1.085,100,2021-08-06 13:37:00,POAI
1.0801,1.0801,1.0801,1.0801,150,2021-08-06 13:38:00,POAI
1.0889,1.09,1.0889,1.09,1090,2021-08-06 13:40:00,POAI
1.085,1.085,1.085,1.085,500,2021-08-06 13:41:00,POAI
1.0821,1.0821,1.0821,1.0821,125,2021-08-06 13:43:00,POAI
1.08,1.081,1.08,1.081,2679,2021-08-06 13:44:00,POAI
1.0801,1.0801,1.0801,1.0801,100,2021-08-06 13:48:00,POAI
1.0899,1.0899,1.0899,1.0899,101,2021-08-06 13:49:00,POAI
1.09,1.09,1.09,1.09,184,2021-08-06 13:50:00,POAI
1.0821,1.0821,1.0821,1.0821,2000,2021-08-06 13:54:00,POAI
1.0886,1.09,1.0827,1.0827,8500,2021-08-06 13:56:00,POAI
1.085,1.09,1.085,1.0895,6450,2021-08-06 13:58:00,POAI
1.085,1.0899,1.085,1.0892,730,2021-08-06 14:00:00,POAI
1.085,1.085,1.085,1.085,500,2021-08-06 14:03:00,POAI
1.0899,1.0899,1.0899,1.0899,100,2021-08-06 14:04:00,POAI
1.0892,1.0892,1.0892,1.0892,500,2021-08-06 14:07:00,POAI
1.09,1.09,1.09,1.09,500,2021-08-06 14:08:00,POAI
1.085,1.085,1.085,1.085,551,2021-08-06 14:11:00,POAI
1.09,1.09,1.09,1.09,255,2021-08-06 14:12:00,POAI
1.09,1.09,1.09,1.09,3000,2021-08-06 14:13:00,POAI
1.09,1.09,1.09,1.09,11759,2021-08-06 14:14:00,POAI
1.09,1.09,1.08,1.09,5700,2021-08-06 14:16:00,POAI
1.0901,1.0901,1.09,1.09,1400,2021-08-06 14:18:00,POAI
1.09,1.0901,1.08,1.08,9908,2021-08-06 14:19:00,POAI
1.08,1.09,1.08,1.085,1252,2021-08-06 14:20:00,POAI
1.0809,1.0893,1.08,1.08,3389,2021-08-06 14:22:00,POAI
1.09,1.09,1.09,1.09,230,2021-08-06 14:23:00,POAI
1.08,1.08,1.08,1.08,200,2021-08-06 14:28:00,POAI
1.09,1.09,1.08,1.08,1210,2021-08-06 14:31:00,POAI
1.09,1.09,1.09,1.09,900,2021-08-06 14:36:00,POAI
1.09,1.09,1.09,1.09,10000,2021-08-06 14:37:00,POAI
1.085,1.09,1.08,1.0801,5500,2021-08-06 14:39:00,POAI
1.085,1.085,1.08,1.08,800,2021-08-06 14:40:00,POAI
1.0867,1.0867,1.0867,1.0867,1000,2021-08-06 14:41:00,POAI
1.0892,1.0892,1.0892,1.0892,458,2021-08-06 14:42:00,POAI
1.085,1.085,1.085,1.085,569,2021-08-06 14:43:00,POAI
1.0899,1.0899,1.0899,1.0899,100,2021-08-06 14:44:00,POAI
1.085,1.085,1.085,1.085,4800,2021-08-06 14:46:00,POAI
1.085,1.085,1.08,1.081,8351,2021-08-06 14:47:00,POAI
1.085,1.0896,1.085,1.085,2793,2021-08-06 14:49:00,POAI
1.0801,1.0893,1.0801,1.0893,1900,2021-08-06 14:51:00,POAI
1.0813,1.0813,1.0813,1.0813,300,2021-08-06 14:55:00,POAI
1.09,1.09,1.09,1.09,200,2021-08-06 14:56:00,POAI
1.085,1.085,1.085,1.085,620,2021-08-06 14:57:00,POAI
1.09,1.09,1.08,1.08,1022,2021-08-06 14:58:00,POAI
1.085,1.085,1.085,1.085,150,2021-08-06 15:00:00,POAI
1.0805,1.0805,1.08,1.08,20000,2021-08-06 15:01:00,POAI
1.08,1.08,1.08,1.08,1113,2021-08-06 15:02:00,POAI
1.0801,1.0801,1.0801,1.0801,100,2021-08-06 15:03:00,POAI
1.0866,1.0866,1.0866,1.0866,1000,2021-08-06 15:04:00,POAI
1.08,1.082,1.08,1.08,3200,2021-08-06 15:06:00,POAI
1.085,1.09,1.085,1.09,1670,2021-08-06 15:08:00,POAI
1.085,1.085,1.085,1.085,1000,2021-08-06 15:09:00,POAI
1.0889,1.0889,1.0889,1.0889,112,2021-08-06 15:10:00,POAI
1.0863,1.0863,1.0863,1.0863,170,2021-08-06 15:13:00,POAI
1.09,1.09,1.085,1.09,4600,2021-08-06 15:20:00,POAI
1.085,1.085,1.085,1.085,200,2021-08-06 15:24:00,POAI
1.085,1.085,1.085,1.085,2000,2021-08-06 15:25:00,POAI
1.09,1.09,1.09,1.09,1100,2021-08-06 15:26:00,POAI
1.085,1.0893,1.085,1.0893,2551,2021-08-06 15:34:00,POAI
1.08,1.08,1.08,1.08,300,2021-08-06 15:38:00,POAI
1.0893,1.0893,1.0893,1.0893,1000,2021-08-06 15:40:00,POAI
1.085,1.085,1.085,1.085,500,2021-08-06 15:44:00,POAI
1.0817,1.0817,1.08,1.08,385,2021-08-06 15:47:00,POAI
1.0899,1.0899,1.0899,1.0899,909,2021-08-06 15:49:00,POAI
1.08,1.08,1.08,1.08,1000,2021-08-06 15:51:00,POAI
1.089,1.089,1.089,1.089,1150,2021-08-06 15:52:00,POAI
1.08,1.08,1.08,1.08,550,2021-08-06 15:59:00,POAI
1.09,1.09,1.085,1.09,7330,2021-08-06 16:05:00,POAI
1.0863,1.0863,1.08,1.08,1016,2021-08-06 16:06:00,POAI
1.0892,1.0892,1.089,1.089,1040,2021-08-06 16:08:00,POAI
1.08,1.08,1.08,1.08,561,2021-08-06 16:10:00,POAI
1.09,1.09,1.09,1.09,100,2021-08-06 16:11:00,POAI
1.0823,1.0823,1.0823,1.0823,179,2021-08-06 16:17:00,POAI
1.085,1.085,1.085,1.085,200,2021-08-06 16:20:00,POAI
1.0899,1.0899,1.0899,1.0899,400,2021-08-06 16:21:00,POAI
1.085,1.0888,1.0818,1.0818,1532,2021-08-06 16:23:00,POAI
1.085,1.085,1.07,1.07,67617,2021-08-06 16:27:00,POAI
1.08,1.08,1.07,1.07,300,2021-08-06 16:28:00,POAI
1.075,1.075,1.075,1.075,1000,2021-08-06 16:34:00,POAI
1.075,1.075,1.075,1.075,300,2021-08-06 16:35:00,POAI
1.0765,1.0799,1.0765,1.0799,4105,2021-08-06 16:40:00,POAI
1.075,1.08,1.07,1.07,9132,2021-08-06 16:41:00,POAI
1.08,1.08,1.08,1.08,200,2021-08-06 16:42:00,POAI
1.07,1.07,1.07,1.07,186,2021-08-06 16:45:00,POAI
1.0726,1.075,1.0726,1.075,4233,2021-08-06 16:47:00,POAI
1.079,1.079,1.079,1.079,102,2021-08-06 16:48:00,POAI
1.08,1.08,1.07,1.0716,5890,2021-08-06 16:49:00,POAI
1.075,1.075,1.075,1.075,400,2021-08-06 16:56:00,POAI
1.08,1.08,1.08,1.08,1000,2021-08-06 16:57:00,POAI
1.08,1.08,1.08,1.08,925,2021-08-06 17:00:00,POAI
1.07,1.07,1.07,1.07,416,2021-08-06 17:01:00,POAI
1.0787,1.0787,1.0787,1.0787,400,2021-08-06 17:03:00,POAI
1.07,1.0791,1.07,1.0791,12798,2021-08-06 17:04:00,POAI
1.0795,1.08,1.07,1.0711,44000,2021-08-06 17:05:00,POAI
1.07,1.0795,1.07,1.07,29400,2021-08-06 17:06:00,POAI
1.0788,1.0788,1.0788,1.0788,1000,2021-08-06 17:07:00,POAI
1.0706,1.0716,1.07,1.07,11618,2021-08-06 17:08:00,POAI
1.0794,1.0794,1.07,1.07,21142,2021-08-06 17:09:00,POAI
1.0783,1.0783,1.0783,1.0783,500,2021-08-06 17:10:00,POAI
1.07,1.08,1.07,1.075,700,2021-08-06 17:11:00,POAI
1.0701,1.0701,1.0701,1.0701,1172,2021-08-06 17:16:00,POAI
1.0787,1.0787,1.07,1.07,1200,2021-08-06 17:17:00,POAI
1.0719,1.08,1.0712,1.0712,800,2021-08-06 17:18:00,POAI
1.07,1.07,1.07,1.07,2000,2021-08-06 17:19:00,POAI
1.075,1.075,1.07,1.07,27400,2021-08-06 17:20:00,POAI
1.0701,1.0701,1.0701,1.0701,500,2021-08-06 17:23:00,POAI
1.08,1.08,1.0799,1.0799,2800,2021-08-06 17:25:00,POAI
1.08,1.08,1.08,1.08,500,2021-08-06 17:26:00,POAI
1.08,1.08,1.08,1.08,1343,2021-08-06 17:27:00,POAI
1.08,1.08,1.08,1.08,650,2021-08-06 17:28:00,POAI
1.07,1.07,1.07,1.07,200,2021-08-06 17:30:00,POAI
1.0799,1.0799,1.07,1.07,2100,2021-08-06 17:31:00,POAI
1.075,1.075,1.075,1.075,300,2021-08-06 17:32:00,POAI
1.0799,1.0799,1.075,1.075,600,2021-08-06 17:33:00,POAI
1.075,1.075,1.075,1.075,2533,2021-08-06 17:36:00,POAI
1.075,1.075,1.075,1.075,2500,2021-08-06 17:38:00,POAI
1.075,1.075,1.075,1.075,1118,2021-08-06 17:46:00,POAI
1.0716,1.0716,1.0716,1.0716,110,2021-08-06 17:48:00,POAI
1.0785,1.0785,1.0785,1.0785,100,2021-08-06 17:49:00,POAI
1.0758,1.0758,1.0758,1.0758,186,2021-08-06 17:52:00,POAI
1.08,1.08,1.08,1.08,1000,2021-08-06 17:54:00,POAI
1.0799,1.0799,1.0799,1.0799,1000,2021-08-06 17:57:00,POAI
1.0701,1.0757,1.07,1.0757,16071,2021-08-06 17:58:00,POAI
1.0761,1.0761,1.0761,1.0761,400,2021-08-06 18:00:00,POAI
1.0759,1.0759,1.0759,1.0759,200,2021-08-06 18:01:00,POAI
1.076,1.0792,1.076,1.0792,3300,2021-08-06 18:03:00,POAI
1.0799,1.0799,1.0799,1.0799,150,2021-08-06 18:08:00,POAI
1.07,1.07,1.07,1.07,900,2021-08-06 18:12:00,POAI
1.07,1.07,1.07,1.07,100,2021-08-06 18:13:00,POAI
1.08,1.08,1.08,1.08,450,2021-08-06 18:14:00,POAI
1.07,1.0786,1.07,1.075,11231,2021-08-06 18:16:00,POAI
1.07,1.07,1.07,1.07,100,2021-08-06 18:18:00,POAI
1.07,1.07,1.07,1.07,245,2021-08-06 18:20:00,POAI
1.075,1.075,1.075,1.075,1000,2021-08-06 18:27:00,POAI
1.0724,1.0724,1.0724,1.0724,117,2021-08-06 18:29:00,POAI
1.0785,1.0785,1.0785,1.0785,100,2021-08-06 18:32:00,POAI
1.075,1.075,1.07,1.07,200,2021-08-06 18:36:00,POAI
1.075,1.075,1.075,1.075,600,2021-08-06 18:37:00,POAI
1.075,1.075,1.075,1.075,100,2021-08-06 18:38:00,POAI
1.0799,1.08,1.07,1.0786,15298,2021-08-06 18:42:00,POAI
1.0788,1.0788,1.0788,1.0788,500,2021-08-06 18:43:00,POAI
1.0786,1.0786,1.0786,1.0786,100,2021-08-06 18:51:00,POAI
1.0783,1.0785,1.075,1.075,300,2021-08-06 18:52:00,POAI
1.0784,1.0784,1.0784,1.0784,100,2021-08-06 18:53:00,POAI
1.0785,1.08,1.075,1.08,1639,2021-08-06 18:55:00,POAI
1.0785,1.08,1.0785,1.0785,300,2021-08-06 18:56:00,POAI
1.0701,1.0701,1.0701,1.0701,890,2021-08-06 18:59:00,POAI
1.07,1.07,1.07,1.07,25319,2021-08-06 19:00:00,POAI
1.07,1.0701,1.07,1.07,4478,2021-08-06 19:02:00,POAI
1.0799,1.0799,1.07,1.07,3585,2021-08-06 19:03:00,POAI
1.0701,1.0701,1.07,1.07,3600,2021-08-06 19:04:00,POAI
1.075,1.075,1.07,1.07,1300,2021-08-06 19:05:00,POAI
1.0787,1.0787,1.07,1.07,5286,2021-08-06 19:09:00,POAI
1.08,1.08,1.08,1.08,500,2021-08-06 19:11:00,POAI
1.0799,1.0799,1.0799,1.0799,177,2021-08-06 19:12:00,POAI
1.08,1.08,1.08,1.08,100,2021-08-06 19:14:00,POAI
1.075,1.075,1.075,1.075,105,2021-08-06 19:16:00,POAI
1.0799,1.0799,1.0787,1.0787,977,2021-08-06 19:18:00,POAI
1.0753,1.0753,1.0753,1.0753,100,2021-08-06 19:22:00,POAI
1.07,1.07,1.07,1.07,100,2021-08-06 19:24:00,POAI
1.0701,1.0701,1.0701,1.0701,600,2021-08-06 19:25:00,POAI
1.0782,1.0782,1.0782,1.0782,232,2021-08-06 19:29:00,POAI
1.075,1.08,1.075,1.08,700,2021-08-06 19:31:00,POAI
1.075,1.08,1.07,1.07,3091,2021-08-06 19:34:00,POAI
1.075,1.075,1.07,1.07,19124,2021-08-06 19:36:00,POAI
1.075,1.075,1.07,1.07,400,2021-08-06 19:37:00,POAI
1.0798,1.0798,1.07,1.07,600,2021-08-06 19:41:00,POAI
1.0786,1.0786,1.0786,1.0786,390,2021-08-06 19:42:00,POAI
1.075,1.075,1.075,1.075,600,2021-08-06 19:44:00,POAI
1.0772,1.078,1.0772,1.078,300,2021-08-06 19:45:00,POAI
1.08,1.08,1.08,1.08,100,2021-08-06 19:46:00,POAI
1.0795,1.0795,1.0795,1.0795,1000,2021-08-06 19:47:00,POAI
1.08,1.08,1.07,1.07,14275,2021-08-06 19:48:00,POAI
1.075,1.08,1.07,1.07,5080,2021-08-06 19:49:00,POAI
1.075,1.075,1.07,1.07,1150,2021-08-06 19:50:00,POAI
1.08,1.08,1.08,1.08,150,2021-08-06 19:52:00,POAI
1.0728,1.0782,1.0728,1.0782,1200,2021-08-06 19:53:00,POAI
1.075,1.075,1.075,1.075,100,2021-08-06 19:54:00,POAI
1.075,1.08,1.075,1.08,2875,2021-08-06 19:55:00,POAI
1.08,1.08,1.08,1.08,610,2021-08-06 19:56:00,POAI
1.08,1.08,1.07,1.07,2650,2021-08-06 19:58:00,POAI
1.075,1.08,1.07,1.07,5325,2021-08-06 19:59:00,POAI
1.07,1.07,1.07,1.07,1335,2021-08-06 20:00:00,POAI
1.08,1.08,1.08,1.08,100,2021-08-06 20:01:00,POAI
1.08,1.08,1.08,1.08,150,2021-08-06 20:05:00,POAI
1.08,1.08,1.08,1.08,1500,2021-08-06 20:06:00,POAI
1.08,1.08,1.08,1.08,918,2021-08-06 20:07:00,POAI
1.07,1.07,1.07,1.07,376,2021-08-06 20:09:00,POAI
1.07,1.07,1.07,1.07,500,2021-08-06 20:12:00,POAI
1.07,1.07,1.07,1.07,200,2021-08-06 20:15:00,POAI
1.08,1.08,1.08,1.08,198,2021-08-06 20:18:00,POAI
1.0799,1.08,1.0799,1.08,400,2021-08-06 20:26:00,POAI
1.08,1.08,1.08,1.08,100,2021-08-06 20:31:00,POAI
1.08,1.08,1.08,1.08,9000,2021-08-06 20:38:00,POAI
1.08,1.08,1.08,1.08,1840,2021-08-06 20:44:00,POAI
1.07,1.07,1.07,1.07,3900,2021-08-06 21:02:00,POAI
1.07,1.07,1.07,1.07,3000,2021-08-06 21:10:00,POAI
1.08,1.08,1.08,1.08,300,2021-08-06 21:43:00,POAI
1.08,1.08,1.08,1.08,800,2021-08-06 21:45:00,POAI
1.08,1.08,1.08,1.08,150,2021-08-06 21:58:00,POAI
1.09,1.09,1.09,1.09,250,2021-08-06 23:56:00,POAI
1.0801,1.0801,1.0801,1.0801,399,2021-08-06 23:59:00,POAI
1.07,1.07,1.07,1.07,325,2021-08-09 09:52:00,POAI
1.08,1.08,1.08,1.08,963,2021-08-09 11:00:00,POAI
1.08,1.08,1.08,1.08,187,2021-08-09 12:11:00,POAI
1.07,1.07,1.07,1.07,200,2021-08-09 12:25:00,POAI
1.07,1.07,1.07,1.07,585,2021-08-09 12:26:00,POAI
1.08,1.08,1.08,1.08,382,2021-08-09 12:41:00,POAI
1.07,1.07,1.07,1.07,111,2021-08-09 12:55:00,POAI
1.08,1.08,1.08,1.08,1000,2021-08-09 12:58:00,POAI
1.07,1.07,1.07,1.07,901,2021-08-09 13:00:00,POAI
1.07,1.07,1.07,1.07,1400,2021-08-09 13:02:00,POAI
1.07,1.07,1.07,1.07,696,2021-08-09 13:03:00,POAI
1.07,1.07,1.07,1.07,2629,2021-08-09 13:10:00,POAI
1.07,1.07,1.07,1.07,1000,2021-08-09 13:13:00,POAI
1.07,1.07,1.07,1.07,1690,2021-08-09 13:14:00,POAI
1.07,1.08,1.07,1.0738,11920,2021-08-09 13:30:00,POAI
1.08,1.08,1.08,1.08,100,2021-08-09 13:31:00,POAI
1.08,1.08,1.0788,1.0788,14000,2021-08-09 13:32:00,POAI
1.075,1.075,1.0725,1.0725,3367,2021-08-09 13:33:00,POAI
1.0709,1.078,1.07,1.07,1533,2021-08-09 13:34:00,POAI
1.07,1.07,1.07,1.07,2300,2021-08-09 13:35:00,POAI
1.0762,1.08,1.0762,1.08,2030,2021-08-09 13:36:00,POAI
1.08,1.08,1.0754,1.08,398,2021-08-09 13:37:00,POAI
1.0787,1.0787,1.0787,1.0787,900,2021-08-09 13:38:00,POAI
1.08,1.08,1.08,1.08,960,2021-08-09 13:39:00,POAI
1.0781,1.0781,1.07,1.075,1093,2021-08-09 13:40:00,POAI
1.08,1.08,1.07,1.07,471,2021-08-09 13:42:00,POAI
1.08,1.08,1.07,1.07,5450,2021-08-09 13:44:00,POAI
1.08,1.08,1.08,1.08,1400,2021-08-09 13:45:00,POAI
1.0721,1.0721,1.0721,1.0721,119,2021-08-09 13:46:00,POAI
1.075,1.079,1.075,1.079,2600,2021-08-09 13:47:00,POAI
1.0795,1.0795,1.0795,1.0795,120,2021-08-09 13:48:00,POAI
1.0764,1.0764,1.07,1.07,3120,2021-08-09 13:50:00,POAI
1.075,1.0777,1.075,1.0777,200,2021-08-09 13:53:00,POAI
1.0721,1.0721,1.0701,1.0701,7333,2021-08-09 13:54:00,POAI
1.07,1.075,1.07,1.075,902,2021-08-09 13:55:00,POAI
1.07,1.08,1.07,1.08,3100,2021-08-09 13:57:00,POAI
1.07,1.079,1.07,1.079,250,2021-08-09 13:59:00,POAI
1.07,1.07,1.07,1.07,100,2021-08-09 14:00:00,POAI
1.08,1.08,1.07,1.07,1100,2021-08-09 14:02:00,POAI
1.075,1.075,1.075,1.075,1400,2021-08-09 14:03:00,POAI
1.0701,1.075,1.07,1.075,5450,2021-08-09 14:04:00,POAI
1.07,1.07,1.07,1.07,1600,2021-08-09 14:06:00,POAI
1.07,1.0799,1.07,1.0799,200,2021-08-09 14:08:00,POAI
1.075,1.075,1.07,1.07,500,2021-08-09 14:09:00,POAI
1.07,1.07,1.07,1.07,100,2021-08-09 14:10:00,POAI
1.08,1.08,1.0793,1.0793,353,2021-08-09 14:11:00,POAI
1.07,1.07,1.07,1.07,100,2021-08-09 14:13:00,POAI
1.075,1.075,1.0721,1.0721,1100,2021-08-09 14:14:00,POAI
1.0784,1.0784,1.0784,1.0784,2000,2021-08-09 14:15:00,POAI
1.07,1.07,1.07,1.07,100,2021-08-09 14:16:00,POAI
1.0786,1.0786,1.0786,1.0786,100,2021-08-09 14:20:00,POAI
1.07,1.0783,1.07,1.0783,1300,2021-08-09 14:21:00,POAI
1.07,1.07,1.07,1.07,100,2021-08-09 14:22:00,POAI
1.075,1.075,1.0721,1.0721,2284,2021-08-09 14:23:00,POAI
1.0793,1.0793,1.0792,1.0792,1000,2021-08-09 14:24:00,POAI
1.0799,1.0799,1.0791,1.0791,750,2021-08-09 14:25:00,POAI
1.0793,1.0799,1.07,1.0799,2850,2021-08-09 14:26:00,POAI
1.075,1.075,1.071,1.075,2321,2021-08-09 14:27:00,POAI
1.08,1.08,1.08,1.08,300,2021-08-09 14:28:00,POAI
1.07,1.075,1.07,1.07,3053,2021-08-09 14:29:00,POAI
1.0715,1.0772,1.0715,1.0772,2132,2021-08-09 14:30:00,POAI
1.07,1.075,1.07,1.075,375,2021-08-09 14:33:00,POAI
1.07,1.07,1.07,1.07,100,2021-08-09 14:34:00,POAI
1.07,1.07,1.07,1.07,100,2021-08-09 14:35:00,POAI
1.07,1.07,1.07,1.07,100,2021-08-09 14:37:00,POAI
1.08,1.08,1.08,1.08,197,2021-08-09 14:38:00,POAI
1.0776,1.0776,1.07,1.07,283,2021-08-09 14:39:00,POAI
1.0709,1.0709,1.0709,1.0709,500,2021-08-09 14:40:00,POAI
1.075,1.0788,1.075,1.078,5000,2021-08-09 14:41:00,POAI
1.075,1.0777,1.075,1.0777,400,2021-08-09 14:42:00,POAI
1.075,1.08,1.075,1.0796,4523,2021-08-09 14:45:00,POAI
1.07,1.075,1.07,1.075,598,2021-08-09 14:46:00,POAI
1.0799,1.08,1.075,1.0794,6700,2021-08-09 14:48:00,POAI
1.08,1.08,1.0795,1.08,2000,2021-08-09 14:49:00,POAI
1.07,1.075,1.07,1.075,1700,2021-08-09 14:50:00,POAI
1.075,1.075,1.075,1.075,100,2021-08-09 14:51:00,POAI
1.075,1.075,1.075,1.075,100,2021-08-09 14:52:00,POAI
1.08,1.08,1.075,1.0797,9709,2021-08-09 14:53:00,POAI
1.08,1.085,1.08,1.0806,26690,2021-08-09 14:54:00,POAI
1.0885,1.0885,1.0801,1.0801,13700,2021-08-09 14:55:00,POAI
1.085,1.09,1.0843,1.085,6800,2021-08-09 14:56:00,POAI
1.0877,1.0877,1.0877,1.0877,200,2021-08-09 14:59:00,POAI
1.08,1.08,1.08,1.08,100,2021-08-09 15:00:00,POAI
1.08,1.08,1.08,1.08,1000,2021-08-09 15:01:00,POAI
1.08,1.08,1.08,1.08,1400,2021-08-09 15:02:00,POAI
1.085,1.085,1.08,1.08,1800,2021-08-09 15:03:00,POAI
1.08,1.08,1.08,1.08,200,2021-08-09 15:04:00,POAI
1.08,1.08,1.08,1.08,200,2021-08-09 15:05:00,POAI
1.08,1.08,1.08,1.08,100,2021-08-09 15:06:00,POAI
1.08,1.0889,1.08,1.08,750,2021-08-09 15:07:00,POAI
1.08,1.08,1.08,1.08,5634,2021-08-09 15:08:00,POAI
1.0805,1.0805,1.08,1.08,300,2021-08-09 15:09:00,POAI
1.0857,1.0857,1.08,1.08,270,2021-08-09 15:10:00,POAI
1.08,1.08,1.08,1.08,100,2021-08-09 15:11:00,POAI
1.085,1.085,1.08,1.08,350,2021-08-09 15:12:00,POAI
1.08,1.08,1.08,1.08,100,2021-08-09 15:13:00,POAI
1.08,1.08,1.08,1.08,100,2021-08-09 15:14:00,POAI
1.08,1.08,1.08,1.08,100,2021-08-09 15:15:00,POAI
1.0809,1.09,1.08,1.09,1270,2021-08-09 15:17:00,POAI
1.0881,1.09,1.08,1.09,35200,2021-08-09 15:19:00,POAI
1.0844,1.0844,1.08,1.08,400,2021-08-09 15:20:00,POAI
1.0875,1.0875,1.0875,1.0875,1000,2021-08-09 15:21:00,POAI
1.085,1.088,1.08,1.08,521,2021-08-09 15:24:00,POAI
1.08,1.08,1.08,1.08,100,2021-08-09 15:25:00,POAI
1.0863,1.0863,1.08,1.08,1350,2021-08-09 15:26:00,POAI
1.08,1.08,1.08,1.08,100,2021-08-09 15:27:00,POAI
1.08,1.08,1.08,1.08,200,2021-08-09 15:28:00,POAI
1.085,1.085,1.08,1.08,205,2021-08-09 15:29:00,POAI
1.08,1.09,1.08,1.09,210,2021-08-09 15:30:00,POAI
1.09,1.09,1.09,1.09,200,2021-08-09 15:31:00,POAI
1.08,1.08,1.08,1.08,298,2021-08-09 15:32:00,POAI
1.09,1.09,1.08,1.08,415,2021-08-09 15:33:00,POAI
1.09,1.09,1.08,1.09,3565,2021-08-09 15:35:00,POAI
1.085,1.085,1.085,1.085,198,2021-08-09 15:36:00,POAI
1.08,1.08,1.08,1.08,100,2021-08-09 15:37:00,POAI
1.08,1.08,1.08,1.08,534,2021-08-09 15:38:00,POAI
1.08,1.08,1.08,1.08,100,2021-08-09 15:39:00,POAI
1.0885,1.0885,1.0885,1.0885,225,2021-08-09 15:40:00,POAI
1.08,1.08,1.08,1.08,1543,2021-08-09 15:43:00,POAI
1.09,1.09,1.09,1.09,531,2021-08-09 15:46:00,POAI
1.09,1.09,1.08,1.08,4764,2021-08-09 15:53:00,POAI
1.0889,1.0889,1.0889,1.0889,1000,2021-08-09 15:54:00,POAI
1.08,1.0884,1.08,1.0884,300,2021-08-09 15:55:00,POAI
1.085,1.085,1.085,1.085,1528,2021-08-09 15:57:00,POAI
1.085,1.085,1.085,1.085,1610,2021-08-09 15:58:00,POAI
1.0884,1.0884,1.0884,1.0884,100,2021-08-09 15:59:00,POAI
1.085,1.085,1.085,1.085,500,2021-08-09 16:00:00,POAI
1.08,1.08,1.08,1.08,100,2021-08-09 16:01:00,POAI
1.0899,1.0899,1.0899,1.0899,1000,2021-08-09 16:05:00,POAI
1.0807,1.0807,1.0807,1.0807,216,2021-08-09 16:06:00,POAI
1.0899,1.0899,1.0899,1.0899,187,2021-08-09 16:07:00,POAI
1.0886,1.0886,1.0886,1.0886,300,2021-08-09 16:08:00,POAI
1.08,1.08,1.08,1.08,100,2021-08-09 16:09:00,POAI
1.09,1.09,1.09,1.09,101,2021-08-09 16:11:00,POAI
1.09,1.09,1.09,1.09,100,2021-08-09 16:13:00,POAI
1.0804,1.09,1.0804,1.0899,7180,2021-08-09 16:15:00,POAI
1.08,1.08,1.08,1.08,100,2021-08-09 16:17:00,POAI
1.085,1.085,1.085,1.085,1100,2021-08-09 16:18:00,POAI
1.08,1.08,1.08,1.08,100,2021-08-09 16:21:00,POAI
1.09,1.09,1.09,1.09,3500,2021-08-09 16:23:00,POAI
1.082,1.085,1.08,1.085,300,2021-08-09 16:25:00,POAI
1.0866,1.0866,1.0866,1.0866,2000,2021-08-09 16:28:00,POAI
1.08,1.0855,1.08,1.0855,1378,2021-08-09 16:29:00,POAI
1.08,1.08,1.08,1.08,100,2021-08-09 16:31:00,POAI
1.08,1.09,1.08,1.08,3800,2021-08-09 16:32:00,POAI
1.08,1.08,1.08,1.08,100,2021-08-09 16:33:00,POAI
1.0885,1.0885,1.08,1.08,600,2021-08-09 16:36:00,POAI
1.08,1.085,1.08,1.0838,2100,2021-08-09 16:37:00,POAI
1.08,1.08,1.08,1.08,100,2021-08-09 16:39:00,POAI
1.0885,1.0885,1.08,1.08,275,2021-08-09 16:41:00,POAI
1.08,1.08,1.08,1.08,100,2021-08-09 16:44:00,POAI
1.08,1.08,1.08,1.08,100,2021-08-09 16:47:00,POAI
1.09,1.09,1.09,1.09,500,2021-08-09 16:48:00,POAI
1.09,1.09,1.09,1.09,300,2021-08-09 16:54:00,POAI
1.0815,1.0815,1.08,1.08,636,2021-08-09 16:55:00,POAI
1.08,1.08,1.08,1.08,100,2021-08-09 16:57:00,POAI
1.08,1.08,1.08,1.08,100,2021-08-09 16:58:00,POAI
1.09,1.09,1.09,1.09,314,2021-08-09 17:00:00,POAI
1.085,1.085,1.085,1.085,100,2021-08-09 17:04:00,POAI
1.0899,1.0899,1.0899,1.0899,100,2021-08-09 17:06:00,POAI
1.0899,1.0899,1.0899,1.0899,400,2021-08-09 17:09:00,POAI
1.09,1.09,1.09,1.09,1200,2021-08-09 17:11:00,POAI
1.08,1.08,1.08,1.08,100,2021-08-09 17:12:00,POAI
1.085,1.085,1.08,1.0804,43391,2021-08-09 17:13:00,POAI
1.085,1.085,1.08,1.08,1100,2021-08-09 17:14:00,POAI
1.0899,1.0899,1.0899,1.0899,135,2021-08-09 17:16:00,POAI
1.09,1.09,1.09,1.09,750,2021-08-09 17:17:00,POAI
1.088,1.088,1.088,1.088,500,2021-08-09 17:18:00,POAI
1.0879,1.0879,1.0879,1.0879,385,2021-08-09 17:21:00,POAI
1.0876,1.0876,1.085,1.085,373,2021-08-09 17:22:00,POAI
1.08,1.08,1.08,1.08,100,2021-08-09 17:24:00,POAI
1.08,1.08,1.08,1.08,100,2021-08-09 17:25:00,POAI
1.08,1.08,1.08,1.08,100,2021-08-09 17:26:00,POAI
1.08,1.08,1.08,1.08,300,2021-08-09 17:27:00,POAI
1.08,1.08,1.08,1.08,200,2021-08-09 17:28:00,POAI
1.08,1.085,1.08,1.085,25200,2021-08-09 17:29:00,POAI
1.08,1.09,1.08,1.09,400,2021-08-09 17:30:00,POAI
1.08,1.08,1.08,1.08,100,2021-08-09 17:34:00,POAI
1.085,1.085,1.085,1.085,100,2021-08-09 17:35:00,POAI
1.08,1.0809,1.08,1.0809,4518,2021-08-09 17:36:00,POAI
1.08,1.08,1.08,1.08,474,2021-08-09 17:37:00,POAI
1.0885,1.09,1.08,1.0886,967,2021-08-09 17:38:00,POAI
1.0877,1.0877,1.08,1.08,600,2021-08-09 17:39:00,POAI
1.08,1.08,1.08,1.08,100,2021-08-09 17:40:00,POAI
1.0816,1.082,1.08,1.08,800,2021-08-09 17:41:00,POAI
1.0801,1.0801,1.08,1.08,2100,2021-08-09 17:42:00,POAI
1.08,1.085,1.08,1.085,200,2021-08-09 17:44:00,POAI
1.08,1.085,1.08,1.085,200,2021-08-09 17:45:00,POAI
1.085,1.085,1.08,1.08,400,2021-08-09 17:47:00,POAI
1.0899,1.0899,1.0899,1.0899,1000,2021-08-09 17:49:00,POAI
1.0888,1.0899,1.0801,1.0899,5486,2021-08-09 17:51:00,POAI
1.08,1.08,1.08,1.08,5000,2021-08-09 17:52:00,POAI
1.09,1.09,1.085,1.085,1292,2021-08-09 17:53:00,POAI
1.09,1.09,1.09,1.09,100,2021-08-09 17:54:00,POAI
1.085,1.09,1.085,1.09,3735,2021-08-09 17:56:00,POAI
1.09,1.09,1.0899,1.0899,6600,2021-08-09 17:57:00,POAI
1.0801,1.09,1.0801,1.09,700,2021-08-09 17:58:00,POAI
1.09,1.09,1.09,1.09,500,2021-08-09 18:00:00,POAI
1.09,1.09,1.09,1.09,5900,2021-08-09 18:05:00,POAI
1.0801,1.09,1.0801,1.09,521,2021-08-09 18:07:00,POAI
1.09,1.09,1.0899,1.09,11166,2021-08-09 18:08:00,POAI
1.0894,1.0894,1.0894,1.0894,1000,2021-08-09 18:09:00,POAI
1.09,1.09,1.09,1.09,100,2021-08-09 18:10:00,POAI
1.09,1.09,1.0857,1.09,18250,2021-08-09 18:11:00,POAI
1.09,1.095,1.09,1.0943,9300,2021-08-09 18:12:00,POAI
1.0911,1.1,1.0911,1.1,1300,2021-08-09 18:13:00,POAI
1.1,1.1,1.0972,1.0972,371,2021-08-09 18:14:00,POAI
1.098,1.098,1.098,1.098,1400,2021-08-09 18:15:00,POAI
1.1,1.1,1.1,1.1,155,2021-08-09 18:17:00,POAI
1.0999,1.0999,1.0999,1.0999,150,2021-08-09 18:19:00,POAI
1.09,1.09,1.09,1.09,200,2021-08-09 18:21:00,POAI
1.1,1.1,1.09,1.095,765,2021-08-09 18:22:00,POAI
1.09,1.0973,1.09,1.0901,1350,2021-08-09 18:23:00,POAI
1.09,1.09,1.09,1.09,200,2021-08-09 18:24:00,POAI
1.0977,1.0977,1.09,1.09,713,2021-08-09 18:25:00,POAI
1.1,1.1,1.09,1.09,1200,2021-08-09 18:26:00,POAI
1.09,1.0988,1.09,1.098,2100,2021-08-09 18:28:00,POAI
1.0985,1.0987,1.09,1.09,600,2021-08-09 18:29:00,POAI
1.09,1.09,1.09,1.09,100,2021-08-09 18:31:00,POAI
1.095,1.095,1.095,1.095,590,2021-08-09 18:32:00,POAI
1.095,1.095,1.095,1.095,100,2021-08-09 18:33:00,POAI
1.095,1.095,1.095,1.095,349,2021-08-09 18:34:00,POAI
1.0999,1.0999,1.092,1.092,1176,2021-08-09 18:37:00,POAI
1.1,1.1,1.095,1.095,1900,2021-08-09 18:40:00,POAI
1.0999,1.1,1.0999,1.1,2150,2021-08-09 18:42:00,POAI
1.095,1.095,1.095,1.095,100,2021-08-09 18:44:00,POAI
1.094,1.094,1.094,1.094,150,2021-08-09 18:48:00,POAI
1.1,1.11,1.095,1.11,48879,2021-08-09 18:50:00,POAI
1.1,1.1,1.1,1.1,100,2021-08-09 18:56:00,POAI
1.1,1.105,1.1,1.105,450,2021-08-09 18:57:00,POAI
1.105,1.105,1.09,1.1,19265,2021-08-09 18:58:00,POAI
1.105,1.105,1.105,1.105,100,2021-08-09 18:59:00,POAI
1.11,1.11,1.11,1.11,100,2021-08-09 19:00:00,POAI
1.105,1.105,1.105,1.105,100,2021-08-09 19:01:00,POAI
1.105,1.105,1.105,1.105,300,2021-08-09 19:02:00,POAI
1.1001,1.1001,1.1001,1.1001,1000,2021-08-09 19:03:00,POAI
1.1099,1.11,1.105,1.105,4281,2021-08-09 19:04:00,POAI
1.109,1.11,1.1087,1.11,1161,2021-08-09 19:05:00,POAI
1.11,1.11,1.11,1.11,2450,2021-08-09 19:06:00,POAI
1.105,1.11,1.105,1.11,299,2021-08-09 19:07:00,POAI
1.105,1.105,1.105,1.105,100,2021-08-09 19:08:00,POAI
1.105,1.105,1.105,1.105,100,2021-08-09 19:09:00,POAI
1.105,1.105,1.105,1.105,542,2021-08-09 19:10:00,POAI
1.101,1.101,1.101,1.101,1000,2021-08-09 19:11:00,POAI
1.1001,1.105,1.1001,1.105,1015,2021-08-09 19:12:00,POAI
1.105,1.105,1.105,1.105,700,2021-08-09 19:13:00,POAI
1.106,1.106,1.1,1.1,565,2021-08-09 19:14:00,POAI
1.1088,1.1088,1.1088,1.1088,382,2021-08-09 19:18:00,POAI
1.105,1.105,1.105,1.105,730,2021-08-09 19:19:00,POAI
1.1015,1.1015,1.1015,1.1015,122,2021-08-09 19:20:00,POAI
1.105,1.105,1.105,1.105,600,2021-08-09 19:24:00,POAI
1.1,1.1,1.1,1.1,209,2021-08-09 19:25:00,POAI
1.1063,1.1063,1.1063,1.1063,125,2021-08-09 19:26:00,POAI
1.105,1.105,1.105,1.105,1990,2021-08-09 19:28:00,POAI
1.105,1.105,1.105,1.105,100,2021-08-09 19:29:00,POAI
1.109,1.109,1.109,1.109,100,2021-08-09 19:30:00,POAI
1.105,1.105,1.1018,1.105,1450,2021-08-09 19:31:00,POAI
1.11,1.11,1.104,1.104,921,2021-08-09 19:32:00,POAI
1.1099,1.1099,1.1099,1.1099,100,2021-08-09 19:36:00,POAI
1.1,1.1,1.1,1.1,5000,2021-08-09 19:37:00,POAI
1.105,1.105,1.105,1.105,100,2021-08-09 19:38:00,POAI
1.105,1.1099,1.101,1.1099,1530,2021-08-09 19:39:00,POAI
1.105,1.105,1.105,1.105,100,2021-08-09 19:40:00,POAI
1.105,1.105,1.1,1.105,1919,2021-08-09 19:41:00,POAI
1.1088,1.1088,1.1088,1.1088,630,2021-08-09 19:42:00,POAI
1.105,1.11,1.105,1.108,400,2021-08-09 19:43:00,POAI
1.105,1.105,1.105,1.105,100,2021-08-09 19:44:00,POAI
1.11,1.11,1.11,1.11,5000,2021-08-09 19:45:00,POAI
1.105,1.11,1.105,1.1086,2434,2021-08-09 19:46:00,POAI
1.105,1.105,1.105,1.105,200,2021-08-09 19:47:00,POAI
1.105,1.105,1.105,1.105,200,2021-08-09 19:48:00,POAI
1.105,1.105,1.1046,1.105,400,2021-08-09 19:49:00,POAI
1.105,1.105,1.09,1.095,20370,2021-08-09 19:50:00,POAI
1.095,1.095,1.095,1.095,110,2021-08-09 19:51:00,POAI
1.0947,1.0991,1.0947,1.0991,1495,2021-08-09 19:52:00,POAI
1.0988,1.0988,1.0988,1.0988,189,2021-08-09 19:53:00,POAI
1.1,1.1,1.1,1.1,865,2021-08-09 19:54:00,POAI
1.095,1.095,1.095,1.095,400,2021-08-09 19:55:00,POAI
1.095,1.0999,1.095,1.0999,4298,2021-08-09 19:56:00,POAI
1.095,1.1,1.095,1.1,1198,2021-08-09 19:57:00,POAI
1.095,1.095,1.095,1.095,100,2021-08-09 19:58:00,POAI
1.0909,1.11,1.0909,1.105,41037,2021-08-09 19:59:00,POAI
1.1,1.1,1.1,1.1,240,2021-08-09 20:00:00,POAI
1.11,1.12,1.11,1.12,1386,2021-08-09 20:04:00,POAI
1.13,1.13,1.13,1.13,197,2021-08-09 20:05:00,POAI
1.12,1.12,1.12,1.12,100,2021-08-09 20:08:00,POAI
1.11,1.11,1.11,1.11,200,2021-08-09 20:24:00,POAI
1.11,1.11,1.11,1.11,2500,2021-08-09 20:25:00,POAI
1.1,1.1,1.1,1.1,3092,2021-08-09 20:31:00,POAI
1.11,1.11,1.11,1.11,800,2021-08-09 20:34:00,POAI
1.11,1.11,1.11,1.11,130,2021-08-09 20:38:00,POAI
1.11,1.11,1.11,1.11,200,2021-08-09 20:39:00,POAI
1.11,1.11,1.11,1.11,100,2021-08-09 20:40:00,POAI
1.11,1.11,1.11,1.11,100,2021-08-09 20:41:00,POAI
1.11,1.11,1.11,1.11,100,2021-08-09 20:46:00,POAI
1.11,1.11,1.11,1.11,200,2021-08-09 20:47:00,POAI
1.1099,1.11,1.1099,1.11,1000,2021-08-09 21:03:00,POAI
1.11,1.11,1.1,1.1,727,2021-08-09 21:13:00,POAI
1.1,1.1,1.1,1.1,100,2021-08-09 21:24:00,POAI
1.1,1.1,1.1,1.1,1200,2021-08-09 21:42:00,POAI
1.11,1.11,1.11,1.11,1000,2021-08-09 21:54:00,POAI
1.1,1.1,1.1,1.1,100,2021-08-09 21:59:00,POAI
1.11,1.11,1.11,1.11,100,2021-08-09 22:30:00,POAI
1.11,1.11,1.11,1.11,144,2021-08-09 23:38:00,POAI
1.12,1.12,1.12,1.12,100,2021-08-09 23:46:00,POAI
1.12,1.12,1.12,1.12,141,2021-08-09 23:48:00,POAI
1.11,1.11,1.11,1.11,100,2021-08-10 12:58:00,POAI
1.11,1.11,1.11,1.11,200,2021-08-10 13:05:00,POAI
1.1299,1.1299,1.1299,1.1299,300,2021-08-10 13:06:00,POAI
1.13,1.13,1.13,1.13,8200,2021-08-10 13:13:00,POAI
1.11,1.11,1.11,1.11,700,2021-08-10 13:19:00,POAI
1.11,1.11,1.11,1.11,313,2021-08-10 13:27:00,POAI
1.11,1.11,1.1093,1.1093,5250,2021-08-10 13:30:00,POAI
1.11,1.12,1.1068,1.115,17376,2021-08-10 13:32:00,POAI
1.11,1.11,1.11,1.11,382,2021-08-10 13:33:00,POAI
1.111,1.111,1.111,1.111,102,2021-08-10 13:34:00,POAI
1.115,1.115,1.115,1.115,358,2021-08-10 13:36:00,POAI
1.1199,1.1199,1.115,1.115,963,2021-08-10 13:38:00,POAI
1.115,1.115,1.115,1.115,100,2021-08-10 13:40:00,POAI
1.11,1.115,1.11,1.115,3392,2021-08-10 13:44:00,POAI
1.11,1.111,1.11,1.111,620,2021-08-10 13:45:00,POAI
1.1199,1.1199,1.1199,1.1199,430,2021-08-10 13:47:00,POAI
1.11,1.1199,1.11,1.1199,870,2021-08-10 13:50:00,POAI
1.11,1.12,1.11,1.12,3677,2021-08-10 13:51:00,POAI
1.1199,1.12,1.11,1.12,4266,2021-08-10 13:52:00,POAI
1.12,1.12,1.12,1.12,200,2021-08-10 13:54:00,POAI
1.1182,1.1182,1.11,1.11,300,2021-08-10 13:56:00,POAI
1.11,1.11,1.11,1.11,100,2021-08-10 13:58:00,POAI
1.11,1.11,1.11,1.11,100,2021-08-10 14:01:00,POAI
1.115,1.115,1.115,1.115,235,2021-08-10 14:02:00,POAI
1.1106,1.115,1.1106,1.115,1100,2021-08-10 14:03:00,POAI
1.11,1.12,1.11,1.115,3192,2021-08-10 14:07:00,POAI
1.1111,1.1111,1.11,1.11,716,2021-08-10 14:08:00,POAI
1.1187,1.12,1.1171,1.1171,2200,2021-08-10 14:09:00,POAI
1.11,1.11,1.11,1.11,10100,2021-08-10 14:10:00,POAI
1.11,1.11,1.11,1.11,400,2021-08-10 14:11:00,POAI
1.11,1.115,1.11,1.115,2100,2021-08-10 14:12:00,POAI
1.11,1.1169,1.11,1.1169,300,2021-08-10 14:13:00,POAI
1.11,1.11,1.11,1.11,400,2021-08-10 14:14:00,POAI
1.12,1.12,1.11,1.11,1010,2021-08-10 14:15:00,POAI
1.11,1.113,1.11,1.11,1400,2021-08-10 14:16:00,POAI
1.11,1.1199,1.11,1.1199,1000,2021-08-10 14:17:00,POAI
1.11,1.11,1.11,1.11,200,2021-08-10 14:18:00,POAI
1.11,1.115,1.11,1.1101,1750,2021-08-10 14:19:00,POAI
1.12,1.12,1.11,1.11,200,2021-08-10 14:20:00,POAI
1.11,1.11,1.11,1.11,300,2021-08-10 14:21:00,POAI
1.12,1.12,1.115,1.115,2950,2021-08-10 14:24:00,POAI
1.11,1.12,1.11,1.11,423,2021-08-10 14:25:00,POAI
1.1107,1.1107,1.11,1.11,478,2021-08-10 14:26:00,POAI
1.11,1.1174,1.11,1.1174,470,2021-08-10 14:27:00,POAI
1.1101,1.12,1.11,1.11,5700,2021-08-10 14:30:00,POAI
1.11,1.11,1.11,1.11,100,2021-08-10 14:31:00,POAI
1.11,1.12,1.11,1.12,537,2021-08-10 14:32:00,POAI
1.11,1.11,1.11,1.11,100,2021-08-10 14:33:00,POAI
1.115,1.115,1.11,1.115,610,2021-08-10 14:34:00,POAI
1.1107,1.1107,1.1107,1.1107,100,2021-08-10 14:35:00,POAI
1.1101,1.1101,1.1101,1.1101,400,2021-08-10 14:36:00,POAI
1.12,1.12,1.12,1.12,12000,2021-08-10 14:38:00,POAI
1.11,1.12,1.11,1.12,2628,2021-08-10 14:39:00,POAI
1.11,1.1199,1.11,1.1199,1000,2021-08-10 14:40:00,POAI
1.11,1.11,1.11,1.11,100,2021-08-10 14:41:00,POAI
1.118,1.118,1.118,1.118,100,2021-08-10 14:44:00,POAI
1.11,1.11,1.11,1.11,700,2021-08-10 14:45:00,POAI
1.11,1.1134,1.11,1.11,4670,2021-08-10 14:46:00,POAI
1.11,1.11,1.11,1.11,200,2021-08-10 14:48:00,POAI
1.11,1.11,1.11,1.11,300,2021-08-10 14:49:00,POAI
1.11,1.11,1.11,1.11,100,2021-08-10 14:51:00,POAI
1.11,1.115,1.11,1.11,740,2021-08-10 14:53:00,POAI
1.1001,1.1094,1.1001,1.105,6261,2021-08-10 14:54:00,POAI
1.105,1.105,1.105,1.105,100,2021-08-10 14:56:00,POAI
1.1095,1.1095,1.105,1.105,5200,2021-08-10 14:59:00,POAI
1.105,1.105,1.1,1.1,750,2021-08-10 15:00:00,POAI
1.1,1.1,1.1,1.1,100,2021-08-10 15:02:00,POAI
1.1,1.1,1.1,1.1,100,2021-08-10 15:03:00,POAI
1.1084,1.11,1.105,1.11,4088,2021-08-10 15:04:00,POAI
1.1,1.105,1.1,1.105,200,2021-08-10 15:05:00,POAI
1.1,1.1,1.1,1.1,100,2021-08-10 15:06:00,POAI
1.1,1.1,1.1,1.1,100,2021-08-10 15:07:00,POAI
1.11,1.11,1.1,1.1,700,2021-08-10 15:09:00,POAI
1.1,1.1,1.1,1.1,100,2021-08-10 15:10:00,POAI
1.1,1.11,1.1,1.11,200,2021-08-10 15:12:00,POAI
1.1,1.1,1.1,1.1,100,2021-08-10 15:13:00,POAI
1.1001,1.1001,1.1001,1.1001,200,2021-08-10 15:14:00,POAI
1.1,1.1082,1.1,1.105,7198,2021-08-10 15:15:00,POAI
1.11,1.11,1.11,1.11,7300,2021-08-10 15:16:00,POAI
1.105,1.105,1.1,1.1,300,2021-08-10 15:17:00,POAI
1.11,1.11,1.1,1.1,2128,2021-08-10 15:19:00,POAI
1.1099,1.1099,1.105,1.105,342,2021-08-10 15:20:00,POAI
1.1001,1.1049,1.1,1.1049,5200,2021-08-10 15:21:00,POAI
1.1,1.105,1.1,1.105,371,2021-08-10 15:22:00,POAI
1.105,1.1059,1.105,1.1059,3100,2021-08-10 15:23:00,POAI
1.11,1.11,1.105,1.105,700,2021-08-10 15:24:00,POAI
1.105,1.105,1.1,1.1,200,2021-08-10 15:25:00,POAI
1.105,1.11,1.1,1.1,650,2021-08-10 15:26:00,POAI
1.1076,1.1076,1.1,1.105,435,2021-08-10 15:27:00,POAI
1.105,1.1076,1.1,1.1076,400,2021-08-10 15:28:00,POAI
1.1,1.1,1.1,1.1,100,2021-08-10 15:29:00,POAI
1.1,1.1,1.1,1.1,800,2021-08-10 15:30:00,POAI
1.1,1.1,1.1,1.1,1000,2021-08-10 15:31:00,POAI
1.1,1.1,1.1,1.1,100,2021-08-10 15:34:00,POAI
1.1,1.1,1.1,1.1,799,2021-08-10 15:35:00,POAI
1.1,1.1,1.1,1.1,100,2021-08-10 15:36:00,POAI
1.1,1.1,1.1,1.1,100,2021-08-10 15:37:00,POAI
1.1,1.1,1.1,1.1,100,2021-08-10 15:39:00,POAI
1.1093,1.1093,1.1093,1.1093,200,2021-08-10 15:40:00,POAI
1.1,1.1,1.1,1.1,100,2021-08-10 15:41:00,POAI
1.11,1.11,1.11,1.11,200,2021-08-10 15:42:00,POAI
1.1082,1.1082,1.1082,1.1082,1000,2021-08-10 15:43:00,POAI
1.1037,1.1037,1.1037,1.1037,8200,2021-08-10 15:45:00,POAI
1.1085,1.1085,1.1085,1.1085,2000,2021-08-10 15:46:00,POAI
1.1018,1.1018,1.1018,1.1018,500,2021-08-10 15:47:00,POAI
1.1,1.1,1.1,1.1,100,2021-08-10 15:48:00,POAI
1.1099,1.1099,1.1099,1.1099,100,2021-08-10 15:49:00,POAI
1.1049,1.1049,1.1049,1.1049,1030,2021-08-10 15:50:00,POAI
1.1,1.1,1.1,1.1,100,2021-08-10 15:51:00,POAI
1.1,1.1,1.1,1.1,100,2021-08-10 15:53:00,POAI
1.1,1.1099,1.1,1.1099,2211,2021-08-10 15:54:00,POAI
1.1,1.1,1.1,1.1,100,2021-08-10 15:55:00,POAI
1.1,1.1,1.1,1.1,7340,2021-08-10 15:56:00,POAI
1.1,1.1,1.1,1.1,100,2021-08-10 15:57:00,POAI
1.1,1.1,1.1,1.1,380,2021-08-10 15:59:00,POAI
1.1,1.1001,1.1,1.1001,760,2021-08-10 16:01:00,POAI
1.1,1.105,1.1,1.1002,614,2021-08-10 16:02:00,POAI
1.1,1.11,1.1,1.1,5400,2021-08-10 16:04:00,POAI
1.1,1.1058,1.1,1.1058,1100,2021-08-10 16:06:00,POAI
1.105,1.105,1.1,1.1,1350,2021-08-10 16:07:00,POAI
1.105,1.105,1.105,1.105,100,2021-08-10 16:08:00,POAI
1.1,1.1,1.1,1.1,1466,2021-08-10 16:09:00,POAI
1.105,1.105,1.1,1.105,680,2021-08-10 16:10:00,POAI
1.1,1.1,1.1,1.1,100,2021-08-10 16:11:00,POAI
1.1,1.1,1.1,1.1,200,2021-08-10 16:13:00,POAI
1.1,1.1,1.1,1.1,100,2021-08-10 16:14:00,POAI
1.1,1.1,1.1,1.1,100,2021-08-10 16:15:00,POAI
1.1,1.11,1.1,1.105,1205,2021-08-10 16:17:00,POAI
1.1,1.1,1.1,1.1,100,2021-08-10 16:20:00,POAI
1.1,1.1,1.1,1.1,122,2021-08-10 16:21:00,POAI
1.1,1.11,1.1,1.1,2200,2021-08-10 16:23:00,POAI
1.11,1.11,1.11,1.11,1900,2021-08-10 16:24:00,POAI
1.1,1.1,1.1,1.1,500,2021-08-10 16:26:00,POAI
1.1,1.1,1.1,1.1,100,2021-08-10 16:30:00,POAI
1.1,1.1,1.1,1.1,250,2021-08-10 16:31:00,POAI
1.1,1.1,1.1,1.1,100,2021-08-10 16:33:00,POAI
1.1,1.1,1.1,1.1,100,2021-08-10 16:34:00,POAI
1.1,1.1,1.1,1.1,100,2021-08-10 16:35:00,POAI
1.1018,1.1018,1.1018,1.1018,825,2021-08-10 16:37:00,POAI
1.1,1.1,1.1,1.1,200,2021-08-10 16:39:00,POAI
1.105,1.105,1.105,1.105,100,2021-08-10 16:43:00,POAI
1.105,1.105,1.105,1.105,900,2021-08-10 16:44:00,POAI
1.102,1.102,1.102,1.102,116,2021-08-10 16:45:00,POAI
1.105,1.105,1.105,1.105,400,2021-08-10 16:48:00,POAI
1.1001,1.1001,1.1001,1.1001,500,2021-08-10 16:49:00,POAI
1.1001,1.1001,1.1001,1.1001,100,2021-08-10 16:51:00,POAI
1.1001,1.1001,1.1001,1.1001,150,2021-08-10 16:52:00,POAI
1.105,1.105,1.105,1.105,1359,2021-08-10 16:53:00,POAI
1.1001,1.1001,1.1,1.1,810,2021-08-10 16:54:00,POAI
1.1,1.1,1.1,1.1,100,2021-08-10 16:55:00,POAI
1.1094,1.1094,1.1094,1.1094,2612,2021-08-10 16:56:00,POAI
1.105,1.105,1.105,1.105,100,2021-08-10 16:57:00,POAI
1.105,1.105,1.105,1.105,1671,2021-08-10 16:58:00,POAI
1.1,1.1,1.1,1.1,100,2021-08-10 16:59:00,POAI
1.1,1.11,1.1,1.11,1000,2021-08-10 17:02:00,POAI
1.1,1.1,1.1,1.1,100,2021-08-10 17:05:00,POAI
1.1032,1.1032,1.1001,1.1001,1188,2021-08-10 17:06:00,POAI
1.1,1.1,1.1,1.1,100,2021-08-10 17:09:00,POAI
1.1018,1.1018,1.1018,1.1018,700,2021-08-10 17:10:00,POAI
1.1013,1.1013,1.1013,1.1013,4200,2021-08-10 17:12:00,POAI
1.1099,1.1099,1.1099,1.1099,1500,2021-08-10 17:13:00,POAI
1.1,1.1,1.1,1.1,100,2021-08-10 17:14:00,POAI
1.1099,1.1099,1.105,1.105,988,2021-08-10 17:15:00,POAI
1.11,1.11,1.105,1.1054,4200,2021-08-10 17:16:00,POAI
1.1,1.1,1.1,1.1,100,2021-08-10 17:17:00,POAI
1.1,1.105,1.1,1.105,1840,2021-08-10 17:19:00,POAI
1.105,1.105,1.1,1.1,200,2021-08-10 17:23:00,POAI
1.105,1.105,1.105,1.105,2999,2021-08-10 17:24:00,POAI
1.1,1.105,1.1,1.105,200,2021-08-10 17:27:00,POAI
1.1094,1.1094,1.1,1.105,1285,2021-08-10 17:28:00,POAI
1.105,1.105,1.105,1.105,200,2021-08-10 17:29:00,POAI
1.1,1.105,1.1,1.105,200,2021-08-10 17:31:00,POAI
1.105,1.105,1.1,1.105,312,2021-08-10 17:33:00,POAI
1.1,1.1,1.1,1.1,100,2021-08-10 17:38:00,POAI
1.11,1.11,1.11,1.11,20000,2021-08-10 17:44:00,POAI
1.1,1.1,1.1,1.1,100,2021-08-10 17:45:00,POAI
1.105,1.11,1.105,1.11,9926,2021-08-10 17:46:00,POAI
1.1099,1.1099,1.1099,1.1099,2600,2021-08-10 17:47:00,POAI
1.11,1.11,1.11,1.11,1000,2021-08-10 17:48:00,POAI
1.1055,1.1055,1.1,1.1,650,2021-08-10 17:50:00,POAI
1.1,1.11,1.1,1.1,1178,2021-08-10 17:51:00,POAI
1.1099,1.1099,1.1,1.1,200,2021-08-10 17:52:00,POAI
1.1,1.105,1.1,1.1,2425,2021-08-10 17:53:00,POAI
1.1,1.1,1.1,1.1,200,2021-08-10 17:54:00,POAI
1.1,1.11,1.1,1.1,710,2021-08-10 17:55:00,POAI
1.1,1.1,1.1,1.1,200,2021-08-10 17:56:00,POAI
1.1,1.1,1.1,1.1,200,2021-08-10 17:57:00,POAI
1.1,1.1,1.1,1.1,100,2021-08-10 17:58:00,POAI
1.1,1.1,1.1,1.1,100,2021-08-10 17:59:00,POAI
1.1,1.1088,1.1,1.105,1630,2021-08-10 18:00:00,POAI
1.1,1.1,1.1,1.1,100,2021-08-10 18:01:00,POAI
1.1,1.1,1.1,1.1,100,2021-08-10 18:02:00,POAI
1.1,1.1,1.1,1.1,100,2021-08-10 18:03:00,POAI
1.1,1.1,1.1,1.1,100,2021-08-10 18:04:00,POAI
1.1,1.1,1.1,1.1,5800,2021-08-10 18:06:00,POAI
1.11,1.11,1.1,1.1,300,2021-08-10 18:07:00,POAI
1.1,1.1,1.1,1.1,795,2021-08-10 18:08:00,POAI
1.105,1.105,1.1,1.1,16100,2021-08-10 18:09:00,POAI
1.1,1.1,1.1,1.1,100,2021-08-10 18:11:00,POAI
1.1091,1.1091,1.1091,1.1091,100,2021-08-10 18:12:00,POAI
1.1,1.1,1.1,1.1,100,2021-08-10 18:13:00,POAI
1.1,1.1,1.1,1.1,200,2021-08-10 18:14:00,POAI
1.1,1.1,1.1,1.1,200,2021-08-10 18:15:00,POAI
1.1,1.1,1.1,1.1,200,2021-08-10 18:16:00,POAI
1.1,1.1,1.1,1.1,200,2021-08-10 18:17:00,POAI
1.1,1.11,1.1,1.1097,6900,2021-08-10 18:18:00,POAI
1.1,1.1,1.1,1.1,200,2021-08-10 18:19:00,POAI
1.11,1.11,1.1,1.1099,3900,2021-08-10 18:20:00,POAI
1.1,1.1,1.1,1.1,30100,2021-08-10 18:21:00,POAI
1.1,1.1,1.1,1.1,1668,2021-08-10 18:22:00,POAI
1.1,1.1,1.1,1.1,100,2021-08-10 18:23:00,POAI
1.1011,1.1011,1.1,1.1,600,2021-08-10 18:24:00,POAI
1.1,1.1,1.1,1.1,100,2021-08-10 18:25:00,POAI
1.1,1.1,1.1,1.1,100,2021-08-10 18:26:00,POAI
1.1,1.1,1.1,1.1,300,2021-08-10 18:27:00,POAI
1.1,1.1,1.1,1.1,400,2021-08-10 18:28:00,POAI
1.1,1.1,1.1,1.1,900,2021-08-10 18:29:00,POAI
1.1,1.1,1.1,1.1,300,2021-08-10 18:30:00,POAI
1.1,1.105,1.1,1.105,979,2021-08-10 18:31:00,POAI
1.105,1.105,1.1,1.1,767,2021-08-10 18:32:00,POAI
1.1,1.1,1.1,1.1,200,2021-08-10 18:33:00,POAI
1.11,1.11,1.1,1.1,2250,2021-08-10 18:34:00,POAI
1.1001,1.105,1.1,1.1,5300,2021-08-10 18:35:00,POAI
1.1,1.105,1.1,1.1,900,2021-08-10 18:36:00,POAI
1.1,1.1,1.1,1.1,1500,2021-08-10 18:38:00,POAI
1.105,1.105,1.102,1.102,2000,2021-08-10 18:39:00,POAI
1.1,1.1,1.1,1.1,100,2021-08-10 18:40:00,POAI
1.1,1.105,1.1,1.1,300,2021-08-10 18:41:00,POAI
1.1,1.1,1.1,1.1,100,2021-08-10 18:42:00,POAI
1.105,1.105,1.1,1.105,901,2021-08-10 18:43:00,POAI
1.1,1.1,1.1,1.1,200,2021-08-10 18:44:00,POAI
1.1,1.11,1.1,1.11,400,2021-08-10 18:45:00,POAI
1.1,1.1,1.1,1.1,100,2021-08-10 18:46:00,POAI
1.1,1.1,1.1,1.1,100,2021-08-10 18:47:00,POAI
1.1,1.1021,1.1,1.1021,325,2021-08-10 18:48:00,POAI
1.105,1.105,1.1,1.1,200,2021-08-10 18:49:00,POAI
1.1,1.1,1.1,1.1,100,2021-08-10 18:53:00,POAI
1.1001,1.1001,1.1001,1.1001,100,2021-08-10 19:01:00,POAI
1.1,1.11,1.1,1.11,1200,2021-08-10 19:10:00,POAI
1.105,1.1097,1.105,1.1097,6848,2021-08-10 19:12:00,POAI
1.105,1.105,1.105,1.105,7000,2021-08-10 19:13:00,POAI
1.105,1.11,1.1,1.105,2578,2021-08-10 19:14:00,POAI
1.1,1.1,1.1,1.1,100,2021-08-10 19:15:00,POAI
1.105,1.105,1.1,1.105,431,2021-08-10 19:16:00,POAI
1.1,1.105,1.1,1.1,531,2021-08-10 19:17:00,POAI
1.1,1.1,1.1,1.1,1201,2021-08-10 19:18:00,POAI
1.1,1.105,1.1,1.1,450,2021-08-10 19:20:00,POAI
1.11,1.11,1.1,1.1,210,2021-08-10 19:21:00,POAI
1.1,1.105,1.1,1.1,500,2021-08-10 19:23:00,POAI
1.1,1.1,1.1,1.1,100,2021-08-10 19:25:00,POAI
1.1001,1.1001,1.1,1.1,361,2021-08-10 19:26:00,POAI
1.1,1.1,1.1,1.1,100,2021-08-10 19:27:00,POAI
1.1,1.105,1.1,1.105,200,2021-08-10 19:29:00,POAI
1.105,1.105,1.105,1.105,100,2021-08-10 19:31:00,POAI
1.1058,1.1058,1.105,1.105,900,2021-08-10 19:34:00,POAI
1.11,1.11,1.1,1.105,5318,2021-08-10 19:35:00,POAI
1.1095,1.1095,1.105,1.105,200,2021-08-10 19:37:00,POAI
1.1057,1.1057,1.1057,1.1057,904,2021-08-10 19:38:00,POAI
1.105,1.105,1.105,1.105,400,2021-08-10 19:42:00,POAI
1.105,1.105,1.105,1.105,100,2021-08-10 19:43:00,POAI
1.1,1.1,1.1,1.1,100,2021-08-10 19:45:00,POAI
1.105,1.11,1.1,1.1,500,2021-08-10 19:46:00,POAI
1.1091,1.1091,1.1091,1.1091,500,2021-08-10 19:47:00,POAI
1.11,1.11,1.1,1.1,1015,2021-08-10 19:48:00,POAI
1.105,1.105,1.1,1.1,3100,2021-08-10 19:49:00,POAI
1.105,1.105,1.105,1.105,800,2021-08-10 19:50:00,POAI
1.105,1.11,1.1,1.11,2301,2021-08-10 19:51:00,POAI
1.1001,1.1001,1.1001,1.1001,1000,2021-08-10 19:52:00,POAI
1.105,1.108,1.105,1.105,2124,2021-08-10 19:55:00,POAI
1.1074,1.1074,1.1001,1.1001,1200,2021-08-10 19:56:00,POAI
1.105,1.11,1.105,1.105,2140,2021-08-10 19:57:00,POAI
1.11,1.11,1.1043,1.1087,5200,2021-08-10 19:58:00,POAI
1.1,1.1,1.1,1.1,19521,2021-08-10 19:59:00,POAI
1.1,1.1,1.1,1.1,717,2021-08-10 20:00:00,POAI
1.1,1.1,1.1,1.1,500,2021-08-10 20:18:00,POAI
1.11,1.11,1.11,1.11,300,2021-08-10 20:49:00,POAI
1.11,1.11,1.11,1.11,100,2021-08-10 20:50:00,POAI
1.1,1.1,1.1,1.1,100,2021-08-10 21:12:00,POAI
1.1,1.1,1.1,1.1,6840,2021-08-10 21:21:00,POAI
1.1,1.1,1.1,1.1,2000,2021-08-10 21:29:00,POAI
1.1,1.1,1.1,1.1,433,2021-08-10 21:34:00,POAI
1.1,1.1,1.1,1.1,319,2021-08-10 22:05:00,POAI
1.13,1.13,1.13,1.13,700,2021-08-10 23:01:00,POAI
1.11,1.11,1.11,1.11,267,2021-08-10 23:06:00,POAI
1.1,1.1,1.1,1.1,100,2021-08-10 23:08:00,POAI
1.1,1.1,1.1,1.1,712,2021-08-10 23:26:00,POAI
1.13,1.13,1.13,1.13,100,2021-08-10 23:42:00,POAI
1.11,1.11,1.11,1.11,448,2021-08-10 23:53:00,POAI
1.1,1.1,1.1,1.1,552,2021-08-10 23:59:00,POAI
1.1,1.1,1.1,1.1,338,2021-08-11 12:06:00,POAI
1.1,1.1,1.1,1.1,904,2021-08-11 12:13:00,POAI
1.1,1.1,1.1,1.1,200,2021-08-11 12:42:00,POAI
1.09,1.09,1.09,1.09,890,2021-08-11 12:43:00,POAI
1.09,1.09,1.07,1.07,42409,2021-08-11 12:48:00,POAI
1.07,1.07,1.07,1.07,20400,2021-08-11 12:50:00,POAI
1.07,1.07,1.07,1.07,5055,2021-08-11 12:51:00,POAI
1.06,1.07,1.06,1.06,4027,2021-08-11 12:52:00,POAI
1.06,1.06,1.06,1.06,2200,2021-08-11 12:53:00,POAI
1.0501,1.0501,1.05,1.05,378,2021-08-11 12:54:00,POAI
1.05,1.06,1.05,1.06,2200,2021-08-11 12:55:00,POAI
1.05,1.05,1.05,1.05,1939,2021-08-11 12:56:00,POAI
1.05,1.05,1.02,1.02,17195,2021-08-11 12:57:00,POAI
1.02,1.02,1.01,1.01,21559,2021-08-11 12:58:00,POAI
1.02,1.02,0.99,0.99,43889,2021-08-11 12:59:00,POAI
0.99,0.99,0.989,0.989,4099,2021-08-11 13:00:00,POAI
0.988099,0.9901,0.9709,0.9709,1978,2021-08-11 13:01:00,POAI
0.97,0.97,0.92,0.9201,16723,2021-08-11 13:02:00,POAI
0.92,0.93,0.92,0.92,28198,2021-08-11 13:03:00,POAI
0.92,0.93,0.899999,0.91,32697,2021-08-11 13:04:00,POAI
0.912,1.0,0.912,0.98,12432,2021-08-11 13:05:00,POAI
0.95,0.96,0.94,0.95,15374,2021-08-11 13:06:00,POAI
0.9595,0.97,0.95,0.97,7996,2021-08-11 13:07:00,POAI
0.9782,0.9799,0.964999,0.964999,14784,2021-08-11 13:08:00,POAI
0.97,0.9798,0.96,0.9797,3514,2021-08-11 13:09:00,POAI
0.97,0.9797,0.968,0.97,9519,2021-08-11 13:10:00,POAI
0.97,0.97,0.94,0.95,21989,2021-08-11 13:11:00,POAI
0.9505,0.9786,0.9505,0.9786,22308,2021-08-11 13:12:00,POAI
0.9705,0.9797,0.9705,0.979699,4360,2021-08-11 13:13:00,POAI
0.9797,0.9921,0.979,0.9921,9531,2021-08-11 13:14:00,POAI
1.0,1.0,0.9922,1.0,5578,2021-08-11 13:15:00,POAI
1.0,1.0,0.99,0.9951,27999,2021-08-11 13:16:00,POAI
0.999,0.9999,0.99,0.995,2370,2021-08-11 13:17:00,POAI
0.9945,0.995,0.981,0.981,6329,2021-08-11 13:18:00,POAI
0.983,0.9999,0.983,0.9999,16971,2021-08-11 13:19:00,POAI
0.9999,1.02,0.9999,1.02,17171,2021-08-11 13:20:00,POAI
1.03,1.03,1.03,1.03,6850,2021-08-11 13:21:00,POAI
1.03,1.03,1.02,1.02,3595,2021-08-11 13:22:00,POAI
1.0401,1.0401,1.04,1.04,2646,2021-08-11 13:23:00,POAI
1.04,1.04,1.04,1.04,1100,2021-08-11 13:24:00,POAI
1.04,1.06,1.04,1.05,13703,2021-08-11 13:25:00,POAI
1.09,1.09,1.0601,1.0601,2395,2021-08-11 13:27:00,POAI
1.07,1.07,1.06,1.06,1685,2021-08-11 13:28:00,POAI
1.07,1.078,1.06,1.065,40893,2021-08-11 13:30:00,POAI
1.06,1.0699,1.06,1.0699,22035,2021-08-11 13:31:00,POAI
1.07,1.07,1.01,1.015,137597,2021-08-11 13:32:00,POAI
1.0101,1.02,1.0101,1.0186,12193,2021-08-11 13:33:00,POAI
1.0199,1.06,1.0101,1.035,91506,2021-08-11 13:34:00,POAI
1.035,1.04,1.0308,1.04,14285,2021-08-11 13:35:00,POAI
1.04,1.04,1.0301,1.035,4750,2021-08-11 13:36:00,POAI
1.03,1.035,1.03,1.03,13157,2021-08-11 13:37:00,POAI
1.03,1.04,1.023,1.03,58940,2021-08-11 13:38:00,POAI
1.03,1.03,1.02,1.0285,16577,2021-08-11 13:39:00,POAI
1.025,1.025,1.025,1.025,700,2021-08-11 13:40:00,POAI
1.03,1.03,1.0263,1.0263,3900,2021-08-11 13:41:00,POAI
1.03,1.03,1.0201,1.025,4868,2021-08-11 13:42:00,POAI
1.03,1.03,1.015,1.02,24997,2021-08-11 13:43:00,POAI
1.0101,1.02,1.01,1.015,65553,2021-08-11 13:44:00,POAI
1.015,1.02,1.01,1.015,24645,2021-08-11 13:45:00,POAI
1.0182,1.0199,1.0101,1.0199,812,2021-08-11 13:46:00,POAI
1.0199,1.02,1.01,1.01,17354,2021-08-11 13:47:00,POAI
1.019,1.019,1.01,1.01,7354,2021-08-11 13:48:00,POAI
1.015,1.0199,1.01,1.01,4400,2021-08-11 13:49:00,POAI
1.012,1.02,1.01,1.012,2587,2021-08-11 13:50:00,POAI
1.015,1.02,1.01,1.01,10895,2021-08-11 13:51:00,POAI
1.01,1.02,1.01,1.01,14368,2021-08-11 13:52:00,POAI
1.01,1.02,1.01,1.015,900,2021-08-11 13:53:00,POAI
1.01,1.02,1.01,1.0185,2500,2021-08-11 13:54:00,POAI
1.0109,1.02,1.01,1.01,18540,2021-08-11 13:55:00,POAI
1.01,1.02,1.01,1.01,32323,2021-08-11 13:56:00,POAI
1.015,1.02,1.01,1.01,10868,2021-08-11 13:57:00,POAI
1.02,1.02,1.01,1.02,6046,2021-08-11 13:58:00,POAI
1.01,1.02,1.01,1.01,3900,2021-08-11 13:59:00,POAI
1.01,1.02,1.01,1.01,3505,2021-08-11 14:00:00,POAI
1.02,1.02,1.01,1.01,14150,2021-08-11 14:01:00,POAI
1.015,1.02,1.01,1.02,4236,2021-08-11 14:02:00,POAI
1.02,1.02,1.015,1.02,5277,2021-08-11 14:03:00,POAI
1.015,1.02,1.015,1.015,17900,2021-08-11 14:04:00,POAI
1.015,1.02,1.01,1.01,3767,2021-08-11 14:05:00,POAI
1.02,1.02,1.01,1.01,1003,2021-08-11 14:06:00,POAI
1.02,1.02,1.02,1.02,140,2021-08-11 14:09:00,POAI
1.02,1.02,1.0101,1.02,7393,2021-08-11 14:10:00,POAI
1.0199,1.02,1.0174,1.0174,765,2021-08-11 14:11:00,POAI
1.015,1.0199,1.015,1.015,7122,2021-08-11 14:12:00,POAI
1.015,1.0199,1.015,1.015,13600,2021-08-11 14:13:00,POAI
1.015,1.02,1.01,1.01,3351,2021-08-11 14:14:00,POAI
1.0155,1.02,1.0101,1.015,8782,2021-08-11 14:15:00,POAI
1.02,1.02,1.01,1.01,1500,2021-08-11 14:16:00,POAI
1.01,1.018,1.01,1.01,1253,2021-08-11 14:17:00,POAI
1.01,1.02,1.01,1.015,27390,2021-08-11 14:18:00,POAI
1.02,1.02,1.0117,1.015,19427,2021-08-11 14:19:00,POAI
1.01,1.02,1.01,1.02,5000,2021-08-11 14:20:00,POAI
1.02,1.02,1.01,1.0199,5146,2021-08-11 14:21:00,POAI
1.02,1.02,1.01,1.01,10029,2021-08-11 14:22:00,POAI
1.0109,1.02,1.0109,1.02,29964,2021-08-11 14:23:00,POAI
1.015,1.015,1.015,1.015,300,2021-08-11 14:24:00,POAI
1.015,1.02,1.015,1.015,16257,2021-08-11 14:25:00,POAI
1.0199,1.02,1.015,1.02,4593,2021-08-11 14:26:00,POAI
1.02,1.02,1.015,1.015,3191,2021-08-11 14:27:00,POAI
1.02,1.02,1.01,1.02,6602,2021-08-11 14:28:00,POAI
1.01,1.02,1.01,1.015,2995,2021-08-11 14:29:00,POAI
1.015,1.015,1.0101,1.0101,1474,2021-08-11 14:30:00,POAI
1.02,1.02,1.015,1.015,720,2021-08-11 14:31:00,POAI
1.0199,1.02,1.015,1.02,2097,2021-08-11 14:33:00,POAI
1.01,1.015,1.01,1.015,1270,2021-08-11 14:34:00,POAI
1.015,1.02,1.01,1.02,7175,2021-08-11 14:35:00,POAI
1.0121,1.02,1.0121,1.015,6226,2021-08-11 14:36:00,POAI
1.0189,1.02,1.015,1.02,9850,2021-08-11 14:38:00,POAI
1.0183,1.02,1.015,1.015,4438,2021-08-11 14:39:00,POAI
1.015,1.02,1.015,1.015,24655,2021-08-11 14:40:00,POAI
1.015,1.015,1.015,1.015,400,2021-08-11 14:41:00,POAI
1.0199,1.0199,1.0199,1.0199,573,2021-08-11 14:42:00,POAI
1.01,1.015,1.01,1.015,800,2021-08-11 14:43:00,POAI
1.02,1.02,1.02,1.02,500,2021-08-11 14:44:00,POAI
1.015,1.02,1.01,1.015,132304,2021-08-11 14:45:00,POAI
1.015,1.02,1.01,1.01,6215,2021-08-11 14:46:00,POAI
1.015,1.02,1.015,1.015,2000,2021-08-11 14:47:00,POAI
1.01,1.0176,1.01,1.0176,1313,2021-08-11 14:48:00,POAI
1.02,1.02,1.01,1.015,1700,2021-08-11 14:49:00,POAI
1.02,1.02,1.01,1.0174,65260,2021-08-11 14:50:00,POAI
1.02,1.02,1.0125,1.02,86154,2021-08-11 14:51:00,POAI
1.0195,1.03,1.015,1.025,64525,2021-08-11 14:52:00,POAI
1.025,1.03,1.02,1.025,110893,2021-08-11 14:53:00,POAI
1.03,1.03,1.025,1.0299,35400,2021-08-11 14:54:00,POAI
1.03,1.03,1.02,1.0201,84638,2021-08-11 14:55:00,POAI
1.02,1.02,1.01,1.0199,21953,2021-08-11 14:56:00,POAI
1.015,1.015,1.015,1.015,1200,2021-08-11 14:57:00,POAI
1.015,1.015,1.015,1.015,200,2021-08-11 14:58:00,POAI
1.02,1.02,1.02,1.02,2000,2021-08-11 14:59:00,POAI
1.015,1.015,1.01,1.01,25026,2021-08-11 15:00:00,POAI
1.01,1.02,1.01,1.01,1092,2021-08-11 15:01:00,POAI
1.0184,1.0184,1.015,1.015,1100,2021-08-11 15:02:00,POAI
1.0199,1.0199,1.01,1.01,546,2021-08-11 15:03:00,POAI
1.01,1.015,1.01,1.015,8800,2021-08-11 15:04:00,POAI
1.01,1.0181,1.01,1.01,1000,2021-08-11 15:05:00,POAI
1.0199,1.02,1.01,1.0199,810,2021-08-11 15:06:00,POAI
1.01,1.0179,1.01,1.0179,2800,2021-08-11 15:07:00,POAI
1.01,1.02,1.01,1.01,800,2021-08-11 15:08:00,POAI
1.018,1.018,1.01,1.01,2600,2021-08-11 15:09:00,POAI
1.01,1.01,1.01,1.01,200,2021-08-11 15:10:00,POAI
1.01,1.01,1.0,1.0079,250795,2021-08-11 15:11:00,POAI
1.0,1.01,1.0,1.01,1549,2021-08-11 15:12:00,POAI
1.0,1.005,0.99,0.99,86891,2021-08-11 15:13:00,POAI
0.998899,0.998899,0.99,0.9901,18900,2021-08-11 15:14:00,POAI
0.99,0.9901,0.99,0.9901,11027,2021-08-11 15:15:00,POAI
0.99005,0.9901,0.99005,0.99005,11931,2021-08-11 15:16:00,POAI
0.9901,0.9985,0.99,0.9984,11050,2021-08-11 15:17:00,POAI
0.9984,0.9984,0.99,0.99,11492,2021-08-11 15:18:00,POAI
0.9939,0.994,0.99,0.99,4231,2021-08-11 15:19:00,POAI
0.9901,0.9901,0.99005,0.9901,13883,2021-08-11 15:20:00,POAI
0.9906,0.9906,0.990196,0.990196,302,2021-08-11 15:21:00,POAI
0.9903,0.99065,0.99025,0.99065,1001,2021-08-11 15:22:00,POAI
0.9905,0.9939,0.9904,0.99235,14481,2021-08-11 15:23:00,POAI
0.99235,0.9939,0.99085,0.99245,22625,2021-08-11 15:24:00,POAI
0.9939,0.9983,0.99,0.99015,15927,2021-08-11 15:25:00,POAI
0.9902,0.9913,0.99,0.9913,14917,2021-08-11 15:26:00,POAI
0.9908,0.9908,0.9908,0.9908,200,2021-08-11 15:27:00,POAI
0.9903,0.9913,0.99,0.9902,37980,2021-08-11 15:28:00,POAI
0.9902,0.9903,0.9902,0.990298,2800,2021-08-11 15:29:00,POAI
0.9903,0.9903,0.99,0.99005,13069,2021-08-11 15:30:00,POAI
0.9901,0.9901,0.99005,0.9901,6200,2021-08-11 15:31:00,POAI
0.9901,0.9901,0.9901,0.9901,3300,2021-08-11 15:32:00,POAI
0.99,0.9901,0.99,0.99,7450,2021-08-11 15:33:00,POAI
0.9901,0.9901,0.9901,0.9901,1736,2021-08-11 15:34:00,POAI
0.9901,0.9901,0.99,0.9901,1220,2021-08-11 15:35:00,POAI
0.9901,0.9901,0.99,0.99005,6989,2021-08-11 15:36:00,POAI
0.9901,0.9901,0.99,0.99009,20962,2021-08-11 15:37:00,POAI
0.9901,0.9901,0.99005,0.99005,5173,2021-08-11 15:38:00,POAI
0.99,0.9901,0.99,0.9901,5437,2021-08-11 15:39:00,POAI
0.9901,0.9901,0.99005,0.9901,3518,2021-08-11 15:40:00,POAI
0.99005,0.9902,0.99005,0.9901,5558,2021-08-11 15:41:00,POAI
0.9902,0.9902,0.9902,0.9902,2700,2021-08-11 15:42:00,POAI
0.99015,0.9902,0.983,0.983,119803,2021-08-11 15:43:00,POAI
0.98,0.98,0.9701,0.9702,56242,2021-08-11 15:44:00,POAI
0.97015,0.97015,0.97,0.9701,13650,2021-08-11 15:45:00,POAI
0.97005,0.9701,0.97,0.9701,6448,2021-08-11 15:46:00,POAI
0.97,0.9701,0.97,0.97,14108,2021-08-11 15:47:00,POAI
0.9701,0.9701,0.97,0.9701,4933,2021-08-11 15:48:00,POAI
0.97,0.9701,0.9603,0.9701,40006,2021-08-11 15:49:00,POAI
0.9606,0.9628,0.9604,0.9605,14054,2021-08-11 15:50:00,POAI
0.96043,0.9605,0.9603,0.9604,17524,2021-08-11 15:51:00,POAI
0.9604,0.9604,0.960396,0.9604,1651,2021-08-11 15:52:00,POAI
0.9604,0.9642,0.96,0.9601,36347,2021-08-11 15:53:00,POAI
0.9601,0.9601,0.96,0.96005,4460,2021-08-11 15:54:00,POAI
0.9601,0.9601,0.96,0.96,7395,2021-08-11 15:55:00,POAI
0.96,0.96,0.95,0.9503,52966,2021-08-11 15:56:00,POAI
0.95025,0.96,0.9501,0.9502,28800,2021-08-11 15:57:00,POAI
0.9599,0.9599,0.9503,0.9598,2800,2021-08-11 15:58:00,POAI
0.9502,0.9599,0.9502,0.9552,2212,2021-08-11 15:59:00,POAI
0.9599,0.9603,0.9552,0.9599,5996,2021-08-11 16:00:00,POAI
0.9599,0.975299,0.9595,0.975299,32865,2021-08-11 16:01:00,POAI
0.975199,0.975199,0.9704,0.9728,7900,2021-08-11 16:02:00,POAI
0.97515,0.9753,0.9601,0.969949,17828,2021-08-11 16:03:00,POAI
0.9748,0.9748,0.965,0.9673,9605,2021-08-11 16:04:00,POAI
0.9662,0.974699,0.9653,0.9699,4700,2021-08-11 16:05:00,POAI
0.9699,0.9749,0.966177,0.9749,15399,2021-08-11 16:06:00,POAI
0.9749,0.9749,0.9706,0.9706,10709,2021-08-11 16:07:00,POAI
0.9712,0.9757,0.965,0.965,22200,2021-08-11 16:08:00,POAI
0.9728,0.9728,0.9725,0.9728,2973,2021-08-11 16:09:00,POAI
0.972699,0.9728,0.972699,0.9728,1031,2021-08-11 16:10:00,POAI
0.9728,0.9756,0.971399,0.9728,1489,2021-08-11 16:11:00,POAI
0.987699,0.9877,0.985315,0.987599,1620,2021-08-11 16:12:00,POAI
0.98,0.9876,0.98,0.9869,2306,2021-08-11 16:13:00,POAI
0.9869,0.9869,0.98,0.986899,39660,2021-08-11 16:14:00,POAI
0.9868,0.9869,0.9866,0.9869,1300,2021-08-11 16:15:00,POAI
0.9871,0.9871,0.98355,0.987,2748,2021-08-11 16:16:00,POAI
0.9872,0.99,0.987,0.99,5205,2021-08-11 16:17:00,POAI
0.9868,0.99,0.9868,0.9899,4517,2021-08-11 16:18:00,POAI
0.9896,0.99,0.9884,0.9884,892,2021-08-11 16:19:00,POAI
0.9897,0.9897,0.988,0.988,200,2021-08-11 16:20:00,POAI
0.987999,0.988,0.98671,0.987899,4805,2021-08-11 16:21:00,POAI
0.98735,0.98735,0.98735,0.98735,700,2021-08-11 16:22:00,POAI
0.988,0.988,0.988,0.988,1200,2021-08-11 16:23:00,POAI
0.9897,0.9899,0.9884,0.9884,1300,2021-08-11 16:24:00,POAI
0.99,0.99,0.98835,0.98835,1950,2021-08-11 16:25:00,POAI
0.989999,0.989999,0.989,0.989899,1623,2021-08-11 16:27:00,POAI
0.9884,0.9884,0.9884,0.9884,125,2021-08-11 16:29:00,POAI
0.99,0.99,0.99,0.99,1700,2021-08-11 16:30:00,POAI
0.991401,0.991401,0.991401,0.991401,6347,2021-08-11 16:31:00,POAI
0.9914,0.9914,0.9914,0.9914,455,2021-08-11 16:32:00,POAI
0.9997,0.9998,0.9997,0.9998,4900,2021-08-11 16:33:00,POAI
0.9998,0.9998,0.9914,0.9914,3008,2021-08-11 16:34:00,POAI
0.999699,0.9997,0.999699,0.9997,2031,2021-08-11 16:35:00,POAI
0.999799,0.999799,0.999699,0.999699,390,2021-08-11 16:36:00,POAI
0.998915,0.9997,0.9942,0.9957,665,2021-08-11 16:37:00,POAI
0.9942,0.9997,0.9942,0.9958,1700,2021-08-11 16:38:00,POAI
0.999427,0.999599,0.997699,0.999599,6769,2021-08-11 16:39:00,POAI
0.9997,0.9997,0.9984,0.9984,1950,2021-08-11 16:40:00,POAI
0.999,0.999,0.999,0.999,400,2021-08-11 16:41:00,POAI
0.9993,0.9993,0.9991,0.9991,260,2021-08-11 16:42:00,POAI
0.9991,1.0,0.9991,0.9999,3060,2021-08-11 16:43:00,POAI
0.999899,1.0,0.9989,1.0,12636,2021-08-11 16:44:00,POAI
1.0,1.0,0.9999,0.9999,10326,2021-08-11 16:45:00,POAI
0.9985,0.9985,0.9985,0.9985,301,2021-08-11 16:46:00,POAI
1.0,1.0,1.0,1.0,725,2021-08-11 16:48:00,POAI
1.0,1.0,1.0,1.0,9881,2021-08-11 16:49:00,POAI
1.0,1.0,1.0,1.0,100,2021-08-11 16:51:00,POAI
0.9999,0.9999,0.9999,0.9999,500,2021-08-11 16:52:00,POAI
0.9986,0.9999,0.9986,0.9999,1514,2021-08-11 16:53:00,POAI
0.9985,0.9999,0.9985,0.9999,300,2021-08-11 16:54:00,POAI
0.9999,0.9999,0.9992,0.999899,5050,2021-08-11 16:55:00,POAI
0.9999,0.9999,0.9997,0.999886,5400,2021-08-11 16:56:00,POAI
0.9999,1.01,0.9999,1.0,17471,2021-08-11 16:57:00,POAI
1.0094,1.0094,1.0,1.0,33399,2021-08-11 16:58:00,POAI
1.005,1.0078,1.005,1.0078,579,2021-08-11 16:59:00,POAI
1.01,1.01,1.005,1.005,1679,2021-08-11 17:01:00,POAI
1.0099,1.0099,1.0099,1.0099,159,2021-08-11 17:02:00,POAI
1.0001,1.0001,1.0001,1.0001,1000,2021-08-11 17:03:00,POAI
1.005,1.01,1.005,1.01,900,2021-08-11 17:04:00,POAI
1.0082,1.0082,1.0082,1.0082,1000,2021-08-11 17:05:00,POAI
1.0099,1.0099,1.005,1.0086,7000,2021-08-11 17:07:00,POAI
1.0093,1.0093,1.0093,1.0093,300,2021-08-11 17:08:00,POAI
1.0084,1.0084,1.005,1.005,900,2021-08-11 17:09:00,POAI
1.005,1.005,1.005,1.005,1297,2021-08-11 17:10:00,POAI
1.005,1.0079,1.0,1.0079,8265,2021-08-11 17:12:00,POAI
1.0001,1.008,1.0001,1.008,4700,2021-08-11 17:13:00,POAI
1.0079,1.0079,1.0079,1.0079,144,2021-08-11 17:16:00,POAI
1.0,1.005,1.0,1.005,2009,2021-08-11 17:18:00,POAI
1.0084,1.0084,1.0084,1.0084,995,2021-08-11 17:21:00,POAI
1.0001,1.01,1.0001,1.01,2687,2021-08-11 17:22:00,POAI
1.01,1.01,1.005,1.0078,16201,2021-08-11 17:23:00,POAI
1.0078,1.0078,1.0078,1.0078,100,2021-08-11 17:24:00,POAI
1.0043,1.0043,1.0043,1.0043,500,2021-08-11 17:27:00,POAI
1.0094,1.0094,1.0094,1.0094,2000,2021-08-11 17:28:00,POAI
1.0092,1.0099,1.0092,1.0099,1400,2021-08-11 17:29:00,POAI
1.0071,1.0071,1.0,1.0,200,2021-08-11 17:33:00,POAI
1.005,1.005,1.005,1.005,2941,2021-08-11 17:37:00,POAI
1.0099,1.0099,1.0099,1.0099,2000,2021-08-11 17:38:00,POAI
1.0032,1.0032,1.0032,1.0032,6000,2021-08-11 17:39:00,POAI
1.0062,1.0062,1.0062,1.0062,445,2021-08-11 17:40:00,POAI
1.0075,1.0075,1.0075,1.0075,322,2021-08-11 17:42:00,POAI
1.0001,1.0001,1.0001,1.0001,500,2021-08-11 17:45:00,POAI
1.0001,1.0001,1.0001,1.0001,100,2021-08-11 17:47:00,POAI
1.0076,1.0079,1.0076,1.0079,2346,2021-08-11 17:48:00,POAI
1.005,1.005,1.005,1.005,1000,2021-08-11 17:49:00,POAI
1.005,1.005,1.005,1.005,300,2021-08-11 17:50:00,POAI
1.0001,1.0001,1.0001,1.0001,1000,2021-08-11 17:53:00,POAI
1.0,1.01,1.0,1.005,8300,2021-08-11 17:55:00,POAI
1.0099,1.0099,1.0099,1.0099,100,2021-08-11 17:56:00,POAI
1.0009,1.005,1.0009,1.005,13100,2021-08-11 17:57:00,POAI
1.01,1.01,1.0,1.005,2100,2021-08-11 18:00:00,POAI
1.005,1.005,1.005,1.005,131,2021-08-11 18:01:00,POAI
1.0,1.005,1.0,1.005,200,2021-08-11 18:02:00,POAI
1.01,1.01,1.01,1.01,200,2021-08-11 18:03:00,POAI
1.005,1.0099,1.005,1.0099,1129,2021-08-11 18:04:00,POAI
1.0,1.01,1.0,1.005,76274,2021-08-11 18:05:00,POAI
1.0072,1.0099,1.0,1.005,2650,2021-08-11 18:06:00,POAI
1.0088,1.0088,1.005,1.0076,1159,2021-08-11 18:07:00,POAI
1.0079,1.0079,1.005,1.005,1100,2021-08-11 18:08:00,POAI
1.0099,1.0099,1.0099,1.0099,500,2021-08-11 18:10:00,POAI
1.0,1.0,1.0,1.0,700,2021-08-11 18:11:00,POAI
1.0017,1.0075,1.0017,1.0075,1646,2021-08-11 18:12:00,POAI
1.0,1.005,1.0,1.005,200,2021-08-11 18:13:00,POAI
1.005,1.005,1.0,1.0,800,2021-08-11 18:14:00,POAI
1.01,1.01,1.005,1.0097,601,2021-08-11 18:15:00,POAI
1.0018,1.005,1.0018,1.005,730,2021-08-11 18:16:00,POAI
1.0,1.0199,1.0,1.0199,24381,2021-08-11 18:17:00,POAI
1.0199,1.0199,1.0101,1.0101,1070,2021-08-11 18:18:00,POAI
1.0107,1.0107,1.0107,1.0107,5000,2021-08-11 18:19:00,POAI
1.018,1.018,1.018,1.018,1000,2021-08-11 18:20:00,POAI
1.01,1.015,1.01,1.015,500,2021-08-11 18:21:00,POAI
1.0109,1.0109,1.0109,1.0109,300,2021-08-11 18:22:00,POAI
1.01,1.0177,1.01,1.0177,605,2021-08-11 18:23:00,POAI
1.0101,1.0101,1.0101,1.0101,500,2021-08-11 18:24:00,POAI
1.01,1.02,1.01,1.02,1400,2021-08-11 18:27:00,POAI
1.0177,1.0177,1.0177,1.0177,100,2021-08-11 18:28:00,POAI
1.0179,1.0179,1.0179,1.0179,400,2021-08-11 18:29:00,POAI
1.01,1.01,1.01,1.01,600,2021-08-11 18:30:00,POAI
1.01,1.0177,1.01,1.0177,1032,2021-08-11 18:31:00,POAI
1.0136,1.0136,1.0136,1.0136,350,2021-08-11 18:36:00,POAI
1.0199,1.0199,1.0199,1.0199,148,2021-08-11 18:37:00,POAI
1.018,1.018,1.015,1.015,1700,2021-08-11 18:38:00,POAI
1.015,1.015,1.01,1.01,200,2021-08-11 18:39:00,POAI
1.01,1.01,1.01,1.01,100,2021-08-11 18:40:00,POAI
1.0101,1.0101,1.01,1.01,5200,2021-08-11 18:41:00,POAI
1.0173,1.0173,1.0101,1.0101,1200,2021-08-11 18:42:00,POAI
1.0101,1.0101,1.0101,1.0101,500,2021-08-11 18:43:00,POAI
1.0101,1.0101,1.0101,1.0101,975,2021-08-11 18:44:00,POAI
1.01,1.01,1.01,1.01,568,2021-08-11 18:49:00,POAI
1.02,1.02,1.02,1.02,200,2021-08-11 18:52:00,POAI
1.0113,1.015,1.0113,1.015,515,2021-08-11 18:55:00,POAI
1.01,1.0141,1.01,1.0141,2500,2021-08-11 18:59:00,POAI
1.0176,1.0176,1.0176,1.0176,390,2021-08-11 19:01:00,POAI
1.0101,1.0101,1.0101,1.0101,100,2021-08-11 19:03:00,POAI
1.015,1.0184,1.015,1.015,2000,2021-08-11 19:04:00,POAI
1.015,1.015,1.0116,1.0116,2125,2021-08-11 19:05:00,POAI
1.0199,1.0199,1.0199,1.0199,2000,2021-08-11 19:06:00,POAI
1.015,1.015,1.015,1.015,200,2021-08-11 19:07:00,POAI
1.015,1.0199,1.015,1.0186,10900,2021-08-11 19:09:00,POAI
1.0116,1.0179,1.0116,1.015,4044,2021-08-11 19:10:00,POAI
1.0172,1.0174,1.015,1.015,700,2021-08-11 19:12:00,POAI
1.015,1.015,1.015,1.015,328,2021-08-11 19:14:00,POAI
1.0109,1.0146,1.0109,1.0146,1500,2021-08-11 19:15:00,POAI
1.015,1.02,1.015,1.02,369,2021-08-11 19:17:00,POAI
1.02,1.02,1.02,1.02,100,2021-08-11 19:18:00,POAI
1.0176,1.0176,1.015,1.015,500,2021-08-11 19:19:00,POAI
1.02,1.02,1.015,1.015,200,2021-08-11 19:20:00,POAI
1.02,1.02,1.02,1.02,100,2021-08-11 19:21:00,POAI
1.015,1.015,1.015,1.015,233,2021-08-11 19:22:00,POAI
1.02,1.02,1.02,1.02,100,2021-08-11 19:23:00,POAI
1.0101,1.02,1.0101,1.0199,3202,2021-08-11 19:24:00,POAI
1.02,1.02,1.02,1.02,100,2021-08-11 19:25:00,POAI
1.02,1.02,1.0175,1.0175,1400,2021-08-11 19:27:00,POAI
1.02,1.02,1.02,1.02,100,2021-08-11 19:28:00,POAI
1.02,1.02,1.011,1.015,450,2021-08-11 19:30:00,POAI
1.015,1.015,1.015,1.015,675,2021-08-11 19:31:00,POAI
1.02,1.02,1.02,1.02,100,2021-08-11 19:32:00,POAI
1.02,1.02,1.02,1.02,100,2021-08-11 19:35:00,POAI
1.02,1.02,1.02,1.02,100,2021-08-11 19:37:00,POAI
1.02,1.02,1.015,1.015,1960,2021-08-11 19:38:00,POAI
1.015,1.02,1.015,1.02,400,2021-08-11 19:39:00,POAI
1.0141,1.02,1.0141,1.02,225,2021-08-11 19:42:00,POAI
1.0175,1.0175,1.0175,1.0175,340,2021-08-11 19:44:00,POAI
1.015,1.02,1.015,1.018,3500,2021-08-11 19:46:00,POAI
1.015,1.015,1.015,1.015,1321,2021-08-11 19:48:00,POAI
1.01,1.015,1.01,1.015,300,2021-08-11 19:49:00,POAI
1.015,1.015,1.015,1.015,500,2021-08-11 19:50:00,POAI
1.015,1.02,1.015,1.0199,42073,2021-08-11 19:53:00,POAI
1.0172,1.02,1.015,1.015,1107,2021-08-11 19:54:00,POAI
1.018,1.0185,1.0177,1.0177,1728,2021-08-11 19:55:00,POAI
1.02,1.02,1.0155,1.0155,1000,2021-08-11 19:56:00,POAI
1.0199,1.0199,1.0199,1.0199,500,2021-08-11 19:57:00,POAI
1.01,1.01,1.01,1.01,100,2021-08-11 19:58:00,POAI
1.015,1.015,1.01,1.01,4316,2021-08-11 19:59:00,POAI
1.02,1.02,1.02,1.02,11160,2021-08-11 20:00:00,POAI
1.03,1.03,1.03,1.03,500,2021-08-11 20:03:00,POAI
1.03,1.08,1.03,1.08,1068,2021-08-11 20:04:00,POAI
1.06,1.06,1.06,1.06,100,2021-08-11 20:07:00,POAI
1.06,1.06,1.06,1.06,600,2021-08-11 20:08:00,POAI
1.07,1.07,1.07,1.07,1829,2021-08-11 20:09:00,POAI
1.07,1.07,1.07,1.07,395,2021-08-11 20:14:00,POAI
1.05,1.05,1.05,1.05,5000,2021-08-11 20:23:00,POAI
1.05,1.05,1.05,1.05,4500,2021-08-11 20:24:00,POAI
1.03,1.03,1.03,1.03,300,2021-08-11 20:33:00,POAI
1.03,1.03,1.03,1.03,2912,2021-08-11 20:35:00,POAI
1.02,1.02,1.02,1.02,1901,2021-08-11 20:36:00,POAI
1.02,1.02,1.02,1.02,400,2021-08-11 20:39:00,POAI
1.03,1.03,1.03,1.03,1500,2021-08-11 20:40:00,POAI
1.03,1.03,1.03,1.03,200,2021-08-11 20:44:00,POAI
1.02,1.02,1.02,1.02,700,2021-08-11 20:49:00,POAI
1.03,1.03,1.03,1.03,625,2021-08-11 20:52:00,POAI
1.02,1.02,1.02,1.02,127117,2021-08-11 20:53:00,POAI
1.03,1.03,1.03,1.03,100,2021-08-11 20:59:00,POAI
1.03,1.03,1.03,1.03,1694,2021-08-11 21:11:00,POAI
1.03,1.03,1.03,1.03,250,2021-08-11 21:14:00,POAI
1.03,1.03,1.03,1.03,500,2021-08-11 21:15:00,POAI
1.03,1.03,1.03,1.03,500,2021-08-11 21:16:00,POAI
1.03,1.04,1.03,1.04,31410,2021-08-11 21:18:00,POAI
1.04,1.04,1.04,1.04,1500,2021-08-11 21:19:00,POAI
1.04,1.05,1.04,1.05,28527,2021-08-11 21:20:00,POAI
1.06,1.09,1.06,1.08,23756,2021-08-11 21:21:00,POAI
1.08,1.08,1.08,1.08,5420,2021-08-11 21:22:00,POAI
1.1,1.1,1.08,1.08,6378,2021-08-11 21:23:00,POAI
1.09,1.09,1.09,1.09,100,2021-08-11 21:24:00,POAI
1.06,1.06,1.06,1.06,442,2021-08-11 21:25:00,POAI
1.09,1.1,1.07,1.1,31111,2021-08-11 21:26:00,POAI
1.13,1.13,1.12,1.13,12115,2021-08-11 21:27:00,POAI
1.14,1.19,1.14,1.18,24595,2021-08-11 21:28:00,POAI
1.19,1.19,1.18,1.18,14111,2021-08-11 21:29:00,POAI
1.17,1.2,1.14,1.14,26814,2021-08-11 21:30:00,POAI
1.14,1.14,1.13,1.14,6098,2021-08-11 21:31:00,POAI
1.14,1.1401,1.14,1.14,4894,2021-08-11 21:32:00,POAI
1.15,1.1799,1.15,1.15,19517,2021-08-11 21:33:00,POAI
1.15,1.15,1.13,1.14,9294,2021-08-11 21:34:00,POAI
1.13,1.13,1.06,1.07,8657,2021-08-11 21:35:00,POAI
1.07,1.07,1.06,1.07,25196,2021-08-11 21:36:00,POAI
1.06,1.1,1.06,1.1,15805,2021-08-11 21:37:00,POAI
1.07,1.07,1.07,1.07,5450,2021-08-11 21:38:00,POAI
1.06,1.07,1.05,1.07,6896,2021-08-11 21:39:00,POAI
1.06,1.07,1.06,1.07,733,2021-08-11 21:40:00,POAI
1.07,1.07,1.07,1.07,150,2021-08-11 21:41:00,POAI
1.07,1.07,1.07,1.07,4462,2021-08-11 21:42:00,POAI
1.07,1.07,1.07,1.07,500,2021-08-11 21:43:00,POAI
1.09,1.09,1.09,1.09,271,2021-08-11 21:44:00,POAI
1.08,1.08,1.08,1.08,200,2021-08-11 21:45:00,POAI
1.07,1.09,1.07,1.09,916,2021-08-11 21:46:00,POAI
1.09,1.09,1.07,1.09,7085,2021-08-11 21:47:00,POAI
1.07,1.07,1.07,1.07,500,2021-08-11 21:48:00,POAI
1.07,1.08,1.07,1.08,6100,2021-08-11 21:49:00,POAI
1.08,1.08,1.08,1.08,176,2021-08-11 21:50:00,POAI
1.08,1.09,1.08,1.09,1761,2021-08-11 21:51:00,POAI
1.09,1.09,1.09,1.09,675,2021-08-11 21:52:00,POAI
1.08,1.09,1.08,1.09,300,2021-08-11 21:53:00,POAI
1.09,1.09,1.09,1.09,1577,2021-08-11 21:54:00,POAI
1.09,1.09,1.08,1.08,9589,2021-08-11 21:55:00,POAI
1.07,1.07,1.07,1.07,1000,2021-08-11 21:59:00,POAI
1.07,1.07,1.07,1.07,400,2021-08-11 22:00:00,POAI
1.07,1.07,1.07,1.07,235,2021-08-11 22:01:00,POAI
1.08,1.08,1.08,1.08,387,2021-08-11 22:02:00,POAI
1.06,1.06,1.06,1.06,275,2021-08-11 22:03:00,POAI
1.08,1.08,1.08,1.08,150,2021-08-11 22:06:00,POAI
1.08,1.08,1.08,1.08,250,2021-08-11 22:20:00,POAI
1.08,1.08,1.08,1.08,1000,2021-08-11 22:24:00,POAI
1.08,1.08,1.08,1.08,100,2021-08-11 22:25:00,POAI
1.08,1.08,1.08,1.08,100,2021-08-11 22:26:00,POAI
1.08,1.08,1.08,1.08,350,2021-08-11 22:31:00,POAI
1.08,1.08,1.08,1.08,500,2021-08-11 22:33:00,POAI
1.08,1.08,1.08,1.08,500,2021-08-11 22:35:00,POAI
1.07,1.07,1.07,1.07,200,2021-08-11 22:37:00,POAI
1.08,1.08,1.08,1.08,100,2021-08-11 22:39:00,POAI
1.07,1.07,1.07,1.07,1953,2021-08-11 22:43:00,POAI
1.08,1.08,1.08,1.08,200,2021-08-11 22:52:00,POAI
1.07,1.07,1.07,1.07,1000,2021-08-11 22:53:00,POAI
1.08,1.08,1.08,1.08,400,2021-08-11 23:00:00,POAI
1.07,1.07,1.07,1.07,300,2021-08-11 23:31:00,POAI
1.08,1.08,1.08,1.08,10000,2021-08-11 23:36:00,POAI
1.07,1.07,1.07,1.07,9770,2021-08-11 23:45:00,POAI
1.08,1.08,1.07,1.07,1230,2021-08-11 23:46:00,POAI
1.08,1.08,1.08,1.08,1132,2021-08-11 23:48:00,POAI
1.07,1.07,1.07,1.07,1034,2021-08-11 23:51:00,POAI
1.08,1.08,1.08,1.08,1000,2021-08-11 23:54:00,POAI
1.08,1.08,1.08,1.08,100,2021-08-11 23:57:00,POAI
1.08,1.08,1.08,1.08,100,2021-08-11 23:58:00,POAI
1.08,1.08,1.08,1.08,1000,2021-08-11 23:59:00,POAI
1.09,1.09,1.09,1.09,840,2021-08-12 08:13:00,POAI
1.09,1.09,1.09,1.09,500,2021-08-12 08:16:00,POAI
1.09,1.09,1.09,1.09,276,2021-08-12 08:19:00,POAI
1.09,1.09,1.09,1.09,100,2021-08-12 08:22:00,POAI
1.09,1.09,1.09,1.09,576,2021-08-12 08:24:00,POAI
1.08,1.08,1.08,1.08,155,2021-08-12 08:25:00,POAI
1.08,1.08,1.08,1.08,226,2021-08-12 08:28:00,POAI
1.09,1.09,1.09,1.09,100,2021-08-12 08:29:00,POAI
1.09,1.09,1.09,1.09,100,2021-08-12 08:35:00,POAI
1.09,1.09,1.09,1.09,800,2021-08-12 08:38:00,POAI
1.09,1.09,1.09,1.09,400,2021-08-12 08:39:00,POAI
1.09,1.09,1.09,1.09,600,2021-08-12 08:40:00,POAI
1.08,1.08,1.08,1.08,119,2021-08-12 08:46:00,POAI
1.09,1.09,1.09,1.09,755,2021-08-12 08:50:00,POAI
1.09,1.09,1.09,1.09,2032,2021-08-12 08:52:00,POAI
1.1,1.1,1.1,1.1,100,2021-08-12 08:58:00,POAI
1.07,1.07,1.06,1.06,215,2021-08-12 09:17:00,POAI
1.06,1.06,1.03,1.03,1947,2021-08-12 09:18:00,POAI
1.09,1.09,1.09,1.09,320,2021-08-12 09:30:00,POAI
1.06,1.06,1.06,1.06,114,2021-08-12 10:24:00,POAI
1.05,1.05,1.05,1.05,100,2021-08-12 10:40:00,POAI
1.05,1.05,1.05,1.05,199,2021-08-12 10:44:00,POAI
1.05,1.05,1.03,1.03,2999,2021-08-12 11:07:00,POAI
1.06,1.06,1.06,1.06,111,2021-08-12 11:26:00,POAI
1.04,1.04,1.04,1.04,1000,2021-08-12 11:27:00,POAI
1.04,1.04,1.04,1.04,1300,2021-08-12 11:59:00,POAI
1.04,1.04,1.04,1.04,500,2021-08-12 12:01:00,POAI
1.03,1.03,1.03,1.03,13047,2021-08-12 12:02:00,POAI
1.03,1.03,1.03,1.03,300,2021-08-12 12:03:00,POAI
1.03,1.04,1.03,1.04,1304,2021-08-12 12:05:00,POAI
1.03,1.03,1.03,1.03,4066,2021-08-12 12:14:00,POAI
1.03,1.03,1.03,1.03,1700,2021-08-12 12:16:00,POAI
1.03,1.03,1.03,1.03,784,2021-08-12 12:19:00,POAI
1.04,1.04,1.04,1.04,6643,2021-08-12 12:23:00,POAI
1.06,1.06,1.06,1.06,200,2021-08-12 12:50:00,POAI
1.04,1.04,1.04,1.04,100,2021-08-12 12:58:00,POAI
1.05,1.05,1.05,1.05,300,2021-08-12 12:59:00,POAI
1.05,1.05,1.05,1.05,372,2021-08-12 13:00:00,POAI
1.05,1.05,1.05,1.05,1483,2021-08-12 13:02:00,POAI
1.06,1.06,1.06,1.06,931,2021-08-12 13:03:00,POAI
1.06,1.07,1.06,1.07,1682,2021-08-12 13:07:00,POAI
1.06,1.06,1.06,1.06,100,2021-08-12 13:11:00,POAI
1.06,1.06,1.06,1.06,2858,2021-08-12 13:18:00,POAI
1.06,1.06,1.06,1.06,570,2021-08-12 13:21:00,POAI
1.06,1.06,1.06,1.06,2460,2021-08-12 13:22:00,POAI
1.04,1.04,1.04,1.04,200,2021-08-12 13:24:00,POAI
1.03,1.03,1.03,1.03,879,2021-08-12 13:25:00,POAI
1.03,1.07,1.03,1.07,21031,2021-08-12 13:30:00,POAI
1.07,1.07,1.0448,1.061,1921,2021-08-12 13:31:00,POAI
1.06,1.07,1.06,1.06,2820,2021-08-12 13:32:00,POAI
1.0377,1.0582,1.0377,1.0582,400,2021-08-12 13:33:00,POAI
1.0401,1.0401,1.0401,1.0401,3000,2021-08-12 13:34:00,POAI
1.04,1.0534,1.04,1.05,2852,2021-08-12 13:35:00,POAI
1.06,1.06,1.06,1.06,3628,2021-08-12 13:36:00,POAI
1.05,1.06,1.0469,1.05,26369,2021-08-12 13:37:00,POAI
1.0501,1.07,1.0501,1.0684,2100,2021-08-12 13:38:00,POAI
1.06,1.06,1.06,1.06,285,2021-08-12 13:39:00,POAI
1.07,1.08,1.07,1.0779,10739,2021-08-12 13:40:00,POAI
1.0701,1.0786,1.0701,1.075,14302,2021-08-12 13:41:00,POAI
1.078,1.078,1.078,1.078,700,2021-08-12 13:42:00,POAI
1.08,1.08,1.0757,1.0757,2825,2021-08-12 13:43:00,POAI
1.07,1.08,1.07,1.0797,14260,2021-08-12 13:44:00,POAI
1.075,1.0799,1.0705,1.0727,10663,2021-08-12 13:45:00,POAI
1.0718,1.0799,1.0701,1.075,1401,2021-08-12 13:46:00,POAI
1.07,1.07,1.05,1.05,48141,2021-08-12 13:47:00,POAI
1.045,1.05,1.045,1.045,9070,2021-08-12 13:48:00,POAI
1.05,1.05,1.045,1.05,20100,2021-08-12 13:49:00,POAI
1.045,1.05,1.045,1.045,3700,2021-08-12 13:50:00,POAI
1.045,1.045,1.04,1.045,500,2021-08-12 13:51:00,POAI
1.0418,1.045,1.03,1.0301,38560,2021-08-12 13:52:00,POAI
1.0344,1.038,1.0344,1.038,200,2021-08-12 13:53:00,POAI
1.035,1.035,1.0299,1.0299,16342,2021-08-12 13:54:00,POAI
1.0206,1.03,1.0206,1.03,6487,2021-08-12 13:55:00,POAI
1.021,1.03,1.02,1.03,4176,2021-08-12 13:56:00,POAI
1.025,1.0295,1.0221,1.0295,3119,2021-08-12 13:57:00,POAI
1.0299,1.0299,1.025,1.025,1100,2021-08-12 13:58:00,POAI
1.025,1.03,1.02,1.0201,4129,2021-08-12 13:59:00,POAI
1.0214,1.025,1.0214,1.025,1612,2021-08-12 14:00:00,POAI
1.03,1.03,1.025,1.025,6695,2021-08-12 14:01:00,POAI
1.03,1.03,1.025,1.025,3976,2021-08-12 14:02:00,POAI
1.03,1.03,1.03,1.03,100,2021-08-12 14:03:00,POAI
1.0291,1.0291,1.0291,1.0291,200,2021-08-12 14:04:00,POAI
1.03,1.03,1.03,1.03,121,2021-08-12 14:05:00,POAI
1.03,1.03,1.025,1.0299,5300,2021-08-12 14:07:00,POAI
1.0299,1.0299,1.0299,1.0299,5000,2021-08-12 14:08:00,POAI
1.0299,1.0299,1.025,1.0293,1055,2021-08-12 14:09:00,POAI
1.0299,1.0299,1.0299,1.0299,2000,2021-08-12 14:10:00,POAI
1.03,1.03,1.02,1.02,4639,2021-08-12 14:11:00,POAI
1.025,1.025,1.025,1.025,1000,2021-08-12 14:12:00,POAI
1.025,1.0257,1.025,1.025,4500,2021-08-12 14:13:00,POAI
1.0293,1.03,1.025,1.025,5052,2021-08-12 14:15:00,POAI
1.025,1.025,1.025,1.025,2069,2021-08-12 14:16:00,POAI
1.03,1.03,1.02,1.02,10433,2021-08-12 14:17:00,POAI
1.025,1.03,1.0218,1.0218,6527,2021-08-12 14:18:00,POAI
1.0227,1.0227,1.0227,1.0227,100,2021-08-12 14:21:00,POAI
1.0292,1.0292,1.0289,1.0289,600,2021-08-12 14:22:00,POAI
1.0292,1.0292,1.0292,1.0292,970,2021-08-12 14:23:00,POAI
1.03,1.03,1.03,1.03,658,2021-08-12 14:26:00,POAI
1.0299,1.0299,1.0288,1.0288,9622,2021-08-12 14:28:00,POAI
1.0299,1.0299,1.0299,1.0299,600,2021-08-12 14:29:00,POAI
1.029,1.029,1.029,1.029,410,2021-08-12 14:30:00,POAI
1.025,1.03,1.0238,1.03,6500,2021-08-12 14:32:00,POAI
1.0299,1.03,1.02,1.03,2899,2021-08-12 14:34:00,POAI
1.0299,1.03,1.025,1.025,1150,2021-08-12 14:35:00,POAI
1.0201,1.03,1.0201,1.0299,2980,2021-08-12 14:36:00,POAI
1.0291,1.0291,1.0222,1.0222,1377,2021-08-12 14:37:00,POAI
1.03,1.03,1.025,1.025,4500,2021-08-12 14:38:00,POAI
1.0292,1.0292,1.0289,1.029,1591,2021-08-12 14:42:00,POAI
1.0299,1.0299,1.0286,1.0286,396,2021-08-12 14:45:00,POAI
1.0201,1.03,1.0201,1.0201,8000,2021-08-12 14:46:00,POAI
1.02,1.0216,1.02,1.0216,9512,2021-08-12 14:47:00,POAI
1.0286,1.0286,1.0286,1.0286,124,2021-08-12 14:48:00,POAI
1.0294,1.0294,1.0294,1.0294,100,2021-08-12 14:49:00,POAI
1.0291,1.0294,1.025,1.0294,5233,2021-08-12 14:51:00,POAI
1.03,1.03,1.03,1.03,100,2021-08-12 14:52:00,POAI
1.0292,1.0292,1.0222,1.0222,949,2021-08-12 14:53:00,POAI
1.0291,1.03,1.0291,1.0291,972,2021-08-12 14:55:00,POAI
1.0231,1.0299,1.02,1.0299,5979,2021-08-12 14:58:00,POAI
1.03,1.03,1.03,1.03,2300,2021-08-12 14:59:00,POAI
1.025,1.0299,1.025,1.029,6400,2021-08-12 15:00:00,POAI
1.0299,1.0299,1.0299,1.0299,9500,2021-08-12 15:01:00,POAI
1.025,1.025,1.025,1.025,100,2021-08-12 15:03:00,POAI
1.0299,1.03,1.0299,1.03,7000,2021-08-12 15:05:00,POAI
1.0299,1.0299,1.025,1.025,3600,2021-08-12 15:08:00,POAI
1.025,1.03,1.025,1.03,1500,2021-08-12 15:09:00,POAI
1.0286,1.0286,1.0286,1.0286,300,2021-08-12 15:10:00,POAI
1.0291,1.0291,1.0291,1.0291,300,2021-08-12 15:14:00,POAI
1.03,1.03,1.03,1.03,1409,2021-08-12 15:18:00,POAI
1.025,1.025,1.0201,1.0201,1500,2021-08-12 15:21:00,POAI
1.0291,1.0291,1.0291,1.0291,100,2021-08-12 15:24:00,POAI
1.02,1.0225,1.02,1.0225,3392,2021-08-12 15:25:00,POAI
1.03,1.03,1.0288,1.0288,850,2021-08-12 15:26:00,POAI
1.025,1.0282,1.025,1.0282,1170,2021-08-12 15:28:00,POAI
1.0299,1.0299,1.0299,1.0299,500,2021-08-12 15:34:00,POAI
1.025,1.025,1.022,1.022,2795,2021-08-12 15:35:00,POAI
1.025,1.025,1.025,1.025,300,2021-08-12 15:41:00,POAI
1.025,1.025,1.025,1.025,500,2021-08-12 15:43:00,POAI
1.029,1.0299,1.025,1.0299,2600,2021-08-12 15:44:00,POAI
1.0294,1.03,1.0218,1.0218,1596,2021-08-12 15:45:00,POAI
1.0283,1.0283,1.0283,1.0283,570,2021-08-12 15:51:00,POAI
1.0249,1.0277,1.0249,1.0277,855,2021-08-12 15:52:00,POAI
1.0291,1.03,1.0291,1.03,3350,2021-08-12 15:54:00,POAI
1.0292,1.0292,1.0292,1.0292,5000,2021-08-12 15:56:00,POAI
1.0223,1.03,1.0223,1.03,864,2021-08-12 15:57:00,POAI
1.0299,1.03,1.0285,1.0285,616,2021-08-12 15:58:00,POAI
1.03,1.03,1.03,1.03,100,2021-08-12 16:00:00,POAI
1.0282,1.0282,1.0282,1.0282,100,2021-08-12 16:01:00,POAI
1.03,1.03,1.0258,1.0258,11785,2021-08-12 16:02:00,POAI
1.03,1.03,1.0296,1.0296,8600,2021-08-12 16:03:00,POAI
1.025,1.03,1.025,1.03,11776,2021-08-12 16:04:00,POAI
1.03,1.035,1.03,1.035,22099,2021-08-12 16:05:00,POAI
1.039,1.039,1.035,1.035,2582,2021-08-12 16:06:00,POAI
1.0399,1.04,1.0322,1.04,8800,2021-08-12 16:07:00,POAI
1.04,1.04,1.04,1.04,1000,2021-08-12 16:08:00,POAI
1.0393,1.0393,1.0301,1.0301,4200,2021-08-12 16:10:00,POAI
1.035,1.035,1.035,1.035,1800,2021-08-12 16:15:00,POAI
1.035,1.035,1.035,1.035,4800,2021-08-12 16:16:00,POAI
1.0391,1.0391,1.03,1.03,979,2021-08-12 16:20:00,POAI
1.0301,1.0301,1.0301,1.0301,1000,2021-08-12 16:24:00,POAI
1.035,1.035,1.035,1.035,200,2021-08-12 16:32:00,POAI
1.0399,1.0399,1.0399,1.0399,2000,2021-08-12 16:39:00,POAI
1.04,1.04,1.04,1.04,344,2021-08-12 16:41:00,POAI
1.04,1.04,1.04,1.04,3567,2021-08-12 16:43:00,POAI
1.04,1.04,1.04,1.04,966,2021-08-12 16:45:00,POAI
1.0363,1.0363,1.0363,1.0363,383,2021-08-12 16:50:00,POAI
1.04,1.04,1.039,1.039,1300,2021-08-12 16:53:00,POAI
1.035,1.0389,1.035,1.0389,2200,2021-08-12 16:54:00,POAI
1.035,1.04,1.035,1.04,10529,2021-08-12 16:56:00,POAI
1.035,1.035,1.035,1.035,100,2021-08-12 16:57:00,POAI
1.0393,1.0393,1.0393,1.0393,1000,2021-08-12 16:58:00,POAI
1.035,1.035,1.035,1.035,100,2021-08-12 17:01:00,POAI
1.035,1.035,1.03,1.03,484,2021-08-12 17:02:00,POAI
1.0399,1.0399,1.03,1.03,416,2021-08-12 17:04:00,POAI
1.0317,1.0317,1.0317,1.0317,193,2021-08-12 17:05:00,POAI
1.03,1.04,1.03,1.04,320,2021-08-12 17:07:00,POAI
1.0301,1.0301,1.0301,1.0301,100,2021-08-12 17:09:00,POAI
1.0301,1.0365,1.03,1.0365,400,2021-08-12 17:19:00,POAI
1.03,1.03,1.03,1.03,200,2021-08-12 17:20:00,POAI
1.04,1.04,1.04,1.04,3724,2021-08-12 17:21:00,POAI
1.04,1.04,1.04,1.04,1000,2021-08-12 17:23:00,POAI
1.035,1.035,1.03,1.03,2129,2021-08-12 17:24:00,POAI
1.0391,1.0391,1.0391,1.0391,200,2021-08-12 17:31:00,POAI
1.03,1.03,1.03,1.03,270,2021-08-12 17:35:00,POAI
1.0392,1.04,1.0392,1.04,580,2021-08-12 17:36:00,POAI
1.03,1.035,1.03,1.032,2900,2021-08-12 17:40:00,POAI
1.035,1.035,1.03,1.03,2100,2021-08-12 17:41:00,POAI
1.03,1.0301,1.03,1.03,10015,2021-08-12 17:43:00,POAI
1.0391,1.0391,1.0301,1.0301,2225,2021-08-12 17:46:00,POAI
1.0311,1.0311,1.03,1.03,700,2021-08-12 17:49:00,POAI
1.0301,1.0301,1.0301,1.0301,4400,2021-08-12 17:51:00,POAI
1.0301,1.0301,1.03,1.03,600,2021-08-12 17:52:00,POAI
1.0301,1.0399,1.0301,1.031,2890,2021-08-12 17:55:00,POAI
1.03,1.03,1.03,1.03,993,2021-08-12 17:57:00,POAI
1.035,1.039,1.035,1.039,619,2021-08-12 17:59:00,POAI
1.0399,1.04,1.0399,1.04,2100,2021-08-12 18:00:00,POAI
1.035,1.035,1.03,1.03,800,2021-08-12 18:06:00,POAI
1.035,1.04,1.0313,1.04,2547,2021-08-12 18:07:00,POAI
1.03,1.03,1.03,1.03,914,2021-08-12 18:11:00,POAI
1.0301,1.0301,1.0301,1.0301,200,2021-08-12 18:14:00,POAI
1.03,1.04,1.03,1.04,6200,2021-08-12 18:16:00,POAI
1.035,1.035,1.035,1.035,2128,2021-08-12 18:17:00,POAI
1.0389,1.0389,1.0389,1.0389,100,2021-08-12 18:21:00,POAI
1.0387,1.0387,1.0387,1.0387,800,2021-08-12 18:22:00,POAI
1.04,1.04,1.04,1.04,100,2021-08-12 18:23:00,POAI
1.0399,1.0399,1.0399,1.0399,120,2021-08-12 18:27:00,POAI
1.0309,1.0309,1.0309,1.0309,223,2021-08-12 18:31:00,POAI
1.0392,1.0392,1.0392,1.0392,1000,2021-08-12 18:32:00,POAI
1.0395,1.04,1.0395,1.04,3600,2021-08-12 18:33:00,POAI
1.0324,1.04,1.0324,1.04,472,2021-08-12 18:37:00,POAI
1.03,1.035,1.03,1.03,6763,2021-08-12 18:38:00,POAI
1.032,1.032,1.032,1.032,570,2021-08-12 18:48:00,POAI
1.0399,1.04,1.0399,1.04,2100,2021-08-12 18:50:00,POAI
1.035,1.035,1.035,1.035,230,2021-08-12 18:51:00,POAI
1.0301,1.0301,1.0301,1.0301,200,2021-08-12 18:52:00,POAI
1.04,1.04,1.04,1.04,190,2021-08-12 18:57:00,POAI
1.0318,1.0318,1.0318,1.0318,1000,2021-08-12 19:05:00,POAI
1.0391,1.0391,1.0391,1.0391,193,2021-08-12 19:11:00,POAI
1.0391,1.0391,1.0391,1.0391,320,2021-08-12 19:15:00,POAI
1.039,1.04,1.035,1.035,3400,2021-08-12 19:17:00,POAI
1.039,1.039,1.039,1.039,100,2021-08-12 19:19:00,POAI
1.0389,1.0389,1.0389,1.0389,300,2021-08-12 19:33:00,POAI
1.0301,1.0301,1.0301,1.0301,200,2021-08-12 19:34:00,POAI
1.039,1.04,1.039,1.04,487,2021-08-12 19:42:00,POAI
1.0395,1.04,1.0395,1.04,3600,2021-08-12 19:47:00,POAI
1.03,1.03,1.03,1.03,386,2021-08-12 19:50:00,POAI
1.0312,1.04,1.0312,1.04,5100,2021-08-12 19:51:00,POAI
1.037,1.04,1.037,1.04,5208,2021-08-12 19:52:00,POAI
1.0327,1.0327,1.0327,1.0327,105,2021-08-12 19:54:00,POAI
1.03,1.03,1.03,1.03,100,2021-08-12 19:55:00,POAI
1.0301,1.0322,1.0301,1.0322,2625,2021-08-12 19:57:00,POAI
1.04,1.04,1.038,1.04,2647,2021-08-12 19:58:00,POAI
1.03,1.035,1.03,1.035,3012,2021-08-12 19:59:00,POAI
1.03,1.03,1.03,1.03,8295,2021-08-12 20:00:00,POAI
1.02,1.03,1.02,1.03,4010,2021-08-12 20:03:00,POAI
1.02,1.02,1.02,1.02,11664,2021-08-12 20:04:00,POAI
1.02,1.02,1.02,1.02,4187,2021-08-12 20:08:00,POAI
1.0201,1.0201,1.0201,1.0201,1075,2021-08-12 20:11:00,POAI
1.02,1.02,1.02,1.02,425,2021-08-12 20:14:00,POAI
1.03,1.03,1.03,1.03,200,2021-08-12 20:17:00,POAI
1.02,1.02,1.02,1.02,6920,2021-08-12 20:37:00,POAI
1.02,1.02,1.02,1.02,500,2021-08-12 20:41:00,POAI
1.02,1.02,1.02,1.02,2000,2021-08-12 20:45:00,POAI
1.02,1.02,1.02,1.02,100,2021-08-12 20:48:00,POAI
1.02,1.02,1.02,1.02,100,2021-08-12 20:50:00,POAI
1.01,1.01,1.01,1.01,1255,2021-08-12 20:56:00,POAI
1.01,1.01,1.01,1.01,2317,2021-08-12 20:57:00,POAI
1.01,1.01,1.01,1.01,4871,2021-08-12 20:59:00,POAI
1.0,1.0,1.0,1.0,7953,2021-08-12 21:00:00,POAI
1.0,1.01,1.0,1.0,5645,2021-08-12 21:02:00,POAI
1.01,1.01,1.01,1.01,20968,2021-08-12 21:06:00,POAI
1.01,1.01,1.01,1.01,400,2021-08-12 21:08:00,POAI
1.0,1.0,1.0,1.0,200,2021-08-12 21:10:00,POAI
1.01,1.01,1.01,1.01,1000,2021-08-12 21:12:00,POAI
1.01,1.01,1.01,1.01,500,2021-08-12 21:17:00,POAI
1.01,1.01,1.01,1.01,900,2021-08-12 21:20:00,POAI
1.0,1.0,1.0,1.0,884,2021-08-12 21:38:00,POAI
1.01,1.01,1.01,1.01,5000,2021-08-12 21:39:00,POAI
1.01,1.01,1.01,1.01,300,2021-08-12 21:40:00,POAI
1.01,1.01,1.01,1.01,100,2021-08-12 21:51:00,POAI
1.01,1.01,1.01,1.01,200,2021-08-12 21:53:00,POAI
1.01,1.01,1.01,1.01,100,2021-08-12 21:54:00,POAI
1.02,1.02,1.02,1.02,200,2021-08-12 22:25:00,POAI
1.01,1.01,1.01,1.01,100,2021-08-12 22:38:00,POAI
1.01,1.01,1.01,1.01,300,2021-08-12 23:12:00,POAI
1.01,1.01,1.01,1.01,205,2021-08-12 23:21:00,POAI
1.02,1.02,1.02,1.02,2000,2021-08-12 23:44:00,POAI
1.02,1.02,1.02,1.02,500,2021-08-12 23:46:00,POAI
1.02,1.02,1.02,1.02,100,2021-08-12 23:56:00,POAI
1.04,1.04,1.04,1.04,300,2021-08-13 08:38:00,POAI
1.03,1.03,1.03,1.03,172,2021-08-13 10:36:00,POAI
1.03,1.03,1.03,1.03,600,2021-08-13 11:47:00,POAI
1.04,1.04,1.04,1.04,125,2021-08-13 12:29:00,POAI
1.04,1.04,1.04,1.04,328,2021-08-13 12:41:00,POAI
1.03,1.03,1.03,1.03,100,2021-08-13 12:47:00,POAI
1.03,1.03,1.03,1.03,1363,2021-08-13 12:58:00,POAI
1.03,1.03,1.03,1.03,100,2021-08-13 13:29:00,POAI
1.05,1.05,1.0321,1.0321,2979,2021-08-13 13:30:00,POAI
1.0301,1.037,1.03,1.037,3150,2021-08-13 13:31:00,POAI
1.0395,1.0395,1.03,1.03,8142,2021-08-13 13:33:00,POAI
1.0313,1.0379,1.03,1.0379,2011,2021-08-13 13:34:00,POAI
1.035,1.035,1.03,1.03,1300,2021-08-13 13:35:00,POAI
1.04,1.04,1.03,1.03,1545,2021-08-13 13:36:00,POAI
1.0323,1.0323,1.0323,1.0323,100,2021-08-13 13:37:00,POAI
1.0365,1.0365,1.0365,1.0365,2000,2021-08-13 13:38:00,POAI
1.04,1.04,1.03,1.035,2909,2021-08-13 13:41:00,POAI
1.0327,1.0327,1.0301,1.0301,1493,2021-08-13 13:42:00,POAI
1.03,1.03,1.03,1.03,300,2021-08-13 13:44:00,POAI
1.03,1.035,1.03,1.035,3708,2021-08-13 13:45:00,POAI
1.04,1.04,1.04,1.04,500,2021-08-13 13:46:00,POAI
1.0301,1.0375,1.03,1.03,7122,2021-08-13 13:47:00,POAI
1.03,1.035,1.03,1.035,228,2021-08-13 13:48:00,POAI
1.03,1.0301,1.02,1.02,25015,2021-08-13 13:51:00,POAI
1.02,1.03,1.02,1.03,7805,2021-08-13 13:52:00,POAI
1.02,1.025,1.02,1.025,501,2021-08-13 13:53:00,POAI
1.02,1.02,1.02,1.02,300,2021-08-13 13:54:00,POAI
1.025,1.03,1.0202,1.025,8016,2021-08-13 13:55:00,POAI
1.03,1.03,1.025,1.025,1481,2021-08-13 13:56:00,POAI
1.02,1.025,1.02,1.02,10525,2021-08-13 13:58:00,POAI
1.02,1.02,1.02,1.02,16450,2021-08-13 13:59:00,POAI
1.0205,1.03,1.0201,1.03,10796,2021-08-13 14:00:00,POAI
1.03,1.03,1.025,1.025,2189,2021-08-13 14:01:00,POAI
1.0217,1.0217,1.0217,1.0217,100,2021-08-13 14:02:00,POAI
1.02,1.02,1.02,1.02,100,2021-08-13 14:03:00,POAI
1.025,1.025,1.02,1.02,900,2021-08-13 14:04:00,POAI
1.02,1.025,1.02,1.02,1856,2021-08-13 14:05:00,POAI
1.02,1.025,1.02,1.0211,3500,2021-08-13 14:06:00,POAI
1.02,1.0292,1.02,1.02,2600,2021-08-13 14:07:00,POAI
1.02,1.02,1.02,1.02,600,2021-08-13 14:08:00,POAI
1.02,1.025,1.02,1.02,750,2021-08-13 14:09:00,POAI
1.02,1.02,1.02,1.02,824,2021-08-13 14:10:00,POAI
1.02,1.02,1.02,1.02,200,2021-08-13 14:11:00,POAI
1.0282,1.0282,1.02,1.02,600,2021-08-13 14:12:00,POAI
1.025,1.0283,1.025,1.0283,300,2021-08-13 14:13:00,POAI
1.02,1.02,1.02,1.02,200,2021-08-13 14:14:00,POAI
1.0209,1.0209,1.02,1.02,1200,2021-08-13 14:15:00,POAI
1.0206,1.0285,1.02,1.0285,2137,2021-08-13 14:16:00,POAI
1.02,1.02,1.02,1.02,200,2021-08-13 14:17:00,POAI
1.02,1.022,1.02,1.022,2447,2021-08-13 14:18:00,POAI
1.02,1.02,1.02,1.02,500,2021-08-13 14:19:00,POAI
1.03,1.03,1.03,1.03,10000,2021-08-13 14:20:00,POAI
1.02,1.0295,1.02,1.025,5650,2021-08-13 14:21:00,POAI
1.02,1.02,1.02,1.02,1190,2021-08-13 14:22:00,POAI
1.02,1.021,1.02,1.021,350,2021-08-13 14:24:00,POAI
1.025,1.025,1.025,1.025,300,2021-08-13 14:25:00,POAI
1.02,1.025,1.02,1.025,6100,2021-08-13 14:26:00,POAI
1.0208,1.0208,1.02,1.02,1100,2021-08-13 14:27:00,POAI
1.02,1.02,1.02,1.02,100,2021-08-13 14:28:00,POAI
1.02,1.03,1.02,1.03,500,2021-08-13 14:29:00,POAI
1.0201,1.0201,1.02,1.02,200,2021-08-13 14:30:00,POAI
1.0201,1.0233,1.0201,1.0233,1620,2021-08-13 14:31:00,POAI
1.02,1.02,1.02,1.02,100,2021-08-13 14:32:00,POAI
1.025,1.025,1.02,1.02,586,2021-08-13 14:33:00,POAI
1.02,1.02,1.02,1.02,100,2021-08-13 14:34:00,POAI
1.02,1.02,1.02,1.02,326,2021-08-13 14:35:00,POAI
1.03,1.03,1.03,1.03,1100,2021-08-13 14:36:00,POAI
1.02,1.03,1.02,1.02,1000,2021-08-13 14:37:00,POAI
1.02,1.02,1.02,1.02,200,2021-08-13 14:38:00,POAI
1.02,1.02,1.02,1.02,1000,2021-08-13 14:39:00,POAI
1.0208,1.0213,1.02,1.02,1800,2021-08-13 14:40:00,POAI
1.02,1.02,1.02,1.02,200,2021-08-13 14:43:00,POAI
1.0201,1.0201,1.0201,1.0201,100,2021-08-13 14:45:00,POAI
1.03,1.03,1.02,1.0217,15215,2021-08-13 14:47:00,POAI
1.025,1.025,1.025,1.025,200,2021-08-13 14:52:00,POAI
1.025,1.025,1.02,1.02,4975,2021-08-13 14:54:00,POAI
1.02,1.02,1.02,1.02,100,2021-08-13 14:56:00,POAI
1.02,1.02,1.02,1.02,100,2021-08-13 14:57:00,POAI
1.022,1.022,1.02,1.02,1967,2021-08-13 14:58:00,POAI
1.02,1.0282,1.02,1.0282,1100,2021-08-13 14:59:00,POAI
1.021,1.021,1.02,1.02,1100,2021-08-13 15:00:00,POAI
1.02,1.02,1.02,1.02,100,2021-08-13 15:01:00,POAI
1.02,1.0281,1.02,1.02,1190,2021-08-13 15:02:00,POAI
1.02,1.02,1.02,1.02,1000,2021-08-13 15:04:00,POAI
1.02,1.02,1.02,1.02,200,2021-08-13 15:05:00,POAI
1.02,1.02,1.02,1.02,195,2021-08-13 15:06:00,POAI
1.02,1.02,1.02,1.02,100,2021-08-13 15:07:00,POAI
1.0274,1.0274,1.0274,1.0274,244,2021-08-13 15:08:00,POAI
1.02,1.02,1.02,1.02,4605,2021-08-13 15:09:00,POAI
1.027,1.027,1.02,1.02,1039,2021-08-13 15:12:00,POAI
1.03,1.03,1.02,1.02,300,2021-08-13 15:14:00,POAI
1.0201,1.0201,1.02,1.02,1000,2021-08-13 15:16:00,POAI
1.02,1.02,1.02,1.02,100,2021-08-13 15:18:00,POAI
1.02,1.02,1.02,1.02,100,2021-08-13 15:20:00,POAI
1.02,1.0299,1.02,1.02,7634,2021-08-13 15:21:00,POAI
1.02,1.02,1.02,1.02,1600,2021-08-13 15:22:00,POAI
1.02,1.02,1.02,1.02,8200,2021-08-13 15:23:00,POAI
1.02,1.02,1.02,1.02,3300,2021-08-13 15:24:00,POAI
1.02,1.02,1.0117,1.0117,1500,2021-08-13 15:25:00,POAI
1.0101,1.012,1.0101,1.012,400,2021-08-13 15:26:00,POAI
1.0118,1.0125,1.0118,1.0125,1237,2021-08-13 15:27:00,POAI
1.015,1.015,1.015,1.015,125,2021-08-13 15:28:00,POAI
1.015,1.015,1.015,1.015,1000,2021-08-13 15:29:00,POAI
1.01,1.01,1.01,1.01,100,2021-08-13 15:30:00,POAI
1.01,1.01,1.01,1.01,100,2021-08-13 15:31:00,POAI
1.01,1.02,1.01,1.02,344,2021-08-13 15:32:00,POAI
1.0189,1.0189,1.01,1.01,700,2021-08-13 15:33:00,POAI
1.01,1.01,1.01,1.01,100,2021-08-13 15:34:00,POAI
1.01,1.01,1.01,1.01,200,2021-08-13 15:35:00,POAI
1.0113,1.0113,1.01,1.01,5319,2021-08-13 15:36:00,POAI
1.015,1.015,1.015,1.015,100,2021-08-13 15:37:00,POAI
1.01,1.015,1.01,1.0106,1100,2021-08-13 15:38:00,POAI
1.01,1.01,1.01,1.01,100,2021-08-13 15:39:00,POAI
1.02,1.02,1.01,1.01,200,2021-08-13 15:40:00,POAI
1.01,1.01,1.01,1.01,1400,2021-08-13 15:42:00,POAI
1.01,1.01,1.01,1.01,300,2021-08-13 15:44:00,POAI
1.01,1.01,1.01,1.01,100,2021-08-13 15:45:00,POAI
1.01,1.01,1.01,1.01,100,2021-08-13 15:46:00,POAI
1.01,1.01,1.01,1.01,1200,2021-08-13 15:47:00,POAI
1.0116,1.0116,1.0116,1.0116,500,2021-08-13 15:48:00,POAI
1.0183,1.0183,1.01,1.01,401,2021-08-13 15:49:00,POAI
1.01,1.02,1.01,1.015,14300,2021-08-13 15:50:00,POAI
1.01,1.015,1.01,1.015,600,2021-08-13 15:51:00,POAI
1.0101,1.0101,1.0101,1.0101,3000,2021-08-13 15:52:00,POAI
1.015,1.02,1.01,1.02,440,2021-08-13 15:58:00,POAI
1.01,1.01,1.01,1.01,100,2021-08-13 15:59:00,POAI
1.01,1.01,1.01,1.01,200,2021-08-13 16:00:00,POAI
1.01,1.0199,1.01,1.015,2450,2021-08-13 16:01:00,POAI
1.0182,1.0182,1.01,1.01,900,2021-08-13 16:02:00,POAI
1.01,1.0122,1.01,1.0122,6300,2021-08-13 16:03:00,POAI
1.0107,1.0107,1.01,1.01,870,2021-08-13 16:04:00,POAI
1.01,1.01,1.0,1.005,26304,2021-08-13 16:06:00,POAI
1.0002,1.0099,1.0002,1.0099,511,2021-08-13 16:07:00,POAI
1.0,1.0091,1.0,1.0091,1045,2021-08-13 16:08:00,POAI
1.0025,1.0025,1.0025,1.0025,400,2021-08-13 16:09:00,POAI
1.01,1.01,1.0,1.0,60099,2021-08-13 16:10:00,POAI
1.0,1.0,1.0,1.0,250,2021-08-13 16:11:00,POAI
1.0,1.005,1.0,1.0,500,2021-08-13 16:12:00,POAI
1.0,1.0,1.0,1.0,200,2021-08-13 16:13:00,POAI
1.0,1.005,1.0,1.0,300,2021-08-13 16:14:00,POAI
1.0001,1.0001,1.0,1.0,300,2021-08-13 16:15:00,POAI
1.0,1.0,1.0,1.0,1400,2021-08-13 16:16:00,POAI
1.0,1.0079,1.0,1.0,2900,2021-08-13 16:17:00,POAI
1.0,1.0001,1.0,1.0001,2150,2021-08-13 16:18:00,POAI
1.0,1.0,1.0,1.0,750,2021-08-13 16:19:00,POAI
1.0,1.0,1.0,1.0,300,2021-08-13 16:20:00,POAI
1.0,1.0014,1.0,1.0014,1500,2021-08-13 16:21:00,POAI
1.0,1.0,1.0,1.0,500,2021-08-13 16:22:00,POAI
1.0,1.0083,1.0,1.0083,876,2021-08-13 16:23:00,POAI
1.0,1.008,1.0,1.0,500,2021-08-13 16:24:00,POAI
1.0,1.005,1.0,1.0,400,2021-08-13 16:25:00,POAI
1.0,1.0099,1.0,1.0099,2700,2021-08-13 16:26:00,POAI
1.005,1.005,1.0,1.0,399,2021-08-13 16:27:00,POAI
1.0,1.0,1.0,1.0,200,2021-08-13 16:28:00,POAI
1.0,1.01,1.0,1.01,300,2021-08-13 16:29:00,POAI
1.0,1.01,1.0,1.01,1100,2021-08-13 16:30:00,POAI
1.0,1.0,1.0,1.0,100,2021-08-13 16:31:00,POAI
1.0,1.005,1.0,1.0027,317,2021-08-13 16:32:00,POAI
1.0,1.0,1.0,1.0,100,2021-08-13 16:33:00,POAI
1.0,1.0,1.0,1.0,750,2021-08-13 16:34:00,POAI
1.0,1.0,1.0,1.0,200,2021-08-13 16:35:00,POAI
1.0099,1.0099,1.0,1.0,5737,2021-08-13 16:36:00,POAI
1.0,1.01,1.0,1.01,1235,2021-08-13 16:37:00,POAI
1.0,1.0,1.0,1.0,100,2021-08-13 16:38:00,POAI
1.0,1.0099,1.0,1.0099,700,2021-08-13 16:39:00,POAI
1.0,1.005,1.0,1.005,498,2021-08-13 16:41:00,POAI
1.0,1.0014,1.0,1.0014,4899,2021-08-13 16:42:00,POAI
1.005,1.005,1.0,1.0,200,2021-08-13 16:45:00,POAI
1.0,1.0,1.0,1.0,200,2021-08-13 16:48:00,POAI
1.01,1.01,1.005,1.005,4700,2021-08-13 16:49:00,POAI
1.0,1.0,1.0,1.0,100,2021-08-13 16:50:00,POAI
1.01,1.01,1.008,1.008,2347,2021-08-13 16:52:00,POAI
1.0098,1.01,1.0,1.01,5625,2021-08-13 16:53:00,POAI
1.005,1.005,1.005,1.005,180,2021-08-13 16:55:00,POAI
1.0,1.0,1.0,1.0,100,2021-08-13 16:56:00,POAI
1.0075,1.01,1.005,1.01,5874,2021-08-13 16:57:00,POAI
1.01,1.01,1.01,1.01,130,2021-08-13 16:58:00,POAI
1.0,1.01,1.0,1.01,2008,2021-08-13 16:59:00,POAI
1.0,1.0036,1.0,1.0,5149,2021-08-13 17:01:00,POAI
1.0079,1.0079,1.0079,1.0079,1442,2021-08-13 17:02:00,POAI
1.01,1.01,1.01,1.01,1400,2021-08-13 17:03:00,POAI
1.0,1.0,1.0,1.0,100,2021-08-13 17:04:00,POAI
1.0,1.0082,1.0,1.0082,498,2021-08-13 17:05:00,POAI
1.01,1.01,1.005,1.005,700,2021-08-13 17:06:00,POAI
1.0094,1.01,1.0001,1.005,4300,2021-08-13 17:08:00,POAI
1.005,1.01,1.005,1.005,26417,2021-08-13 17:09:00,POAI
1.0,1.005,1.0,1.005,600,2021-08-13 17:10:00,POAI
1.0001,1.0021,1.0001,1.0021,350,2021-08-13 17:11:00,POAI
1.005,1.008,1.005,1.008,1400,2021-08-13 17:12:00,POAI
1.005,1.0099,1.005,1.0099,1200,2021-08-13 17:13:00,POAI
1.005,1.005,1.005,1.005,200,2021-08-13 17:14:00,POAI
1.005,1.005,1.005,1.005,200,2021-08-13 17:16:00,POAI
1.009,1.009,1.009,1.009,395,2021-08-13 17:17:00,POAI
1.005,1.005,1.005,1.005,100,2021-08-13 17:19:00,POAI
1.01,1.01,1.01,1.01,100,2021-08-13 17:20:00,POAI
1.0046,1.0046,1.0046,1.0046,200,2021-08-13 17:21:00,POAI
1.01,1.01,1.0047,1.0047,894,2021-08-13 17:22:00,POAI
1.0097,1.0097,1.0097,1.0097,200,2021-08-13 17:23:00,POAI
1.005,1.005,1.0001,1.0001,5100,2021-08-13 17:26:00,POAI
1.005,1.005,1.005,1.005,100,2021-08-13 17:27:00,POAI
1.0,1.005,1.0,1.005,880,2021-08-13 17:28:00,POAI
1.0094,1.0094,1.0094,1.0094,5000,2021-08-13 17:30:00,POAI
1.005,1.01,1.005,1.005,1300,2021-08-13 17:31:00,POAI
1.005,1.005,1.005,1.005,100,2021-08-13 17:32:00,POAI
1.0043,1.0043,1.0043,1.0043,541,2021-08-13 17:34:00,POAI
1.005,1.005,1.005,1.005,100,2021-08-13 17:35:00,POAI
1.0099,1.0099,1.0099,1.0099,375,2021-08-13 17:36:00,POAI
1.0012,1.005,1.0012,1.005,5200,2021-08-13 17:37:00,POAI
1.01,1.01,1.01,1.01,300,2021-08-13 17:38:00,POAI
1.005,1.005,1.005,1.005,100,2021-08-13 17:39:00,POAI
1.005,1.005,1.005,1.005,100,2021-08-13 17:42:00,POAI
1.01,1.01,1.0046,1.0046,6268,2021-08-13 17:44:00,POAI
1.005,1.005,1.005,1.005,100,2021-08-13 17:45:00,POAI
1.005,1.005,1.005,1.005,100,2021-08-13 17:46:00,POAI
1.01,1.015,1.0095,1.015,10362,2021-08-13 17:49:00,POAI
1.01,1.017,1.01,1.017,230,2021-08-13 17:50:00,POAI
1.02,1.02,1.01,1.015,9768,2021-08-13 17:51:00,POAI
1.015,1.015,1.015,1.015,600,2021-08-13 17:52:00,POAI
1.02,1.02,1.015,1.015,593,2021-08-13 17:53:00,POAI
1.015,1.015,1.015,1.015,1100,2021-08-13 17:54:00,POAI
1.015,1.015,1.015,1.015,100,2021-08-13 17:55:00,POAI
1.015,1.015,1.015,1.015,100,2021-08-13 17:57:00,POAI
1.01,1.0138,1.01,1.0101,2400,2021-08-13 17:59:00,POAI
1.0184,1.0192,1.0184,1.0192,1228,2021-08-13 18:00:00,POAI
1.0122,1.0122,1.0122,1.0122,300,2021-08-13 18:01:00,POAI
1.015,1.015,1.0137,1.0137,3500,2021-08-13 18:04:00,POAI
1.0177,1.0177,1.0177,1.0177,200,2021-08-13 18:05:00,POAI
1.02,1.02,1.01,1.01,2174,2021-08-13 18:07:00,POAI
1.02,1.02,1.02,1.02,220,2021-08-13 18:08:00,POAI
1.01,1.018,1.01,1.015,450,2021-08-13 18:10:00,POAI
1.01,1.0178,1.01,1.0178,357,2021-08-13 18:12:00,POAI
1.015,1.015,1.015,1.015,100,2021-08-13 18:13:00,POAI
1.01,1.01,1.01,1.01,100,2021-08-13 18:14:00,POAI
1.02,1.02,1.02,1.02,1545,2021-08-13 18:16:00,POAI
1.015,1.0199,1.01,1.0121,2151,2021-08-13 18:18:00,POAI
1.015,1.015,1.01,1.01,200,2021-08-13 18:20:00,POAI
1.015,1.015,1.015,1.015,165,2021-08-13 18:21:00,POAI
1.015,1.02,1.015,1.0194,8730,2021-08-13 18:26:00,POAI
1.015,1.015,1.01,1.01,200,2021-08-13 18:27:00,POAI
1.015,1.015,1.015,1.015,100,2021-08-13 18:28:00,POAI
1.015,1.018,1.01,1.015,450,2021-08-13 18:29:00,POAI
1.015,1.015,1.01,1.0125,500,2021-08-13 18:30:00,POAI
1.0199,1.0199,1.0199,1.0199,100,2021-08-13 18:32:00,POAI
1.015,1.015,1.015,1.015,284,2021-08-13 18:33:00,POAI
1.0123,1.0123,1.0123,1.0123,436,2021-08-13 18:34:00,POAI
1.0185,1.0185,1.01,1.01,2200,2021-08-13 18:35:00,POAI
1.0193,1.0199,1.01,1.015,6388,2021-08-13 18:37:00,POAI
1.0158,1.0158,1.0158,1.0158,350,2021-08-13 18:38:00,POAI
1.015,1.02,1.01,1.02,812,2021-08-13 18:39:00,POAI
1.015,1.015,1.01,1.01,200,2021-08-13 18:40:00,POAI
1.0199,1.0199,1.0199,1.0199,750,2021-08-13 18:41:00,POAI
1.0199,1.0199,1.015,1.015,350,2021-08-13 18:42:00,POAI
1.02,1.02,1.02,1.02,1000,2021-08-13 18:43:00,POAI
1.02,1.02,1.0188,1.0188,2800,2021-08-13 18:44:00,POAI
1.015,1.015,1.015,1.015,100,2021-08-13 18:45:00,POAI
1.015,1.015,1.015,1.015,100,2021-08-13 18:46:00,POAI
1.0141,1.015,1.0141,1.015,4974,2021-08-13 18:48:00,POAI
1.0199,1.0199,1.015,1.015,215,2021-08-13 18:49:00,POAI
1.02,1.02,1.015,1.015,370,2021-08-13 18:50:00,POAI
1.0154,1.02,1.0154,1.02,1077,2021-08-13 18:51:00,POAI
1.015,1.02,1.015,1.0198,2100,2021-08-13 18:52:00,POAI
1.015,1.015,1.015,1.015,100,2021-08-13 18:53:00,POAI
1.02,1.02,1.02,1.02,500,2021-08-13 18:54:00,POAI
1.02,1.02,1.0101,1.0101,3053,2021-08-13 18:56:00,POAI
1.015,1.015,1.015,1.015,200,2021-08-13 18:57:00,POAI
1.015,1.015,1.01,1.01,200,2021-08-13 18:58:00,POAI
1.018,1.02,1.01,1.015,18382,2021-08-13 19:01:00,POAI
1.0182,1.0182,1.015,1.015,620,2021-08-13 19:02:00,POAI
1.015,1.015,1.015,1.015,100,2021-08-13 19:06:00,POAI
1.015,1.015,1.015,1.015,100,2021-08-13 19:07:00,POAI
1.02,1.02,1.01,1.01,302,2021-08-13 19:08:00,POAI
1.0101,1.0101,1.0101,1.0101,4882,2021-08-13 19:09:00,POAI
1.015,1.015,1.015,1.015,100,2021-08-13 19:10:00,POAI
1.015,1.015,1.015,1.015,100,2021-08-13 19:11:00,POAI
1.015,1.018,1.015,1.018,1227,2021-08-13 19:12:00,POAI
1.02,1.02,1.02,1.02,1000,2021-08-13 19:13:00,POAI
1.02,1.02,1.015,1.015,500,2021-08-13 19:14:00,POAI
1.0182,1.0182,1.0182,1.0182,500,2021-08-13 19:15:00,POAI
1.015,1.015,1.01,1.0121,300,2021-08-13 19:16:00,POAI
1.015,1.015,1.015,1.015,100,2021-08-13 19:19:00,POAI
1.015,1.015,1.015,1.015,174,2021-08-13 19:20:00,POAI
1.01,1.02,1.01,1.02,985,2021-08-13 19:23:00,POAI
1.015,1.015,1.015,1.015,200,2021-08-13 19:24:00,POAI
1.015,1.015,1.015,1.015,100,2021-08-13 19:25:00,POAI
1.02,1.02,1.01,1.01,28732,2021-08-13 19:26:00,POAI
1.015,1.015,1.015,1.015,500,2021-08-13 19:28:00,POAI
1.015,1.015,1.015,1.015,200,2021-08-13 19:29:00,POAI
1.02,1.02,1.015,1.015,20495,2021-08-13 19:30:00,POAI
1.0198,1.0198,1.01,1.01,4400,2021-08-13 19:31:00,POAI
1.015,1.015,1.01,1.01,1603,2021-08-13 19:32:00,POAI
1.0197,1.0197,1.015,1.015,697,2021-08-13 19:34:00,POAI
1.015,1.015,1.01,1.01,452,2021-08-13 19:35:00,POAI
1.015,1.015,1.015,1.015,200,2021-08-13 19:36:00,POAI
1.02,1.02,1.0198,1.02,18030,2021-08-13 19:37:00,POAI
1.02,1.02,1.015,1.02,14852,2021-08-13 19:38:00,POAI
1.015,1.02,1.015,1.02,1500,2021-08-13 19:39:00,POAI
1.0145,1.0299,1.0145,1.025,62284,2021-08-13 19:40:00,POAI
1.0277,1.0299,1.025,1.025,5334,2021-08-13 19:41:00,POAI
1.0265,1.03,1.025,1.025,2800,2021-08-13 19:42:00,POAI
1.025,1.0299,1.025,1.0273,5250,2021-08-13 19:43:00,POAI
1.025,1.03,1.02,1.025,4247,2021-08-13 19:45:00,POAI
1.0299,1.0299,1.0247,1.025,2100,2021-08-13 19:46:00,POAI
1.0299,1.0299,1.025,1.025,6000,2021-08-13 19:47:00,POAI
1.025,1.025,1.0249,1.0249,1100,2021-08-13 19:48:00,POAI
1.025,1.03,1.02,1.03,29321,2021-08-13 19:49:00,POAI
1.04,1.04,1.03,1.0399,6794,2021-08-13 19:50:00,POAI
1.0324,1.035,1.0324,1.035,700,2021-08-13 19:51:00,POAI
1.0347,1.04,1.0347,1.04,4086,2021-08-13 19:52:00,POAI
1.035,1.035,1.035,1.035,1300,2021-08-13 19:53:00,POAI
1.035,1.04,1.035,1.0385,1641,2021-08-13 19:54:00,POAI
1.035,1.0399,1.035,1.035,1690,2021-08-13 19:55:00,POAI
1.04,1.04,1.0348,1.0348,13528,2021-08-13 19:56:00,POAI
1.035,1.0399,1.0347,1.0399,2374,2021-08-13 19:57:00,POAI
1.035,1.04,1.035,1.04,1440,2021-08-13 19:58:00,POAI
1.0343,1.04,1.03,1.04,12764,2021-08-13 19:59:00,POAI
1.03,1.03,1.03,1.03,228,2021-08-13 20:00:00,POAI
1.03,1.03,1.03,1.03,500,2021-08-13 20:01:00,POAI
1.04,1.04,1.04,1.04,4000,2021-08-13 20:07:00,POAI
1.03,1.03,1.03,1.03,100,2021-08-13 20:27:00,POAI
1.03,1.03,1.03,1.03,101,2021-08-13 21:16:00,POAI
1.03,1.03,1.03,1.03,204,2021-08-13 21:20:00,POAI
1.04,1.04,1.04,1.04,100,2021-08-13 21:35:00,POAI
1.03,1.03,1.03,1.03,216,2021-08-13 21:55:00,POAI
1.03,1.03,1.03,1.03,100,2021-08-13 22:51:00,POAI
1.03,1.03,1.03,1.03,389,2021-08-13 23:06:00,POAI
1.03,1.03,1.03,1.03,124,2021-08-13 23:10:00,POAI
1.0399,1.0399,1.0399,1.0399,400,2021-08-13 23:37:00,POAI
1.04,1.04,1.04,1.04,100,2021-08-16 11:19:00,POAI
1.03,1.03,1.03,1.03,1000,2021-08-16 11:29:00,POAI
1.04,1.04,1.04,1.04,454,2021-08-16 12:19:00,POAI
1.05,1.05,1.05,1.05,994,2021-08-16 12:26:00,POAI
1.04,1.04,1.04,1.04,5000,2021-08-16 12:40:00,POAI
1.05,1.05,1.05,1.05,463,2021-08-16 12:45:00,POAI
1.04,1.04,1.04,1.04,100,2021-08-16 13:06:00,POAI
1.05,1.05,1.05,1.05,1253,2021-08-16 13:07:00,POAI
1.0323,1.0405,1.0323,1.04,10926,2021-08-16 13:30:00,POAI
1.04,1.0401,1.04,1.0401,4096,2021-08-16 13:31:00,POAI
1.0309,1.0309,1.0309,1.0309,200,2021-08-16 13:32:00,POAI
1.03,1.0375,1.02,1.02,4146,2021-08-16 13:33:00,POAI
1.0231,1.025,1.02,1.02,1308,2021-08-16 13:34:00,POAI
1.0208,1.03,1.0208,1.025,7111,2021-08-16 13:35:00,POAI
1.02,1.02,1.02,1.02,7000,2021-08-16 13:36:00,POAI
1.0287,1.0293,1.0287,1.0293,1600,2021-08-16 13:37:00,POAI
1.025,1.0298,1.02,1.02,1144,2021-08-16 13:38:00,POAI
1.02,1.025,1.02,1.025,600,2021-08-16 13:39:00,POAI
1.02,1.02,1.02,1.02,2208,2021-08-16 13:41:00,POAI
1.025,1.025,1.02,1.02,4389,2021-08-16 13:42:00,POAI
1.0208,1.0208,1.0208,1.0208,196,2021-08-16 13:43:00,POAI
1.0207,1.0207,1.0207,1.0207,500,2021-08-16 13:44:00,POAI
1.021,1.025,1.01,1.01,9698,2021-08-16 13:46:00,POAI
1.0114,1.015,1.01,1.015,17019,2021-08-16 13:47:00,POAI
1.01,1.0192,1.01,1.0192,450,2021-08-16 13:48:00,POAI
1.02,1.02,1.01,1.01,435,2021-08-16 13:49:00,POAI
1.011,1.0191,1.01,1.0191,1050,2021-08-16 13:50:00,POAI
1.0101,1.015,1.01,1.01,1434,2021-08-16 13:51:00,POAI
1.01,1.0127,1.01,1.01,575,2021-08-16 13:52:00,POAI
1.01,1.01,1.01,1.01,1900,2021-08-16 13:53:00,POAI
1.02,1.02,1.0105,1.0105,5606,2021-08-16 13:54:00,POAI
1.015,1.015,1.015,1.015,200,2021-08-16 13:55:00,POAI
1.0193,1.02,1.01,1.02,2928,2021-08-16 13:56:00,POAI
1.0199,1.0199,1.0199,1.0199,200,2021-08-16 13:57:00,POAI
1.01,1.01,1.01,1.01,2811,2021-08-16 13:58:00,POAI
1.01,1.01,1.01,1.01,2038,2021-08-16 13:59:00,POAI
1.0187,1.0187,1.0187,1.0187,474,2021-08-16 14:00:00,POAI
1.01,1.0109,1.0,1.0019,11608,2021-08-16 14:01:00,POAI
1.0,1.005,1.0,1.0,3200,2021-08-16 14:02:00,POAI
1.0018,1.0018,1.0,1.0,390,2021-08-16 14:03:00,POAI
1.0,1.01,1.0,1.0,1517,2021-08-16 14:04:00,POAI
1.0,1.01,1.0,1.01,1700,2021-08-16 14:05:00,POAI
1.0,1.0013,1.0,1.0,5400,2021-08-16 14:06:00,POAI
1.0022,1.0022,1.0022,1.0022,107,2021-08-16 14:10:00,POAI
1.002,1.0089,1.002,1.0089,620,2021-08-16 14:11:00,POAI
1.0091,1.01,1.0,1.01,1150,2021-08-16 14:14:00,POAI
1.0089,1.0089,1.0,1.0,11586,2021-08-16 14:15:00,POAI
1.0001,1.0001,1.0,1.0001,1400,2021-08-16 14:16:00,POAI
1.0082,1.0082,1.0,1.0,5500,2021-08-16 14:17:00,POAI
1.0099,1.0099,1.0012,1.0012,445,2021-08-16 14:18:00,POAI
1.0,1.01,1.0,1.0,2350,2021-08-16 14:19:00,POAI
1.0037,1.01,1.0,1.0017,6840,2021-08-16 14:20:00,POAI
1.0001,1.0001,1.0001,1.0001,2500,2021-08-16 14:22:00,POAI
1.005,1.005,1.005,1.005,594,2021-08-16 14:23:00,POAI
1.0081,1.0093,1.0,1.005,3533,2021-08-16 14:25:00,POAI
1.0,1.0001,1.0,1.0001,9500,2021-08-16 14:26:00,POAI
1.0001,1.01,1.0,1.0,10900,2021-08-16 14:28:00,POAI
1.0,1.0084,1.0,1.008,2680,2021-08-16 14:30:00,POAI
1.0001,1.0001,1.0,1.0,1100,2021-08-16 14:31:00,POAI
1.0,1.0,1.0,1.0,100,2021-08-16 14:33:00,POAI
1.0099,1.0099,1.0,1.0,600,2021-08-16 14:34:00,POAI
1.0022,1.0022,1.0,1.0,30619,2021-08-16 14:35:00,POAI
1.005,1.005,1.005,1.005,400,2021-08-16 14:36:00,POAI
1.0,1.0017,1.0,1.0017,1015,2021-08-16 14:37:00,POAI
1.01,1.01,1.01,1.01,298,2021-08-16 14:40:00,POAI
1.0099,1.0099,1.0099,1.0099,2575,2021-08-16 14:41:00,POAI
1.0001,1.0001,1.0,1.0,34700,2021-08-16 14:43:00,POAI
1.0,1.0,0.98,0.98,136743,2021-08-16 14:44:00,POAI
0.98,0.98,0.9704,0.9704,41989,2021-08-16 14:45:00,POAI
0.9704,0.9731,0.9604,0.967,25138,2021-08-16 14:46:00,POAI
0.9605,0.972,0.9604,0.971999,22790,2021-08-16 14:47:00,POAI
0.9719,0.972,0.964,0.972,4188,2021-08-16 14:48:00,POAI
0.972,0.9805,0.9612,0.9805,5960,2021-08-16 14:49:00,POAI
0.9753,0.9805,0.9711,0.9736,10589,2021-08-16 14:50:00,POAI
0.98,0.9805,0.979983,0.98,8603,2021-08-16 14:51:00,POAI
0.980001,0.99,0.98,0.99,8492,2021-08-16 14:52:00,POAI
0.981701,0.981701,0.9816,0.9816,2064,2021-08-16 14:53:00,POAI
0.9816,0.981684,0.9816,0.9816,2824,2021-08-16 14:54:00,POAI
0.99,0.99,0.9859,0.9859,3307,2021-08-16 14:55:00,POAI
0.9859,0.9859,0.9859,0.9859,1018,2021-08-16 14:56:00,POAI
0.9859,0.99,0.9818,0.99,3445,2021-08-16 14:57:00,POAI
0.9819,0.9819,0.9819,0.9819,437,2021-08-16 14:58:00,POAI
0.9857,0.9857,0.98,0.9816,25660,2021-08-16 14:59:00,POAI
0.980001,0.9815,0.980001,0.9815,641,2021-08-16 15:00:00,POAI
0.98,0.980001,0.9738,0.9738,4589,2021-08-16 15:01:00,POAI
0.98,0.9801,0.98,0.9801,300,2021-08-16 15:03:00,POAI
0.975,0.98,0.9738,0.9738,2791,2021-08-16 15:04:00,POAI
0.98,0.98,0.9737,0.9737,6241,2021-08-16 15:05:00,POAI
0.979899,0.979899,0.9737,0.9737,300,2021-08-16 15:06:00,POAI
0.9799,0.98,0.9737,0.9737,6194,2021-08-16 15:07:00,POAI
0.973701,0.98,0.9737,0.98,13448,2021-08-16 15:08:00,POAI
0.98,0.98,0.9736,0.978049,1673,2021-08-16 15:09:00,POAI
0.98,0.98,0.98,0.98,200,2021-08-16 15:10:00,POAI
0.9799,0.9799,0.975,0.975,550,2021-08-16 15:11:00,POAI
0.9797,0.979999,0.975,0.979999,5287,2021-08-16 15:12:00,POAI
0.9751,0.9799,0.974,0.9752,7035,2021-08-16 15:13:00,POAI
0.9751,0.9774,0.9736,0.9751,4665,2021-08-16 15:14:00,POAI
0.9736,0.9749,0.97,0.97,19510,2021-08-16 15:15:00,POAI
0.97,0.970499,0.962,0.962,20640,2021-08-16 15:16:00,POAI
0.963,0.963,0.9606,0.9613,12212,2021-08-16 15:17:00,POAI
0.9612,0.9612,0.95,0.955399,19020,2021-08-16 15:18:00,POAI
0.9501,0.9554,0.9501,0.95275,9662,2021-08-16 15:19:00,POAI
0.9502,0.9559,0.9502,0.955,3274,2021-08-16 15:20:00,POAI
0.956699,0.9591,0.9563,0.9563,4073,2021-08-16 15:21:00,POAI
0.9551,0.9699,0.9551,0.96,6262,2021-08-16 15:22:00,POAI
0.96,0.9699,0.96,0.964849,2379,2021-08-16 15:23:00,POAI
0.9697,0.9697,0.96,0.96,13731,2021-08-16 15:24:00,POAI
0.9696,0.9696,0.96,0.968599,2791,2021-08-16 15:25:00,POAI
0.96,0.96,0.96,0.96,350,2021-08-16 15:26:00,POAI
0.962,0.962,0.96,0.96,790,2021-08-16 15:27:00,POAI
0.9601,0.9601,0.9601,0.9601,1000,2021-08-16 15:28:00,POAI
0.9682,0.9682,0.9682,0.9682,420,2021-08-16 15:29:00,POAI
0.968299,0.968299,0.968299,0.968299,100,2021-08-16 15:30:00,POAI
0.967999,0.967999,0.9553,0.9553,11772,2021-08-16 15:32:00,POAI
0.956,0.9619,0.956,0.96,833,2021-08-16 15:33:00,POAI
0.956,0.9618,0.9551,0.956,21450,2021-08-16 15:34:00,POAI
0.956,0.957299,0.9504,0.9551,27794,2021-08-16 15:35:00,POAI
0.953849,0.957299,0.9504,0.9506,26204,2021-08-16 15:36:00,POAI
0.9506,0.957299,0.9506,0.951,9949,2021-08-16 15:37:00,POAI
0.955,0.9573,0.955,0.9573,5800,2021-08-16 15:38:00,POAI
0.9618,0.9618,0.955,0.958,7303,2021-08-16 15:39:00,POAI
0.9618,0.9618,0.961799,0.961799,633,2021-08-16 15:40:00,POAI
0.96,0.9618,0.9567,0.9618,4544,2021-08-16 15:41:00,POAI
0.9614,0.965699,0.9614,0.965699,25692,2021-08-16 15:42:00,POAI
0.9658,0.9658,0.96,0.9657,3100,2021-08-16 15:43:00,POAI
0.9658,0.9658,0.955,0.955,1339,2021-08-16 15:45:00,POAI
0.95955,0.9601,0.95955,0.9601,500,2021-08-16 15:47:00,POAI
0.96,0.96,0.96,0.96,200,2021-08-16 15:48:00,POAI
0.9631,0.9631,0.96,0.9601,5440,2021-08-16 15:49:00,POAI
0.9601,0.9601,0.9601,0.9601,990,2021-08-16 15:50:00,POAI
0.961799,0.9619,0.9601,0.9619,4771,2021-08-16 15:51:00,POAI
0.9619,0.9658,0.9601,0.965799,6282,2021-08-16 15:52:00,POAI
0.965699,0.965699,0.962,0.962,5402,2021-08-16 15:53:00,POAI
0.9658,0.9658,0.962,0.9657,10800,2021-08-16 15:54:00,POAI
0.9655,0.9655,0.9655,0.9655,800,2021-08-16 15:55:00,POAI
0.9655,0.9655,0.965,0.965,7605,2021-08-16 15:57:00,POAI
0.965388,0.965499,0.965,0.965499,1200,2021-08-16 15:58:00,POAI
0.9655,0.9655,0.965,0.965,2121,2021-08-16 15:59:00,POAI
0.965249,0.9655,0.9618,0.9618,9200,2021-08-16 16:00:00,POAI
0.9628,0.9628,0.96,0.96,3100,2021-08-16 16:01:00,POAI
0.9631,0.9632,0.96,0.9631,3030,2021-08-16 16:02:00,POAI
0.9601,0.9601,0.9601,0.9601,739,2021-08-16 16:03:00,POAI
0.9628,0.9628,0.962665,0.962665,901,2021-08-16 16:05:00,POAI
0.9628,0.9628,0.9601,0.9628,8530,2021-08-16 16:06:00,POAI
0.9601,0.9601,0.9601,0.9601,100,2021-08-16 16:07:00,POAI
0.9615,0.9615,0.9615,0.9615,1041,2021-08-16 16:09:00,POAI
0.9628,0.9628,0.9615,0.9615,259,2021-08-16 16:10:00,POAI
0.9628,0.9628,0.9615,0.96215,1250,2021-08-16 16:11:00,POAI
0.9628,0.9628,0.96151,0.96151,696,2021-08-16 16:14:00,POAI
0.9627,0.9628,0.9616,0.9616,3733,2021-08-16 16:15:00,POAI
0.965399,0.965399,0.962,0.9653,1814,2021-08-16 16:17:00,POAI
0.962,0.9654,0.962,0.9654,900,2021-08-16 16:19:00,POAI
0.9654,0.9654,0.9654,0.9654,800,2021-08-16 16:20:00,POAI
0.9654,0.9654,0.9606,0.9606,6500,2021-08-16 16:21:00,POAI
0.9605,0.9605,0.959,0.9601,37650,2021-08-16 16:22:00,POAI
0.9616,0.9616,0.9601,0.9601,3517,2021-08-16 16:24:00,POAI
0.9608,0.9608,0.9608,0.9608,500,2021-08-16 16:25:00,POAI
0.961599,0.961599,0.961599,0.961599,2350,2021-08-16 16:26:00,POAI
0.9616,0.9616,0.9601,0.9605,3388,2021-08-16 16:27:00,POAI
0.9605,0.961499,0.9601,0.9601,2790,2021-08-16 16:28:00,POAI
0.9601,0.961599,0.9601,0.9601,8241,2021-08-16 16:31:00,POAI
0.9615,0.9615,0.9601,0.9601,5900,2021-08-16 16:32:00,POAI
0.9615,0.9615,0.9601,0.9601,6943,2021-08-16 16:33:00,POAI
0.9615,0.9615,0.961,0.961,6000,2021-08-16 16:34:00,POAI
0.961,0.961,0.961,0.961,100,2021-08-16 16:35:00,POAI
0.9615,0.9615,0.9615,0.9615,1489,2021-08-16 16:37:00,POAI
0.9614,0.9614,0.9614,0.9614,1899,2021-08-16 16:38:00,POAI
0.9615,0.9615,0.9615,0.9615,300,2021-08-16 16:39:00,POAI
0.9615,0.9615,0.9615,0.9615,1600,2021-08-16 16:40:00,POAI
0.9614,0.9614,0.9614,0.9614,1200,2021-08-16 16:41:00,POAI
0.9613,0.9613,0.961299,0.9613,5400,2021-08-16 16:42:00,POAI
0.961,0.961,0.961,0.961,100,2021-08-16 16:43:00,POAI
0.9614,0.9615,0.96135,0.9615,3100,2021-08-16 16:44:00,POAI
0.9614,0.962,0.9613,0.9613,7293,2021-08-16 16:45:00,POAI
0.9635,0.9635,0.9635,0.9635,800,2021-08-16 16:46:00,POAI
0.9635,0.9635,0.9635,0.9635,500,2021-08-16 16:47:00,POAI
0.9634,0.9635,0.9613,0.9635,1254,2021-08-16 16:48:00,POAI
0.9635,0.9658,0.9634,0.9658,5399,2021-08-16 16:49:00,POAI
0.9707,0.9707,0.9707,0.9707,100,2021-08-16 16:52:00,POAI
0.965601,0.9682,0.9655,0.9655,1400,2021-08-16 16:53:00,POAI
0.9682,0.9699,0.9682,0.969816,1106,2021-08-16 16:56:00,POAI
0.9699,0.9709,0.9699,0.9709,2023,2021-08-16 16:58:00,POAI
0.9709,0.9709,0.9699,0.97,924,2021-08-16 16:59:00,POAI
0.9699,0.9792,0.9699,0.9746,2803,2021-08-16 17:00:00,POAI
0.9746,0.9792,0.9682,0.9682,6300,2021-08-16 17:01:00,POAI
0.9682,0.9682,0.9682,0.9682,180,2021-08-16 17:02:00,POAI
0.9793,0.9794,0.9682,0.9794,19900,2021-08-16 17:04:00,POAI
0.974999,0.975,0.9708,0.9708,715,2021-08-16 17:05:00,POAI
0.9749,0.9749,0.9749,0.9749,4000,2021-08-16 17:06:00,POAI
0.974001,0.974001,0.974001,0.974001,100,2021-08-16 17:07:00,POAI
0.974,0.9745,0.974,0.974,2600,2021-08-16 17:08:00,POAI
0.975,0.975,0.975,0.975,1650,2021-08-16 17:09:00,POAI
0.9749,0.975,0.9745,0.9745,1655,2021-08-16 17:10:00,POAI
0.9749,0.9749,0.9749,0.9749,302,2021-08-16 17:11:00,POAI
0.975,0.9826,0.9749,0.9826,8176,2021-08-16 17:13:00,POAI
0.9825,0.9843,0.9799,0.9843,5200,2021-08-16 17:14:00,POAI
0.983999,0.983999,0.983999,0.983999,3000,2021-08-16 17:15:00,POAI
0.983999,0.983999,0.9799,0.98,3400,2021-08-16 17:16:00,POAI
0.982,0.982,0.979983,0.979983,1004,2021-08-16 17:18:00,POAI
0.9812,0.9812,0.9812,0.9812,100,2021-08-16 17:19:00,POAI
0.984799,0.984799,0.984799,0.984799,350,2021-08-16 17:20:00,POAI
0.9839,0.9839,0.9839,0.9839,200,2021-08-16 17:21:00,POAI
0.98,0.9849,0.98,0.9849,900,2021-08-16 17:22:00,POAI
0.982451,0.9849,0.982451,0.9849,1901,2021-08-16 17:23:00,POAI
0.9878,0.9878,0.984901,0.984901,710,2021-08-16 17:25:00,POAI
0.9878,0.9878,0.9849,0.9849,7000,2021-08-16 17:26:00,POAI
0.9877,0.9877,0.986349,0.986349,699,2021-08-16 17:27:00,POAI
0.9878,0.9878,0.9867,0.9878,3313,2021-08-16 17:29:00,POAI
0.9878,0.9878,0.9878,0.9878,500,2021-08-16 17:31:00,POAI
0.9878,1.01,0.9867,0.9987,169700,2021-08-16 17:32:00,POAI
1.0,1.0,0.9999,0.9999,5290,2021-08-16 17:33:00,POAI
1.0043,1.0099,1.0043,1.0099,3032,2021-08-16 17:34:00,POAI
1.0,1.0,1.0,1.0,1000,2021-08-16 17:35:00,POAI
1.0099,1.01,1.005,1.01,24975,2021-08-16 17:36:00,POAI
1.01,1.01,1.0,1.0099,22600,2021-08-16 17:37:00,POAI
1.002,1.0093,1.0007,1.0093,1677,2021-08-16 17:38:00,POAI
1.0092,1.0092,1.002,1.002,299,2021-08-16 17:39:00,POAI
1.0,1.0,1.0,1.0,1100,2021-08-16 17:40:00,POAI
1.0099,1.0199,1.0099,1.0199,8557,2021-08-16 17:41:00,POAI
1.015,1.015,1.015,1.015,5400,2021-08-16 17:42:00,POAI
1.02,1.025,1.02,1.025,2200,2021-08-16 17:43:00,POAI
1.025,1.025,1.02,1.02,6124,2021-08-16 17:44:00,POAI
1.0294,1.0299,1.025,1.0299,20000,2021-08-16 17:45:00,POAI
1.0204,1.025,1.0204,1.025,3100,2021-08-16 17:47:00,POAI
1.0201,1.025,1.02,1.025,5403,2021-08-16 17:51:00,POAI
1.0209,1.025,1.0209,1.025,300,2021-08-16 17:52:00,POAI
1.02,1.025,1.02,1.025,450,2021-08-16 17:55:00,POAI
1.025,1.025,1.0206,1.025,1300,2021-08-16 17:56:00,POAI
1.03,1.03,1.025,1.025,800,2021-08-16 17:57:00,POAI
1.03,1.03,1.025,1.025,2650,2021-08-16 17:58:00,POAI
1.025,1.025,1.02,1.02,7600,2021-08-16 18:01:00,POAI
1.025,1.025,1.02,1.02,800,2021-08-16 18:02:00,POAI
1.025,1.027,1.02,1.02,8293,2021-08-16 18:03:00,POAI
1.025,1.025,1.025,1.025,100,2021-08-16 18:04:00,POAI
1.025,1.025,1.02,1.02,1200,2021-08-16 18:06:00,POAI
1.025,1.025,1.025,1.025,100,2021-08-16 18:07:00,POAI
1.0299,1.0299,1.02,1.02,4205,2021-08-16 18:09:00,POAI
1.02,1.02,1.02,1.02,500,2021-08-16 18:10:00,POAI
1.025,1.025,1.025,1.025,153,2021-08-16 18:11:00,POAI
1.0204,1.0204,1.0204,1.0204,400,2021-08-16 18:14:00,POAI
1.02,1.02,1.02,1.02,100,2021-08-16 18:15:00,POAI
1.0233,1.0233,1.0233,1.0233,495,2021-08-16 18:18:00,POAI
1.0239,1.0239,1.0239,1.0239,100,2021-08-16 18:19:00,POAI
1.025,1.025,1.025,1.025,111,2021-08-16 18:21:00,POAI
1.02,1.02,1.02,1.02,100,2021-08-16 18:22:00,POAI
1.03,1.045,1.02,1.04,42520,2021-08-16 18:23:00,POAI
1.0477,1.05,1.0477,1.05,200,2021-08-16 18:24:00,POAI
1.04,1.04,1.04,1.04,514,2021-08-16 18:25:00,POAI
1.0401,1.0401,1.04,1.04,600,2021-08-16 18:26:00,POAI
1.0483,1.0483,1.0483,1.0483,300,2021-08-16 18:27:00,POAI
1.04,1.0494,1.04,1.04,18450,2021-08-16 18:28:00,POAI
1.0401,1.0401,1.0401,1.0401,6750,2021-08-16 18:29:00,POAI
1.0499,1.0499,1.0499,1.0499,300,2021-08-16 18:30:00,POAI
1.04,1.0498,1.04,1.04,8279,2021-08-16 18:31:00,POAI
1.045,1.045,1.04,1.04,6850,2021-08-16 18:34:00,POAI
1.0401,1.0402,1.04,1.0402,9250,2021-08-16 18:35:00,POAI
1.0418,1.0418,1.0418,1.0418,800,2021-08-16 18:36:00,POAI
1.0438,1.0438,1.0405,1.0405,1491,2021-08-16 18:37:00,POAI
1.04,1.05,1.04,1.04,40800,2021-08-16 18:39:00,POAI
1.045,1.045,1.04,1.04,2002,2021-08-16 18:40:00,POAI
1.045,1.045,1.04,1.04,2411,2021-08-16 18:41:00,POAI
1.0427,1.0427,1.04,1.04,5100,2021-08-16 18:42:00,POAI
1.045,1.045,1.045,1.045,670,2021-08-16 18:43:00,POAI
1.0406,1.0406,1.04,1.04,1100,2021-08-16 18:46:00,POAI
1.0416,1.042,1.0416,1.042,200,2021-08-16 18:47:00,POAI
1.0406,1.0499,1.0406,1.0499,1200,2021-08-16 18:48:00,POAI
1.04,1.04,1.04,1.04,1000,2021-08-16 18:49:00,POAI
1.0404,1.0404,1.04,1.04,4098,2021-08-16 18:50:00,POAI
1.0499,1.0499,1.0499,1.0499,100,2021-08-16 18:51:00,POAI
1.0499,1.0499,1.04,1.0408,5398,2021-08-16 18:54:00,POAI
1.05,1.05,1.05,1.05,5000,2021-08-16 18:55:00,POAI
1.0408,1.0408,1.0408,1.0408,500,2021-08-16 18:56:00,POAI
1.0478,1.0478,1.0478,1.0478,500,2021-08-16 18:57:00,POAI
1.04,1.04,1.035,1.035,45337,2021-08-16 18:59:00,POAI
1.04,1.04,1.04,1.04,180,2021-08-16 19:00:00,POAI
1.0399,1.0491,1.0399,1.04,9076,2021-08-16 19:01:00,POAI
1.04,1.04,1.04,1.04,200,2021-08-16 19:02:00,POAI
1.0486,1.0486,1.0412,1.0412,251,2021-08-16 19:03:00,POAI
1.0401,1.045,1.04,1.045,5200,2021-08-16 19:07:00,POAI
1.042,1.042,1.042,1.042,448,2021-08-16 19:08:00,POAI
1.0401,1.045,1.04,1.04,6591,2021-08-16 19:12:00,POAI
1.04,1.05,1.04,1.05,769,2021-08-16 19:13:00,POAI
1.0401,1.045,1.0401,1.045,800,2021-08-16 19:14:00,POAI
1.04,1.04,1.04,1.04,1000,2021-08-16 19:15:00,POAI
1.045,1.045,1.045,1.045,100,2021-08-16 19:17:00,POAI
1.0478,1.0478,1.0478,1.0478,1000,2021-08-16 19:21:00,POAI
1.04,1.04,1.04,1.04,100,2021-08-16 19:23:00,POAI
1.05,1.05,1.05,1.05,1800,2021-08-16 19:24:00,POAI
1.04,1.045,1.04,1.04,400,2021-08-16 19:25:00,POAI
1.0401,1.0401,1.0401,1.0401,2000,2021-08-16 19:32:00,POAI
1.05,1.05,1.05,1.05,957,2021-08-16 19:34:00,POAI
1.04,1.04,1.04,1.04,2087,2021-08-16 19:36:00,POAI
1.0406,1.0406,1.0406,1.0406,100,2021-08-16 19:38:00,POAI
1.0401,1.045,1.04,1.045,19100,2021-08-16 19:41:00,POAI
1.049,1.049,1.04,1.045,7700,2021-08-16 19:45:00,POAI
1.0478,1.0478,1.0478,1.0478,1793,2021-08-16 19:46:00,POAI
1.041,1.041,1.0407,1.0407,600,2021-08-16 19:47:00,POAI
1.04,1.04,1.04,1.04,2310,2021-08-16 19:49:00,POAI
1.0404,1.0404,1.0404,1.0404,100,2021-08-16 19:52:00,POAI
1.0437,1.0437,1.0437,1.0437,1000,2021-08-16 19:55:00,POAI
1.05,1.05,1.04,1.04,6300,2021-08-16 19:56:00,POAI
1.0484,1.0484,1.04,1.04,1200,2021-08-16 19:58:00,POAI
1.04,1.04,1.04,1.04,950,2021-08-16 19:59:00,POAI
1.05,1.06,1.05,1.06,4700,2021-08-16 20:00:00,POAI
1.04,1.04,1.04,1.04,100,2021-08-16 20:01:00,POAI
1.04,1.04,1.04,1.04,425,2021-08-16 20:04:00,POAI
1.04,1.04,1.04,1.04,950,2021-08-16 20:20:00,POAI
1.05,1.05,1.05,1.05,233,2021-08-16 20:23:00,POAI
1.03,1.03,1.03,1.03,3925,2021-08-16 21:52:00,POAI
1.02,1.02,1.02,1.02,130,2021-08-16 22:21:00,POAI
1.02,1.02,1.02,1.02,300,2021-08-16 22:26:00,POAI
1.02,1.02,1.02,1.02,500,2021-08-16 22:28:00,POAI
1.02,1.02,1.02,1.02,100,2021-08-16 22:47:00,POAI
1.02,1.02,1.02,1.02,750,2021-08-16 22:57:00,POAI
1.02,1.02,1.02,1.02,150,2021-08-16 23:24:00,POAI
1.02,1.02,1.02,1.02,350,2021-08-16 23:46:00,POAI
1.01,1.01,1.01,1.01,100,2021-08-16 23:47:00,POAI
1.01,1.01,1.01,1.01,209,2021-08-16 23:51:00,POAI
1.05,1.05,1.05,1.05,453,2021-08-17 10:37:00,POAI
1.02,1.02,1.02,1.02,2000,2021-08-17 13:03:00,POAI
1.0201,1.04,1.02,1.04,1134,2021-08-17 13:06:00,POAI
1.03,1.03,1.03,1.03,100,2021-08-17 13:27:00,POAI
1.02,1.035,1.02,1.035,9564,2021-08-17 13:30:00,POAI
1.03,1.03,1.02,1.021,4258,2021-08-17 13:31:00,POAI
1.02,1.02,1.02,1.02,392,2021-08-17 13:32:00,POAI
1.01,1.0258,1.01,1.01,931,2021-08-17 13:33:00,POAI
1.0151,1.0151,1.01,1.01,250,2021-08-17 13:34:00,POAI
1.02,1.02,1.02,1.02,150,2021-08-17 13:36:00,POAI
1.02,1.025,1.02,1.02,520,2021-08-17 13:37:00,POAI
1.0218,1.025,1.02,1.025,366,2021-08-17 13:38:00,POAI
1.0269,1.0269,1.02,1.02,1200,2021-08-17 13:39:00,POAI
1.0201,1.0201,1.0201,1.0201,7000,2021-08-17 13:40:00,POAI
1.0293,1.0293,1.0293,1.0293,1000,2021-08-17 13:41:00,POAI
1.0299,1.0299,1.0299,1.0299,1000,2021-08-17 13:42:00,POAI
1.0201,1.025,1.0201,1.025,310,2021-08-17 13:46:00,POAI
1.0209,1.0209,1.0209,1.0209,101,2021-08-17 13:47:00,POAI
1.02,1.0234,1.02,1.0234,1584,2021-08-17 13:49:00,POAI
1.0299,1.0299,1.0299,1.0299,100,2021-08-17 13:50:00,POAI
1.02,1.025,1.02,1.025,300,2021-08-17 13:51:00,POAI
1.025,1.025,1.025,1.025,264,2021-08-17 13:52:00,POAI
1.02,1.02,1.02,1.02,100,2021-08-17 13:54:00,POAI
1.0227,1.0232,1.02,1.0207,1894,2021-08-17 13:55:00,POAI
1.02,1.02,1.02,1.02,150,2021-08-17 13:56:00,POAI
1.02,1.02,1.02,1.02,1249,2021-08-17 13:58:00,POAI
1.0204,1.0204,1.01,1.01,4100,2021-08-17 13:59:00,POAI
1.01,1.01,1.01,1.01,200,2021-08-17 14:00:00,POAI
1.0108,1.0108,1.0108,1.0108,800,2021-08-17 14:01:00,POAI
1.01,1.01,1.01,1.01,998,2021-08-17 14:02:00,POAI
1.01,1.0199,1.01,1.0199,1300,2021-08-17 14:03:00,POAI
1.015,1.015,1.015,1.015,100,2021-08-17 14:05:00,POAI
1.01,1.01,1.01,1.01,500,2021-08-17 14:06:00,POAI
1.0123,1.0123,1.01,1.0101,699,2021-08-17 14:07:00,POAI
1.02,1.02,1.01,1.01,230,2021-08-17 14:08:00,POAI
1.01,1.01,1.01,1.01,235,2021-08-17 14:11:00,POAI
1.0109,1.0109,1.0109,1.0109,200,2021-08-17 14:12:00,POAI
1.0101,1.0101,1.0101,1.0101,1000,2021-08-17 14:13:00,POAI
1.0189,1.0189,1.0188,1.0188,1100,2021-08-17 14:14:00,POAI
1.0138,1.02,1.0138,1.02,2600,2021-08-17 14:16:00,POAI
1.01,1.01,1.01,1.01,300,2021-08-17 14:17:00,POAI
1.0106,1.0106,1.0106,1.0106,200,2021-08-17 14:19:00,POAI
1.01,1.01,1.01,1.01,1064,2021-08-17 14:20:00,POAI
1.02,1.02,1.0,1.005,16022,2021-08-17 14:24:00,POAI
1.0,1.0,1.0,1.0,149,2021-08-17 14:25:00,POAI
1.01,1.02,1.01,1.015,10500,2021-08-17 14:27:00,POAI
1.02,1.03,1.02,1.03,11347,2021-08-17 14:28:00,POAI
1.03,1.03,1.025,1.025,1200,2021-08-17 14:29:00,POAI
1.025,1.025,1.025,1.025,100,2021-08-17 14:30:00,POAI
1.0299,1.0299,1.025,1.0299,3874,2021-08-17 14:31:00,POAI
1.02,1.027,1.02,1.027,1147,2021-08-17 14:32:00,POAI
1.0201,1.0201,1.0201,1.0201,500,2021-08-17 14:33:00,POAI
1.025,1.025,1.0217,1.0217,376,2021-08-17 14:36:00,POAI
1.03,1.04,1.03,1.0307,1500,2021-08-17 14:37:00,POAI
1.03,1.0385,1.03,1.03,600,2021-08-17 14:38:00,POAI
1.0311,1.0311,1.03,1.03,332,2021-08-17 14:40:00,POAI
1.03,1.0381,1.03,1.0314,2300,2021-08-17 14:42:00,POAI
1.0346,1.0346,1.0346,1.0346,450,2021-08-17 14:45:00,POAI
1.0301,1.0301,1.03,1.03,900,2021-08-17 14:46:00,POAI
1.0309,1.0399,1.0309,1.0399,994,2021-08-17 14:47:00,POAI
1.04,1.04,1.04,1.04,100,2021-08-17 14:48:00,POAI
1.03,1.03,1.03,1.03,300,2021-08-17 14:51:00,POAI
1.035,1.04,1.03,1.0325,19778,2021-08-17 14:52:00,POAI
1.03,1.03,1.03,1.03,400,2021-08-17 14:53:00,POAI
1.03,1.035,1.03,1.035,4300,2021-08-17 14:54:00,POAI
1.03,1.0393,1.03,1.03,2900,2021-08-17 14:55:00,POAI
1.03,1.035,1.03,1.03,500,2021-08-17 14:56:00,POAI
1.035,1.035,1.03,1.03,14200,2021-08-17 14:57:00,POAI
1.0308,1.0308,1.0308,1.0308,300,2021-08-17 14:58:00,POAI
1.03,1.03,1.03,1.03,300,2021-08-17 15:00:00,POAI
1.04,1.05,1.035,1.04,9449,2021-08-17 15:02:00,POAI
1.035,1.035,1.03,1.03,1400,2021-08-17 15:03:00,POAI
1.03,1.04,1.03,1.04,300,2021-08-17 15:06:00,POAI
1.035,1.035,1.035,1.035,153,2021-08-17 15:08:00,POAI
1.0399,1.0399,1.0399,1.0399,110,2021-08-17 15:11:00,POAI
1.0327,1.0327,1.02,1.02,3212,2021-08-17 15:12:00,POAI
1.025,1.025,1.025,1.025,2109,2021-08-17 15:17:00,POAI
1.025,1.025,1.0207,1.0207,4197,2021-08-17 15:19:00,POAI
1.02,1.0299,1.02,1.0299,5300,2021-08-17 15:20:00,POAI
1.0227,1.0227,1.0201,1.0201,6100,2021-08-17 15:22:00,POAI
1.0211,1.0211,1.0211,1.0211,300,2021-08-17 15:24:00,POAI
1.02,1.02,1.02,1.02,6200,2021-08-17 15:25:00,POAI
1.0111,1.0111,1.01,1.01,1259,2021-08-17 15:29:00,POAI
1.015,1.015,1.01,1.01,500,2021-08-17 15:35:00,POAI
1.01,1.0108,1.01,1.01,309,2021-08-17 15:36:00,POAI
1.015,1.015,1.015,1.015,200,2021-08-17 15:37:00,POAI
1.015,1.015,1.01,1.01,4700,2021-08-17 15:38:00,POAI
1.01,1.01,1.01,1.01,10250,2021-08-17 15:44:00,POAI
1.01,1.01,1.01,1.01,1400,2021-08-17 15:45:00,POAI
1.01,1.01,1.01,1.01,200,2021-08-17 15:46:00,POAI
1.01,1.01,1.01,1.01,4500,2021-08-17 15:47:00,POAI
1.01,1.0126,1.0,1.0,7736,2021-08-17 15:48:00,POAI
1.0,1.01,1.0,1.01,243,2021-08-17 15:49:00,POAI
1.0,1.0,1.0,1.0,10124,2021-08-17 15:50:00,POAI
1.0,1.0,1.0,1.0,860,2021-08-17 15:51:00,POAI
1.0,1.0,1.0,1.0,100,2021-08-17 15:52:00,POAI
1.0063,1.0063,1.0,1.005,5474,2021-08-17 15:54:00,POAI
1.005,1.005,1.005,1.005,138,2021-08-17 15:55:00,POAI
1.005,1.005,1.005,1.005,100,2021-08-17 15:56:00,POAI
1.0,1.005,1.0,1.0,1000,2021-08-17 15:57:00,POAI
1.0,1.0086,1.0,1.0086,220,2021-08-17 15:58:00,POAI
1.0065,1.0065,1.0,1.0,350,2021-08-17 15:59:00,POAI
1.0086,1.0086,1.0086,1.0086,500,2021-08-17 16:01:00,POAI
1.005,1.005,1.005,1.005,250,2021-08-17 16:02:00,POAI
1.0067,1.0067,1.0067,1.0067,120,2021-08-17 16:06:00,POAI
1.0087,1.0087,1.0087,1.0087,200,2021-08-17 16:07:00,POAI
1.0092,1.0092,1.0,1.0,870,2021-08-17 16:08:00,POAI
1.0,1.0,1.0,1.0,1198,2021-08-17 16:09:00,POAI
1.0089,1.0089,1.005,1.005,200,2021-08-17 16:10:00,POAI
1.0,1.0,1.0,1.0,1000,2021-08-17 16:15:00,POAI
1.0,1.0006,1.0,1.0006,5398,2021-08-17 16:16:00,POAI
1.0,1.005,0.9949,0.9949,14245,2021-08-17 16:17:00,POAI
0.9949,0.9949,0.9926,0.9926,800,2021-08-17 16:18:00,POAI
0.9925,1.0,0.9925,0.9928,2249,2021-08-17 16:19:00,POAI
0.9935,0.9999,0.9931,0.9999,13663,2021-08-17 16:20:00,POAI
1.0,1.0,1.0,1.0,1120,2021-08-17 16:21:00,POAI
1.0,1.0,0.9925,0.9927,2479,2021-08-17 16:22:00,POAI
0.9925,0.9963,0.9925,0.9963,200,2021-08-17 16:23:00,POAI
1.01,1.01,0.9963,0.9963,2694,2021-08-17 16:24:00,POAI
1.0,1.0,1.0,1.0,400,2021-08-17 16:25:00,POAI
1.0093,1.0093,1.0093,1.0093,500,2021-08-17 16:26:00,POAI
1.0,1.0,1.0,1.0,200,2021-08-17 16:27:00,POAI
1.0,1.0,1.0,1.0,200,2021-08-17 16:28:00,POAI
1.01,1.01,1.0,1.0,10400,2021-08-17 16:30:00,POAI
1.01,1.01,1.01,1.01,10000,2021-08-17 16:31:00,POAI
1.01,1.01,1.0,1.005,1651,2021-08-17 16:32:00,POAI
1.0017,1.0017,1.0017,1.0017,100,2021-08-17 16:39:00,POAI
1.01,1.01,0.9926,0.9926,5253,2021-08-17 16:40:00,POAI
0.9926,1.0013,0.9925,0.9925,6958,2021-08-17 16:41:00,POAI
0.9925,0.9925,0.9925,0.9925,100,2021-08-17 16:42:00,POAI
0.9959,1.0,0.9959,1.0,839,2021-08-17 16:43:00,POAI
1.0,1.01,0.9901,1.01,15483,2021-08-17 16:44:00,POAI
1.01,1.01,1.0,1.0092,2800,2021-08-17 16:45:00,POAI
1.001,1.0099,1.0,1.0099,1190,2021-08-17 16:49:00,POAI
1.0,1.0,0.9905,0.9905,12716,2021-08-17 16:50:00,POAI
0.9999,0.9999,0.9905,0.993,2262,2021-08-17 16:52:00,POAI
0.9905,0.9905,0.9905,0.9905,600,2021-08-17 16:54:00,POAI
1.0001,1.0001,1.0001,1.0001,145,2021-08-17 16:56:00,POAI
1.0099,1.0099,1.0099,1.0099,1000,2021-08-17 17:00:00,POAI
1.0013,1.0013,1.0,1.0,1050,2021-08-17 17:01:00,POAI
1.0019,1.01,1.0,1.0,2480,2021-08-17 17:04:00,POAI
1.0099,1.01,1.0,1.0,4050,2021-08-17 17:05:00,POAI
1.0018,1.0018,1.0018,1.0018,300,2021-08-17 17:08:00,POAI
1.009,1.009,1.009,1.009,100,2021-08-17 17:09:00,POAI
1.0,1.0,1.0,1.0,283,2021-08-17 17:11:00,POAI
1.0001,1.0001,1.0,1.0,580,2021-08-17 17:12:00,POAI
1.0,1.0,1.0,1.0,400,2021-08-17 17:13:00,POAI
1.0099,1.0099,1.005,1.005,1500,2021-08-17 17:14:00,POAI
1.0,1.0,1.0,1.0,3100,2021-08-17 17:16:00,POAI
1.005,1.005,1.005,1.005,1500,2021-08-17 17:19:00,POAI
1.0,1.0,1.0,1.0,900,2021-08-17 17:21:00,POAI
1.005,1.005,1.005,1.005,300,2021-08-17 17:24:00,POAI
1.0,1.0,1.0,1.0,300,2021-08-17 17:27:00,POAI
1.006,1.006,1.006,1.006,3000,2021-08-17 17:29:00,POAI
1.0099,1.0099,1.0,1.0,6100,2021-08-17 17:30:00,POAI
1.006,1.01,1.0,1.0,900,2021-08-17 17:31:00,POAI
1.003,1.003,1.003,1.003,1500,2021-08-17 17:32:00,POAI
1.0,1.0093,1.0,1.0093,588,2021-08-17 17:33:00,POAI
1.0092,1.0092,1.0092,1.0092,300,2021-08-17 17:34:00,POAI
1.0,1.005,1.0,1.005,530,2021-08-17 17:35:00,POAI
1.0001,1.0001,1.0001,1.0001,100,2021-08-17 17:36:00,POAI
1.005,1.0099,1.005,1.0099,7241,2021-08-17 17:39:00,POAI
1.0093,1.0093,1.0093,1.0093,1000,2021-08-17 17:40:00,POAI
1.0,1.0,1.0,1.0,800,2021-08-17 17:41:00,POAI
1.005,1.005,1.005,1.005,2000,2021-08-17 17:51:00,POAI
1.0,1.0,1.0,1.0,400,2021-08-17 17:52:00,POAI
1.0083,1.0083,1.0083,1.0083,150,2021-08-17 17:53:00,POAI
1.0061,1.01,1.005,1.01,5950,2021-08-17 17:58:00,POAI
1.001,1.001,1.001,1.001,250,2021-08-17 18:03:00,POAI
1.005,1.005,1.0035,1.0035,301,2021-08-17 18:07:00,POAI
1.0009,1.008,1.0009,1.008,876,2021-08-17 18:08:00,POAI
1.0096,1.0096,1.005,1.005,1700,2021-08-17 18:10:00,POAI
1.0,1.005,1.0,1.0,11691,2021-08-17 18:11:00,POAI
0.9955,0.9955,0.9905,0.9905,1700,2021-08-17 18:12:00,POAI
0.9905,0.9999,0.9904,0.9904,6650,2021-08-17 18:13:00,POAI
0.9904,0.9904,0.9904,0.9904,100,2021-08-17 18:14:00,POAI
1.0,1.0,0.9904,0.9904,825,2021-08-17 18:15:00,POAI
0.9952,0.9952,0.9952,0.9952,1000,2021-08-17 18:19:00,POAI
0.9952,0.9952,0.9952,0.9952,200,2021-08-17 18:22:00,POAI
0.9939,0.9939,0.9939,0.9939,271,2021-08-17 18:24:00,POAI
0.9905,0.9905,0.9905,0.9905,400,2021-08-17 18:25:00,POAI
0.9999,0.9999,0.9999,0.9999,200,2021-08-17 18:26:00,POAI
0.9999,0.9999,0.9904,0.9904,1700,2021-08-17 18:27:00,POAI
1.0,1.0,1.0,1.0,480,2021-08-17 18:30:00,POAI
0.9952,0.9952,0.9904,0.9904,1200,2021-08-17 18:31:00,POAI
0.9901,0.9901,0.9901,0.9901,100,2021-08-17 18:34:00,POAI
0.9901,0.9901,0.983,0.9875,14966,2021-08-17 18:36:00,POAI
0.983,0.986,0.983,0.986,2455,2021-08-17 18:38:00,POAI
0.986,0.988,0.986,0.986,3700,2021-08-17 18:39:00,POAI
0.989999,0.99,0.986,0.986,2552,2021-08-17 18:40:00,POAI
0.986,0.989,0.986,0.989,396,2021-08-17 18:41:00,POAI
0.9899,0.9899,0.9899,0.9899,100,2021-08-17 18:42:00,POAI
0.9899,0.9899,0.986,0.988204,950,2021-08-17 18:43:00,POAI
0.99,0.99,0.9861,0.989899,785,2021-08-17 18:45:00,POAI
0.989999,0.989999,0.989999,0.989999,300,2021-08-17 18:46:00,POAI
0.99,0.9902,0.988,0.9882,17731,2021-08-17 18:47:00,POAI
0.99,0.99,0.9882,0.9882,1100,2021-08-17 18:48:00,POAI
0.989099,0.9898,0.989099,0.9898,901,2021-08-17 18:49:00,POAI
0.9899,0.99,0.9898,0.99,2876,2021-08-17 18:50:00,POAI
0.99,0.99,0.99,0.99,1000,2021-08-17 18:51:00,POAI
0.9899,0.99,0.9899,0.99,700,2021-08-17 18:52:00,POAI
0.99,0.99,0.99,0.99,101,2021-08-17 18:54:00,POAI
0.99,0.99,0.9899,0.9899,23680,2021-08-17 18:55:00,POAI
0.99,0.9947,0.9899,0.9901,16851,2021-08-17 18:57:00,POAI
0.9901,0.9901,0.9901,0.9901,500,2021-08-17 18:58:00,POAI
0.9997,1.02,0.9997,1.02,29212,2021-08-17 18:59:00,POAI
1.01,1.01,1.01,1.01,4500,2021-08-17 19:01:00,POAI
1.015,1.015,1.015,1.015,585,2021-08-17 19:02:00,POAI
1.01,1.01,1.01,1.01,450,2021-08-17 19:03:00,POAI
1.01,1.015,1.01,1.015,200,2021-08-17 19:05:00,POAI
1.0188,1.0188,1.01,1.01,400,2021-08-17 19:06:00,POAI
1.01,1.015,1.01,1.015,200,2021-08-17 19:07:00,POAI
1.015,1.015,1.01,1.015,500,2021-08-17 19:08:00,POAI
1.01,1.01,1.01,1.01,1500,2021-08-17 19:09:00,POAI
1.015,1.02,1.015,1.015,600,2021-08-17 19:12:00,POAI
1.02,1.02,1.0195,1.0195,715,2021-08-17 19:15:00,POAI
1.0177,1.0177,1.0177,1.0177,1000,2021-08-17 19:16:00,POAI
1.02,1.025,1.019,1.025,16032,2021-08-17 19:17:00,POAI
1.025,1.025,1.025,1.025,300,2021-08-17 19:18:00,POAI
1.025,1.03,1.025,1.025,10600,2021-08-17 19:19:00,POAI
1.0244,1.0244,1.0244,1.0244,3000,2021-08-17 19:20:00,POAI
1.0299,1.0299,1.02,1.025,5500,2021-08-17 19:22:00,POAI
1.0264,1.0292,1.02,1.025,1793,2021-08-17 19:23:00,POAI
1.03,1.03,1.02,1.02,700,2021-08-17 19:24:00,POAI
1.0299,1.03,1.02,1.02,1418,2021-08-17 19:25:00,POAI
1.025,1.03,1.025,1.03,1775,2021-08-17 19:26:00,POAI
1.02,1.03,1.02,1.03,901,2021-08-17 19:27:00,POAI
1.025,1.0287,1.02,1.02,925,2021-08-17 19:28:00,POAI
1.0299,1.0299,1.0299,1.0299,963,2021-08-17 19:29:00,POAI
1.0291,1.0291,1.0291,1.0291,500,2021-08-17 19:31:00,POAI
1.02,1.0299,1.02,1.0299,492,2021-08-17 19:32:00,POAI
1.025,1.0299,1.025,1.0299,263,2021-08-17 19:34:00,POAI
1.03,1.03,1.029,1.029,4050,2021-08-17 19:36:00,POAI
1.0237,1.025,1.0237,1.025,600,2021-08-17 19:40:00,POAI
1.025,1.025,1.025,1.025,100,2021-08-17 19:41:00,POAI
1.025,1.025,1.02,1.02,200,2021-08-17 19:42:00,POAI
1.03,1.03,1.0225,1.025,2900,2021-08-17 19:43:00,POAI
1.025,1.025,1.025,1.025,100,2021-08-17 19:44:00,POAI
1.025,1.025,1.025,1.025,200,2021-08-17 19:46:00,POAI
1.025,1.025,1.025,1.025,100,2021-08-17 19:48:00,POAI
1.025,1.025,1.022,1.022,5100,2021-08-17 19:49:00,POAI
1.0299,1.0299,1.0299,1.0299,100,2021-08-17 19:50:00,POAI
1.025,1.0274,1.02,1.025,15200,2021-08-17 19:51:00,POAI
1.025,1.025,1.02,1.02,7000,2021-08-17 19:53:00,POAI
1.02,1.025,1.02,1.025,900,2021-08-17 19:54:00,POAI
1.025,1.025,1.025,1.025,100,2021-08-17 19:55:00,POAI
1.0214,1.0299,1.0214,1.0299,5245,2021-08-17 19:56:00,POAI
1.02,1.025,1.02,1.025,7727,2021-08-17 19:57:00,POAI
1.0201,1.025,1.0201,1.025,342,2021-08-17 19:58:00,POAI
1.025,1.03,1.025,1.03,3773,2021-08-17 19:59:00,POAI
1.02,1.04,1.02,1.04,3028,2021-08-17 20:00:00,POAI
1.04,1.04,1.04,1.04,200,2021-08-17 20:01:00,POAI
1.04,1.04,1.04,1.04,1610,2021-08-17 20:02:00,POAI
1.03,1.03,1.03,1.03,100,2021-08-17 20:11:00,POAI
1.03,1.03,1.03,1.03,500,2021-08-17 20:14:00,POAI
1.03,1.03,1.03,1.03,109,2021-08-17 20:15:00,POAI
1.02,1.02,1.02,1.02,150,2021-08-17 20:35:00,POAI
1.0299,1.0299,1.0299,1.0299,200,2021-08-17 20:38:00,POAI
1.02,1.02,1.02,1.02,1000,2021-08-17 20:44:00,POAI
1.03,1.03,1.03,1.03,100,2021-08-17 20:47:00,POAI
1.03,1.03,1.03,1.03,2255,2021-08-17 20:50:00,POAI
1.03,1.03,1.03,1.03,400,2021-08-17 20:51:00,POAI
1.02,1.02,1.02,1.02,3000,2021-08-17 20:57:00,POAI
1.02,1.02,1.02,1.02,2463,2021-08-17 20:58:00,POAI
1.03,1.03,1.03,1.03,100,2021-08-17 21:39:00,POAI
1.01,1.01,1.01,1.01,994,2021-08-17 21:43:00,POAI
1.02,1.02,1.02,1.02,152,2021-08-17 22:37:00,POAI
1.02,1.02,1.02,1.02,100,2021-08-17 22:55:00,POAI
1.01,1.01,1.01,1.01,453,2021-08-17 23:40:00,POAI
1.01,1.01,1.01,1.01,485,2021-08-18 11:00:00,POAI
1.01,1.01,1.0,1.0,342,2021-08-18 11:01:00,POAI
0.99,0.99,0.99,0.99,5369,2021-08-18 11:05:00,POAI
0.9901,0.9901,0.9901,0.9901,400,2021-08-18 12:00:00,POAI
0.99,0.99,0.99,0.99,4456,2021-08-18 12:01:00,POAI
1.0201,1.0201,1.02,1.02,2200,2021-08-18 12:32:00,POAI
1.0599,1.0599,1.0599,1.0599,150,2021-08-18 12:37:00,POAI
1.05,1.05,1.05,1.05,221,2021-08-18 12:44:00,POAI
1.01,1.01,1.01,1.01,300,2021-08-18 13:03:00,POAI
1.02,1.02,1.0,1.0,2322,2021-08-18 13:09:00,POAI
1.03,1.03,1.03,1.03,1461,2021-08-18 13:30:00,POAI
1.0209,1.0299,1.0209,1.0299,1817,2021-08-18 13:31:00,POAI
1.0212,1.0212,1.0204,1.0204,1103,2021-08-18 13:32:00,POAI
1.028,1.03,1.028,1.03,273,2021-08-18 13:33:00,POAI
1.02,1.02,1.02,1.02,480,2021-08-18 13:34:00,POAI
1.02,1.02,1.02,1.02,347,2021-08-18 13:36:00,POAI
1.0282,1.0282,1.0282,1.0282,600,2021-08-18 13:37:00,POAI
1.0206,1.0206,1.0206,1.0206,100,2021-08-18 13:38:00,POAI
1.02,1.02,1.02,1.02,1348,2021-08-18 13:39:00,POAI
1.0289,1.0289,1.0289,1.0289,174,2021-08-18 13:41:00,POAI
1.025,1.025,1.025,1.025,3400,2021-08-18 13:42:00,POAI
1.0201,1.0201,1.02,1.02,2102,2021-08-18 13:44:00,POAI
1.022,1.022,1.022,1.022,200,2021-08-18 13:45:00,POAI
1.022,1.0241,1.01,1.0241,15935,2021-08-18 13:46:00,POAI
1.01,1.01,1.01,1.01,800,2021-08-18 13:47:00,POAI
1.01,1.01,1.01,1.01,100,2021-08-18 13:50:00,POAI
1.013,1.013,1.013,1.013,185,2021-08-18 13:51:00,POAI
1.01,1.01,1.01,1.01,100,2021-08-18 13:52:00,POAI
1.01,1.01,1.01,1.01,200,2021-08-18 13:53:00,POAI
1.01,1.015,1.01,1.015,1085,2021-08-18 13:54:00,POAI
1.01,1.01,1.01,1.01,6565,2021-08-18 13:55:00,POAI
1.0,1.0043,1.0,1.0,1800,2021-08-18 13:57:00,POAI
1.0,1.0,1.0,1.0,940,2021-08-18 13:59:00,POAI
1.0,1.01,1.0,1.005,11633,2021-08-18 14:00:00,POAI
1.01,1.02,1.01,1.02,5916,2021-08-18 14:01:00,POAI
1.0101,1.0109,1.01,1.0109,2450,2021-08-18 14:02:00,POAI
1.0108,1.0108,1.0108,1.0108,300,2021-08-18 14:03:00,POAI
1.0185,1.0185,1.0185,1.0185,100,2021-08-18 14:04:00,POAI
1.0104,1.0104,1.0104,1.0104,5000,2021-08-18 14:05:00,POAI
1.0113,1.0113,1.0113,1.0113,300,2021-08-18 14:06:00,POAI
1.0101,1.02,1.0101,1.02,400,2021-08-18 14:07:00,POAI
1.01,1.01,1.01,1.01,400,2021-08-18 14:09:00,POAI
1.01,1.01,1.01,1.01,400,2021-08-18 14:13:00,POAI
1.0117,1.0117,1.0117,1.0117,199,2021-08-18 14:14:00,POAI
1.0192,1.02,1.0192,1.02,800,2021-08-18 14:16:00,POAI
1.0199,1.0199,1.0199,1.0199,5000,2021-08-18 14:17:00,POAI
1.0101,1.0101,1.0101,1.0101,7000,2021-08-18 14:20:00,POAI
1.0186,1.0186,1.01,1.01,3195,2021-08-18 14:24:00,POAI
1.02,1.02,1.02,1.02,1100,2021-08-18 14:25:00,POAI
1.01,1.0193,1.01,1.0193,794,2021-08-18 14:26:00,POAI
1.01,1.01,1.01,1.01,100,2021-08-18 14:27:00,POAI
1.01,1.015,1.01,1.01,2200,2021-08-18 14:29:00,POAI
1.0133,1.0133,1.0133,1.0133,309,2021-08-18 14:30:00,POAI
1.01,1.01,1.01,1.01,100,2021-08-18 14:31:00,POAI
1.0133,1.0133,1.01,1.01,895,2021-08-18 14:32:00,POAI
1.01,1.01,1.01,1.01,100,2021-08-18 14:33:00,POAI
1.01,1.02,1.01,1.0193,4662,2021-08-18 14:34:00,POAI
1.0114,1.015,1.01,1.015,3652,2021-08-18 14:35:00,POAI
1.0109,1.0109,1.0109,1.0109,1000,2021-08-18 14:36:00,POAI
1.02,1.02,1.01,1.01,1427,2021-08-18 14:37:00,POAI
1.0111,1.0111,1.0111,1.0111,500,2021-08-18 14:38:00,POAI
1.015,1.015,1.015,1.015,132,2021-08-18 14:39:00,POAI
1.02,1.02,1.02,1.02,2885,2021-08-18 14:40:00,POAI
1.0236,1.0236,1.02,1.02,2100,2021-08-18 14:41:00,POAI
1.029,1.029,1.0207,1.0207,2100,2021-08-18 14:43:00,POAI
1.029,1.029,1.025,1.025,1800,2021-08-18 14:44:00,POAI
1.0293,1.0293,1.02,1.02,2800,2021-08-18 14:45:00,POAI
1.03,1.03,1.03,1.03,2468,2021-08-18 14:46:00,POAI
1.025,1.025,1.025,1.025,100,2021-08-18 14:50:00,POAI
1.02,1.02,1.02,1.02,100,2021-08-18 14:51:00,POAI
1.0299,1.0299,1.0299,1.0299,341,2021-08-18 14:52:00,POAI
1.02,1.02,1.02,1.02,100,2021-08-18 14:53:00,POAI
1.0208,1.0208,1.0208,1.0208,950,2021-08-18 14:57:00,POAI
1.029,1.029,1.029,1.029,300,2021-08-18 14:58:00,POAI
1.025,1.0299,1.025,1.0299,5600,2021-08-18 15:00:00,POAI
1.02,1.0221,1.02,1.0221,298,2021-08-18 15:01:00,POAI
1.0209,1.0209,1.0209,1.0209,200,2021-08-18 15:03:00,POAI
1.02,1.02,1.02,1.02,100,2021-08-18 15:05:00,POAI
1.03,1.03,1.025,1.025,2200,2021-08-18 15:09:00,POAI
1.02,1.02,1.02,1.02,100,2021-08-18 15:11:00,POAI
1.029,1.029,1.02,1.02,350,2021-08-18 15:12:00,POAI
1.02,1.02,1.02,1.02,3410,2021-08-18 15:16:00,POAI
1.02,1.02,1.01,1.01,301,2021-08-18 15:17:00,POAI
1.0134,1.0134,1.01,1.01,300,2021-08-18 15:21:00,POAI
1.02,1.02,1.02,1.02,200,2021-08-18 15:22:00,POAI
1.0148,1.0148,1.01,1.01,2190,2021-08-18 15:23:00,POAI
1.0101,1.0101,1.0101,1.0101,5000,2021-08-18 15:24:00,POAI
1.0101,1.0101,1.01,1.01,500,2021-08-18 15:28:00,POAI
1.015,1.015,1.015,1.015,585,2021-08-18 15:29:00,POAI
1.02,1.02,1.02,1.02,1755,2021-08-18 15:30:00,POAI
1.01,1.01,1.01,1.01,472,2021-08-18 15:31:00,POAI
1.02,1.02,1.02,1.02,250,2021-08-18 15:34:00,POAI
1.01,1.01,1.01,1.01,100,2021-08-18 15:37:00,POAI
1.01,1.01,1.01,1.01,100,2021-08-18 15:38:00,POAI
1.015,1.015,1.015,1.015,177,2021-08-18 15:41:00,POAI
1.0139,1.0139,1.0139,1.0139,200,2021-08-18 15:42:00,POAI
1.01,1.01,1.01,1.01,500,2021-08-18 15:49:00,POAI
1.0111,1.0111,1.0111,1.0111,1000,2021-08-18 15:54:00,POAI
1.02,1.02,1.02,1.02,600,2021-08-18 16:00:00,POAI
1.01,1.015,1.01,1.015,200,2021-08-18 16:05:00,POAI
1.0116,1.015,1.0116,1.015,501,2021-08-18 16:13:00,POAI
1.015,1.015,1.015,1.015,185,2021-08-18 16:14:00,POAI
1.015,1.015,1.015,1.015,185,2021-08-18 16:15:00,POAI
1.02,1.02,1.02,1.02,150,2021-08-18 16:16:00,POAI
1.0199,1.0199,1.0199,1.0199,643,2021-08-18 16:20:00,POAI
1.01,1.01,1.01,1.01,100,2021-08-18 16:22:00,POAI
1.015,1.015,1.015,1.015,101,2021-08-18 16:23:00,POAI
1.0112,1.0112,1.0112,1.0112,1400,2021-08-18 16:25:00,POAI
1.015,1.015,1.015,1.015,100,2021-08-18 16:26:00,POAI
1.015,1.015,1.01,1.01,28838,2021-08-18 16:30:00,POAI
1.01,1.01,1.01,1.01,300,2021-08-18 16:31:00,POAI
1.01,1.01,1.01,1.01,383,2021-08-18 16:33:00,POAI
1.01,1.0107,1.01,1.0107,200,2021-08-18 16:36:00,POAI
1.0101,1.0101,1.0101,1.0101,300,2021-08-18 16:37:00,POAI
1.01,1.01,1.01,1.01,100,2021-08-18 16:38:00,POAI
1.01,1.01,1.01,1.01,100,2021-08-18 16:41:00,POAI
1.01,1.01,1.01,1.01,100,2021-08-18 16:42:00,POAI
1.015,1.015,1.01,1.01,1100,2021-08-18 16:43:00,POAI
1.01,1.01,1.01,1.01,100,2021-08-18 16:45:00,POAI
1.01,1.01,1.01,1.01,300,2021-08-18 16:47:00,POAI
1.0199,1.0199,1.0199,1.0199,473,2021-08-18 16:49:00,POAI
1.01,1.01,1.01,1.01,3000,2021-08-18 16:52:00,POAI
1.015,1.015,1.015,1.015,100,2021-08-18 16:54:00,POAI
1.0199,1.0199,1.0199,1.0199,950,2021-08-18 16:58:00,POAI
1.015,1.019,1.015,1.015,1975,2021-08-18 16:59:00,POAI
1.0145,1.0145,1.0145,1.0145,250,2021-08-18 17:02:00,POAI
1.015,1.015,1.015,1.015,120,2021-08-18 17:03:00,POAI
1.0101,1.0101,1.0101,1.0101,1000,2021-08-18 17:04:00,POAI
1.01,1.01,1.01,1.01,100,2021-08-18 17:10:00,POAI
1.0181,1.0181,1.0181,1.0181,100,2021-08-18 17:11:00,POAI
1.02,1.02,1.02,1.02,4700,2021-08-18 17:12:00,POAI
1.02,1.02,1.02,1.02,199,2021-08-18 17:16:00,POAI
1.0124,1.0124,1.0124,1.0124,100,2021-08-18 17:18:00,POAI
1.01,1.0185,1.01,1.0185,200,2021-08-18 17:19:00,POAI
1.015,1.015,1.015,1.015,100,2021-08-18 17:20:00,POAI
1.015,1.015,1.015,1.015,100,2021-08-18 17:30:00,POAI
1.0109,1.0109,1.0109,1.0109,240,2021-08-18 17:31:00,POAI
1.01,1.01,1.01,1.01,100,2021-08-18 17:35:00,POAI
1.01,1.02,0.9999,1.0,84184,2021-08-18 17:45:00,POAI
1.0,1.0,0.99,0.9987,19453,2021-08-18 17:46:00,POAI
0.9853,0.9999,0.9853,0.9999,18807,2021-08-18 17:47:00,POAI
1.01,1.01,0.993,1.0,20807,2021-08-18 17:48:00,POAI
1.01,1.015,1.01,1.015,12301,2021-08-18 17:49:00,POAI
1.02,1.02,1.01,1.0118,2320,2021-08-18 17:51:00,POAI
1.0199,1.02,1.01,1.0157,5573,2021-08-18 17:52:00,POAI
1.02,1.02,1.01,1.0112,9800,2021-08-18 17:53:00,POAI
1.0199,1.02,1.01,1.0199,11161,2021-08-18 17:54:00,POAI
1.0187,1.03,1.015,1.0277,31489,2021-08-18 17:55:00,POAI
1.025,1.0299,1.025,1.0283,13116,2021-08-18 17:56:00,POAI
1.0299,1.04,1.025,1.039,28145,2021-08-18 17:57:00,POAI
1.035,1.0397,1.03,1.0392,6250,2021-08-18 17:58:00,POAI
1.04,1.05,1.04,1.05,15240,2021-08-18 17:59:00,POAI
1.0483,1.06,1.0401,1.0516,16261,2021-08-18 18:00:00,POAI
1.055,1.06,1.055,1.059,1740,2021-08-18 18:01:00,POAI
1.058,1.06,1.045,1.05,6758,2021-08-18 18:02:00,POAI
1.045,1.05,1.045,1.05,5822,2021-08-18 18:03:00,POAI
1.05,1.05,1.05,1.05,9795,2021-08-18 18:04:00,POAI
1.06,1.06,1.06,1.06,4762,2021-08-18 18:05:00,POAI
1.05,1.0501,1.05,1.05,4061,2021-08-18 18:06:00,POAI
1.05,1.0517,1.05,1.05,4767,2021-08-18 18:07:00,POAI
1.04,1.05,1.04,1.05,6249,2021-08-18 18:08:00,POAI
1.0499,1.05,1.04,1.05,6549,2021-08-18 18:09:00,POAI
1.05,1.05,1.04,1.04,6600,2021-08-18 18:10:00,POAI
1.0499,1.0499,1.04,1.049,3100,2021-08-18 18:11:00,POAI
1.0423,1.045,1.0417,1.045,684,2021-08-18 18:12:00,POAI
1.045,1.0499,1.045,1.0499,17965,2021-08-18 18:13:00,POAI
1.0499,1.05,1.0409,1.0409,13250,2021-08-18 18:14:00,POAI
1.045,1.05,1.04,1.04,5476,2021-08-18 18:15:00,POAI
1.0412,1.0412,1.0412,1.0412,150,2021-08-18 18:16:00,POAI
1.0473,1.048,1.0473,1.048,200,2021-08-18 18:17:00,POAI
1.04,1.04,1.04,1.04,600,2021-08-18 18:18:00,POAI
1.04,1.04,1.04,1.04,100,2021-08-18 18:19:00,POAI
1.04,1.04,1.04,1.04,500,2021-08-18 18:20:00,POAI
1.04,1.04,1.04,1.04,476,2021-08-18 18:21:00,POAI
1.04,1.04,1.04,1.04,100,2021-08-18 18:23:00,POAI
1.04,1.04,1.04,1.04,630,2021-08-18 18:24:00,POAI
1.0418,1.0499,1.04,1.0499,1250,2021-08-18 18:25:00,POAI
1.04,1.0499,1.04,1.0499,3993,2021-08-18 18:26:00,POAI
1.04,1.04,1.04,1.04,100,2021-08-18 18:27:00,POAI
1.045,1.045,1.04,1.04,300,2021-08-18 18:28:00,POAI
1.045,1.045,1.045,1.045,478,2021-08-18 18:29:00,POAI
1.041,1.05,1.04,1.04,11029,2021-08-18 18:30:00,POAI
1.0401,1.0401,1.0401,1.0401,3076,2021-08-18 18:31:00,POAI
1.04,1.0499,1.04,1.045,4179,2021-08-18 18:32:00,POAI
1.0419,1.0419,1.0419,1.0419,200,2021-08-18 18:33:00,POAI
1.04,1.04,1.04,1.04,100,2021-08-18 18:34:00,POAI
1.0438,1.0438,1.0438,1.0438,800,2021-08-18 18:35:00,POAI
1.04,1.04,1.04,1.04,100,2021-08-18 18:37:00,POAI
1.04,1.04,1.04,1.04,100,2021-08-18 18:38:00,POAI
1.04,1.045,1.04,1.045,200,2021-08-18 18:40:00,POAI
1.04,1.05,1.04,1.045,10700,2021-08-18 18:41:00,POAI
1.0407,1.0407,1.04,1.04,900,2021-08-18 18:42:00,POAI
1.045,1.045,1.045,1.045,100,2021-08-18 18:43:00,POAI
1.0491,1.0491,1.0491,1.0491,1800,2021-08-18 18:45:00,POAI
1.045,1.0499,1.045,1.0499,2006,2021-08-18 18:47:00,POAI
1.045,1.045,1.045,1.045,10129,2021-08-18 18:48:00,POAI
1.0401,1.045,1.0401,1.045,335,2021-08-18 18:50:00,POAI
1.0401,1.0401,1.0401,1.0401,10000,2021-08-18 18:51:00,POAI
1.04,1.05,1.04,1.046,1500,2021-08-18 18:52:00,POAI
1.045,1.045,1.045,1.045,300,2021-08-18 18:58:00,POAI
1.04,1.04,1.04,1.04,100,2021-08-18 19:01:00,POAI
1.0401,1.045,1.0401,1.045,1228,2021-08-18 19:02:00,POAI
1.0409,1.0409,1.0409,1.0409,200,2021-08-18 19:03:00,POAI
1.0435,1.0435,1.0435,1.0435,315,2021-08-18 19:04:00,POAI
1.04,1.0405,1.04,1.0405,2265,2021-08-18 19:06:00,POAI
1.05,1.05,1.05,1.05,1000,2021-08-18 19:09:00,POAI
1.04,1.04,1.04,1.04,113,2021-08-18 19:10:00,POAI
1.04,1.04,1.04,1.04,668,2021-08-18 19:11:00,POAI
1.0486,1.0486,1.0486,1.0486,800,2021-08-18 19:12:00,POAI
1.045,1.045,1.045,1.045,100,2021-08-18 19:13:00,POAI
1.04,1.045,1.04,1.045,4001,2021-08-18 19:14:00,POAI
1.045,1.045,1.045,1.045,100,2021-08-18 19:15:00,POAI
1.045,1.045,1.045,1.045,1311,2021-08-18 19:16:00,POAI
1.045,1.045,1.0401,1.0401,3550,2021-08-18 19:17:00,POAI
1.0495,1.0495,1.045,1.045,8100,2021-08-18 19:18:00,POAI
1.0471,1.0499,1.0471,1.0499,4200,2021-08-18 19:19:00,POAI
1.0499,1.0499,1.045,1.045,57438,2021-08-18 19:20:00,POAI
1.045,1.07,1.045,1.07,119870,2021-08-18 19:21:00,POAI
1.0695,1.07,1.06,1.065,38242,2021-08-18 19:22:00,POAI
1.06,1.07,1.06,1.0615,4157,2021-08-18 19:23:00,POAI
1.065,1.07,1.065,1.0699,2300,2021-08-18 19:24:00,POAI
1.07,1.07,1.07,1.07,6381,2021-08-18 19:25:00,POAI
1.08,1.1,1.08,1.0908,43499,2021-08-18 19:26:00,POAI
1.1,1.1,1.09,1.09,15721,2021-08-18 19:27:00,POAI
1.0909,1.095,1.08,1.08,58096,2021-08-18 19:28:00,POAI
1.0799,1.0799,1.07,1.07,15869,2021-08-18 19:29:00,POAI
1.08,1.09,1.08,1.09,5200,2021-08-18 19:30:00,POAI
1.0899,1.09,1.08,1.082,6541,2021-08-18 19:31:00,POAI
1.0883,1.0883,1.08,1.085,1359,2021-08-18 19:32:00,POAI
1.085,1.085,1.0833,1.085,1184,2021-08-18 19:33:00,POAI
1.08,1.08,1.08,1.08,3000,2021-08-18 19:34:00,POAI
1.0883,1.0887,1.08,1.085,9229,2021-08-18 19:35:00,POAI
1.09,1.09,1.09,1.09,100,2021-08-18 19:36:00,POAI
1.0899,1.0899,1.084,1.085,1450,2021-08-18 19:37:00,POAI
1.08,1.09,1.08,1.085,2400,2021-08-18 19:38:00,POAI
1.085,1.0899,1.08,1.0899,6000,2021-08-18 19:39:00,POAI
1.0801,1.0888,1.0801,1.0888,3216,2021-08-18 19:40:00,POAI
1.085,1.085,1.0711,1.0711,28493,2021-08-18 19:41:00,POAI
1.07,1.07,1.07,1.07,100,2021-08-18 19:42:00,POAI
1.07,1.0715,1.07,1.07,790,2021-08-18 19:43:00,POAI
1.07,1.0799,1.07,1.0734,4882,2021-08-18 19:44:00,POAI
1.075,1.0771,1.07,1.075,10022,2021-08-18 19:45:00,POAI
1.07,1.075,1.07,1.07,3587,2021-08-18 19:46:00,POAI
1.07,1.075,1.065,1.07,13182,2021-08-18 19:47:00,POAI
1.065,1.065,1.065,1.065,1652,2021-08-18 19:48:00,POAI
1.06,1.0601,1.06,1.06,7300,2021-08-18 19:49:00,POAI
1.065,1.07,1.06,1.06,15775,2021-08-18 19:50:00,POAI
1.065,1.065,1.065,1.065,1139,2021-08-18 19:51:00,POAI
1.065,1.0699,1.06,1.065,1152,2021-08-18 19:52:00,POAI
1.06,1.07,1.06,1.06,11184,2021-08-18 19:53:00,POAI
1.0684,1.0684,1.06,1.065,2185,2021-08-18 19:54:00,POAI
1.0636,1.0699,1.06,1.06,4734,2021-08-18 19:55:00,POAI
1.07,1.07,1.065,1.065,500,2021-08-18 19:56:00,POAI
1.0609,1.0609,1.0609,1.0609,2000,2021-08-18 19:57:00,POAI
1.07,1.07,1.0685,1.07,5077,2021-08-18 19:58:00,POAI
1.065,1.07,1.06,1.065,17312,2021-08-18 19:59:00,POAI
1.08,1.08,1.07,1.07,1797,2021-08-18 20:00:00,POAI
1.07,1.07,1.07,1.07,100,2021-08-18 20:04:00,POAI
1.07,1.07,1.07,1.07,2500,2021-08-18 20:11:00,POAI
1.08,1.08,1.08,1.08,500,2021-08-18 20:14:00,POAI
1.07,1.07,1.07,1.07,482,2021-08-18 20:18:00,POAI
1.07,1.07,1.07,1.07,144,2021-08-18 20:19:00,POAI
1.0799,1.08,1.0799,1.08,500,2021-08-18 20:25:00,POAI
1.07,1.07,1.07,1.07,10000,2021-08-18 20:26:00,POAI
1.08,1.08,1.08,1.08,500,2021-08-18 20:28:00,POAI
1.08,1.08,1.08,1.08,100,2021-08-18 20:33:00,POAI
1.08,1.08,1.08,1.08,120,2021-08-18 20:36:00,POAI
1.08,1.08,1.08,1.08,5000,2021-08-18 20:37:00,POAI
1.08,1.08,1.08,1.08,120,2021-08-18 20:56:00,POAI
1.07,1.07,1.07,1.07,101,2021-08-18 21:00:00,POAI
1.07,1.07,1.07,1.07,100,2021-08-18 21:06:00,POAI
1.08,1.08,1.08,1.08,1200,2021-08-18 21:15:00,POAI
1.08,1.08,1.08,1.08,1784,2021-08-18 21:26:00,POAI
1.08,1.08,1.07,1.07,1010,2021-08-18 21:36:00,POAI
1.07,1.07,1.07,1.07,515,2021-08-18 21:45:00,POAI
1.07,1.07,1.07,1.07,200,2021-08-18 21:59:00,POAI
1.06,1.06,1.06,1.06,2625,2021-08-18 22:12:00,POAI
1.06,1.06,1.06,1.06,395,2021-08-18 22:17:00,POAI
1.06,1.06,1.06,1.06,3000,2021-08-18 22:24:00,POAI
1.06,1.06,1.06,1.06,1000,2021-08-18 22:36:00,POAI
1.05,1.05,1.05,1.05,100,2021-08-18 22:59:00,POAI
1.05,1.05,1.05,1.05,5000,2021-08-18 23:05:00,POAI
1.05,1.05,1.05,1.05,200,2021-08-18 23:07:00,POAI
1.04,1.04,1.04,1.04,100,2021-08-18 23:12:00,POAI
1.05,1.05,1.05,1.05,160,2021-08-18 23:30:00,POAI
1.05,1.05,1.05,1.05,750,2021-08-18 23:58:00,POAI
1.05,1.05,1.05,1.05,701,2021-08-19 10:56:00,POAI
1.08,1.08,1.07,1.07,300,2021-08-19 12:49:00,POAI
1.0701,1.0701,1.0701,1.0701,100,2021-08-19 12:50:00,POAI
1.07,1.07,1.07,1.07,300,2021-08-19 12:53:00,POAI
1.04,1.04,1.04,1.04,300,2021-08-19 12:56:00,POAI
1.06,1.07,1.06,1.07,300,2021-08-19 12:58:00,POAI
1.06,1.06,1.06,1.06,100,2021-08-19 12:59:00,POAI
1.04,1.04,1.04,1.04,247,2021-08-19 13:00:00,POAI
1.03,1.03,1.02,1.02,656,2021-08-19 13:01:00,POAI
1.03,1.03,1.02,1.02,309,2021-08-19 13:04:00,POAI
1.03,1.03,1.03,1.03,100,2021-08-19 13:05:00,POAI
1.02,1.02,1.02,1.02,200,2021-08-19 13:06:00,POAI
1.02,1.02,1.02,1.02,1055,2021-08-19 13:07:00,POAI
1.0501,1.0501,1.0501,1.0501,608,2021-08-19 13:08:00,POAI
1.05,1.05,1.05,1.05,205,2021-08-19 13:09:00,POAI
1.07,1.07,1.07,1.07,100,2021-08-19 13:20:00,POAI
1.07,1.07,1.07,1.07,2245,2021-08-19 13:26:00,POAI
1.08,1.08,1.08,1.08,523,2021-08-19 13:29:00,POAI
1.08,1.08,1.06,1.0601,26367,2021-08-19 13:30:00,POAI
1.0601,1.0626,1.0601,1.0626,1141,2021-08-19 13:31:00,POAI
1.0699,1.0699,1.0694,1.0694,480,2021-08-19 13:32:00,POAI
1.0699,1.0699,1.0699,1.0699,400,2021-08-19 13:34:00,POAI
1.0609,1.0609,1.05,1.05,16116,2021-08-19 13:35:00,POAI
1.04,1.04,1.02,1.02,65100,2021-08-19 13:36:00,POAI
1.0223,1.0223,1.0223,1.0223,1500,2021-08-19 13:37:00,POAI
1.0316,1.0356,1.0316,1.0356,600,2021-08-19 13:38:00,POAI
1.03,1.03,1.01,1.0161,40538,2021-08-19 13:39:00,POAI
1.01,1.0299,1.01,1.0299,12592,2021-08-19 13:40:00,POAI
1.0293,1.0293,1.0293,1.0293,146,2021-08-19 13:41:00,POAI
1.03,1.03,1.025,1.025,310,2021-08-19 13:42:00,POAI
1.02,1.02,1.0192,1.0192,1421,2021-08-19 13:43:00,POAI
1.02,1.02,1.02,1.02,340,2021-08-19 13:44:00,POAI
1.0299,1.0299,1.012,1.012,5600,2021-08-19 13:45:00,POAI
1.0201,1.0201,1.01,1.01,9150,2021-08-19 13:46:00,POAI
1.0132,1.02,1.01,1.02,5487,2021-08-19 13:47:00,POAI
1.0191,1.0191,1.0191,1.0191,100,2021-08-19 13:48:00,POAI
1.0192,1.0192,1.01,1.01,8226,2021-08-19 13:50:00,POAI
1.015,1.015,1.015,1.015,7790,2021-08-19 13:53:00,POAI
1.0173,1.0173,1.0143,1.0143,836,2021-08-19 13:54:00,POAI
1.01,1.0138,1.01,1.0101,1000,2021-08-19 13:55:00,POAI
1.01,1.01,1.01,1.01,100,2021-08-19 13:57:00,POAI
1.016,1.016,1.016,1.016,200,2021-08-19 13:59:00,POAI
1.01,1.01,1.01,1.01,100,2021-08-19 14:00:00,POAI
1.0192,1.0192,1.0192,1.0192,500,2021-08-19 14:01:00,POAI
1.02,1.02,1.02,1.02,4295,2021-08-19 14:02:00,POAI
1.02,1.02,1.02,1.02,973,2021-08-19 14:03:00,POAI
1.0299,1.0299,1.02,1.02,8427,2021-08-19 14:04:00,POAI
1.01,1.02,1.01,1.02,2831,2021-08-19 14:05:00,POAI
1.01,1.029,1.01,1.029,344,2021-08-19 14:06:00,POAI
1.02,1.02,1.0178,1.0178,600,2021-08-19 14:07:00,POAI
1.0298,1.0298,1.0298,1.0298,500,2021-08-19 14:09:00,POAI
1.01,1.0148,1.01,1.0148,910,2021-08-19 14:10:00,POAI
1.025,1.025,1.025,1.025,100,2021-08-19 14:11:00,POAI
1.021,1.021,1.021,1.021,500,2021-08-19 14:12:00,POAI
1.0299,1.0299,1.0291,1.0291,5682,2021-08-19 14:13:00,POAI
1.02,1.02,1.02,1.02,1050,2021-08-19 14:15:00,POAI
1.0212,1.028,1.0212,1.028,600,2021-08-19 14:17:00,POAI
1.025,1.025,1.025,1.025,100,2021-08-19 14:18:00,POAI
1.0212,1.0212,1.0212,1.0212,481,2021-08-19 14:21:00,POAI
1.03,1.03,1.03,1.03,1273,2021-08-19 14:22:00,POAI
1.0291,1.0291,1.0291,1.0291,200,2021-08-19 14:23:00,POAI
1.0201,1.0201,1.0201,1.0201,500,2021-08-19 14:25:00,POAI
1.025,1.03,1.025,1.03,1091,2021-08-19 14:26:00,POAI
1.0284,1.03,1.0284,1.03,2000,2021-08-19 14:28:00,POAI
1.025,1.025,1.025,1.025,100,2021-08-19 14:29:00,POAI
1.0233,1.0233,1.0233,1.0233,2000,2021-08-19 14:31:00,POAI
1.03,1.03,1.025,1.0286,900,2021-08-19 14:32:00,POAI
1.02,1.02,1.02,1.02,100,2021-08-19 14:34:00,POAI
1.0245,1.0245,1.0215,1.0215,517,2021-08-19 14:35:00,POAI
1.0224,1.0295,1.0224,1.0295,306,2021-08-19 14:36:00,POAI
1.02,1.0221,1.02,1.0221,400,2021-08-19 14:37:00,POAI
1.0224,1.0224,1.0224,1.0224,195,2021-08-19 14:39:00,POAI
1.027,1.027,1.02,1.02,392,2021-08-19 14:40:00,POAI
1.025,1.025,1.025,1.025,750,2021-08-19 14:44:00,POAI
1.025,1.03,1.0224,1.0224,1100,2021-08-19 14:47:00,POAI
1.0287,1.0287,1.0287,1.0287,100,2021-08-19 14:49:00,POAI
1.0218,1.0218,1.0218,1.0218,1000,2021-08-19 14:50:00,POAI
1.02,1.025,1.02,1.025,2933,2021-08-19 14:51:00,POAI
1.03,1.03,1.0245,1.0245,800,2021-08-19 14:53:00,POAI
1.0212,1.025,1.02,1.025,1508,2021-08-19 14:56:00,POAI
1.0236,1.0236,1.0236,1.0236,3050,2021-08-19 14:58:00,POAI
1.02,1.025,1.02,1.025,3100,2021-08-19 14:59:00,POAI
1.025,1.025,1.025,1.025,857,2021-08-19 15:02:00,POAI
1.02,1.02,1.02,1.02,100,2021-08-19 15:03:00,POAI
1.03,1.03,1.03,1.03,150,2021-08-19 15:05:00,POAI
1.0201,1.0201,1.0201,1.0201,259,2021-08-19 15:12:00,POAI
1.02,1.0202,0.9889,0.9889,136802,2021-08-19 15:14:00,POAI
1.0,1.0,1.0,1.0,1500,2021-08-19 15:15:00,POAI
0.9922,1.0,0.9922,1.0,48327,2021-08-19 15:16:00,POAI
0.999799,0.9998,0.99,0.9998,2881,2021-08-19 15:17:00,POAI
0.9889,0.9889,0.9889,0.9889,1397,2021-08-19 15:18:00,POAI
0.9998,0.9998,0.9998,0.9998,240,2021-08-19 15:19:00,POAI
0.999799,0.999799,0.99,0.99,5600,2021-08-19 15:20:00,POAI
0.9889,0.9997,0.9889,0.99,4631,2021-08-19 15:21:00,POAI
0.99,0.999599,0.99,0.99,1238,2021-08-19 15:22:00,POAI
0.99,0.995,0.99,0.99,2087,2021-08-19 15:23:00,POAI
0.99,0.99,0.99,0.99,200,2021-08-19 15:24:00,POAI
0.9889,0.9995,0.9889,0.99,20718,2021-08-19 15:25:00,POAI
0.9889,0.999399,0.9889,0.994,1200,2021-08-19 15:26:00,POAI
0.9986,0.9986,0.99,0.99,6240,2021-08-19 15:28:00,POAI
0.9889,0.99,0.9889,0.99,502,2021-08-19 15:29:00,POAI
0.9972,0.9972,0.99,0.99,670,2021-08-19 15:30:00,POAI
0.99,0.99,0.99,0.99,300,2021-08-19 15:31:00,POAI
0.99,0.99,0.99,0.99,200,2021-08-19 15:32:00,POAI
0.99,0.995,0.99,0.99,1200,2021-08-19 15:33:00,POAI
0.9972,0.9973,0.991,0.9973,2850,2021-08-19 15:34:00,POAI
0.9942,0.9942,0.9851,0.9851,29564,2021-08-19 15:35:00,POAI
0.99,0.99,0.99,0.99,1006,2021-08-19 15:36:00,POAI
0.995,0.995,0.9851,0.9851,2904,2021-08-19 15:37:00,POAI
0.9851,0.9889,0.9851,0.9889,850,2021-08-19 15:38:00,POAI
0.996899,0.996899,0.9854,0.9854,800,2021-08-19 15:39:00,POAI
0.9968,0.9968,0.9968,0.9968,154,2021-08-19 15:40:00,POAI
0.985501,0.9968,0.985501,0.988432,1417,2021-08-19 15:41:00,POAI
0.99,0.9968,0.9884,0.9968,9814,2021-08-19 15:42:00,POAI
0.9884,0.9967,0.9884,0.9967,699,2021-08-19 15:43:00,POAI
0.9968,0.9968,0.9967,0.9967,2100,2021-08-19 15:44:00,POAI
0.9967,0.9967,0.9934,0.9934,476,2021-08-19 15:45:00,POAI
0.9968,1.01,0.9968,1.01,11316,2021-08-19 15:46:00,POAI
1.005,1.005,1.005,1.005,2200,2021-08-19 15:47:00,POAI
1.0001,1.0001,1.0001,1.0001,800,2021-08-19 15:49:00,POAI
1.0,1.0,1.0,1.0,5608,2021-08-19 15:50:00,POAI
1.0,1.01,1.0,1.01,400,2021-08-19 15:51:00,POAI
1.0,1.005,1.0,1.005,372,2021-08-19 15:52:00,POAI
1.01,1.01,1.005,1.005,775,2021-08-19 15:54:00,POAI
1.0016,1.002,1.0016,1.002,5500,2021-08-19 15:55:00,POAI
1.0,1.0,1.0,1.0,100,2021-08-19 15:57:00,POAI
1.0027,1.0027,1.0,1.0,5300,2021-08-19 15:58:00,POAI
1.0,1.0,1.0,1.0,100,2021-08-19 16:00:00,POAI
1.009,1.009,1.0088,1.0088,3500,2021-08-19 16:01:00,POAI
1.0,1.01,1.0,1.01,1500,2021-08-19 16:06:00,POAI
1.0099,1.0099,1.0089,1.0089,600,2021-08-19 16:10:00,POAI
1.0015,1.0015,1.0015,1.0015,2800,2021-08-19 16:11:00,POAI
1.0013,1.0013,1.0013,1.0013,300,2021-08-19 16:14:00,POAI
1.0093,1.0093,1.0093,1.0093,2900,2021-08-19 16:15:00,POAI
1.0028,1.0028,1.0,1.0,499,2021-08-19 16:17:00,POAI
1.0001,1.0001,1.0001,1.0001,890,2021-08-19 16:20:00,POAI
1.0088,1.0088,1.0088,1.0088,100,2021-08-19 16:22:00,POAI
1.009,1.009,1.009,1.009,200,2021-08-19 16:30:00,POAI
1.005,1.005,1.005,1.005,4922,2021-08-19 16:31:00,POAI
1.0099,1.0099,1.0015,1.0015,4132,2021-08-19 16:32:00,POAI
1.0025,1.0025,1.0,1.0,200,2021-08-19 16:36:00,POAI
1.005,1.0099,1.0,1.0,4598,2021-08-19 16:37:00,POAI
1.0091,1.01,1.0,1.0,1195,2021-08-19 16:38:00,POAI
1.005,1.005,1.005,1.005,4999,2021-08-19 16:39:00,POAI
1.0,1.0,1.0,1.0,100,2021-08-19 16:40:00,POAI
1.0065,1.01,1.0065,1.01,200,2021-08-19 16:41:00,POAI
1.0089,1.0089,1.0089,1.0089,480,2021-08-19 16:44:00,POAI
1.0077,1.0077,1.0,1.0001,20282,2021-08-19 16:45:00,POAI
1.0099,1.0099,1.0099,1.0099,1500,2021-08-19 16:46:00,POAI
1.005,1.009,1.0,1.0,5698,2021-08-19 16:47:00,POAI
1.005,1.005,1.005,1.005,1500,2021-08-19 16:48:00,POAI
1.0,1.0035,1.0,1.0035,1000,2021-08-19 16:49:00,POAI
1.0,1.0,1.0,1.0,100,2021-08-19 16:50:00,POAI
1.009,1.009,1.0,1.0,5992,2021-08-19 16:51:00,POAI
1.0,1.0,1.0,1.0,2089,2021-08-19 16:52:00,POAI
1.0,1.0,1.0,1.0,100,2021-08-19 16:54:00,POAI
1.0016,1.0016,1.0,1.0,1107,2021-08-19 16:56:00,POAI
1.005,1.01,1.005,1.01,1100,2021-08-19 16:57:00,POAI
1.0,1.0,1.0,1.0,100,2021-08-19 16:58:00,POAI
1.009,1.009,1.0,1.0,3200,2021-08-19 16:59:00,POAI
1.0,1.0,1.0,1.0,5700,2021-08-19 17:00:00,POAI
1.0091,1.0091,1.0091,1.0091,100,2021-08-19 17:01:00,POAI
1.005,1.005,1.0015,1.0015,216,2021-08-19 17:03:00,POAI
1.0053,1.02,1.0053,1.0103,29319,2021-08-19 17:04:00,POAI
1.015,1.015,1.01,1.01,300,2021-08-19 17:07:00,POAI
1.0111,1.015,1.0111,1.0114,890,2021-08-19 17:12:00,POAI
1.01,1.01,1.01,1.01,100,2021-08-19 17:13:00,POAI
1.015,1.02,1.015,1.02,200,2021-08-19 17:14:00,POAI
1.017,1.017,1.017,1.017,9200,2021-08-19 17:15:00,POAI
1.015,1.015,1.015,1.015,100,2021-08-19 17:16:00,POAI
1.0187,1.0187,1.0187,1.0187,500,2021-08-19 17:17:00,POAI
1.015,1.015,1.015,1.015,400,2021-08-19 17:18:00,POAI
1.015,1.015,1.015,1.015,100,2021-08-19 17:19:00,POAI
1.0192,1.0192,1.01,1.01,495,2021-08-19 17:22:00,POAI
1.015,1.015,1.015,1.015,100,2021-08-19 17:25:00,POAI
1.0191,1.0191,1.015,1.015,400,2021-08-19 17:28:00,POAI
1.01,1.0191,1.01,1.0134,5200,2021-08-19 17:31:00,POAI
1.015,1.0187,1.015,1.0187,602,2021-08-19 17:34:00,POAI
1.0116,1.0116,1.0116,1.0116,900,2021-08-19 17:35:00,POAI
1.01,1.01,1.01,1.01,300,2021-08-19 17:36:00,POAI
1.0115,1.0115,1.0115,1.0115,350,2021-08-19 17:37:00,POAI
1.015,1.015,1.015,1.015,160,2021-08-19 17:38:00,POAI
1.0138,1.0138,1.0138,1.0138,1209,2021-08-19 17:39:00,POAI
1.015,1.015,1.015,1.015,100,2021-08-19 17:40:00,POAI
1.0113,1.0113,1.0113,1.0113,300,2021-08-19 17:43:00,POAI
1.01,1.01,1.01,1.01,500,2021-08-19 17:49:00,POAI
1.01,1.01,1.01,1.01,983,2021-08-19 17:57:00,POAI
1.0115,1.0115,1.0115,1.0115,100,2021-08-19 17:58:00,POAI
1.0135,1.0135,1.0135,1.0135,1000,2021-08-19 17:59:00,POAI
1.02,1.02,1.02,1.02,432,2021-08-19 18:05:00,POAI
1.01,1.01,1.01,1.01,4000,2021-08-19 18:09:00,POAI
1.0101,1.0101,1.0101,1.0101,999,2021-08-19 18:12:00,POAI
1.0116,1.0116,1.0116,1.0116,200,2021-08-19 18:18:00,POAI
1.0115,1.0115,1.01,1.01,1485,2021-08-19 18:21:00,POAI
1.012,1.012,1.012,1.012,124,2021-08-19 18:22:00,POAI
1.01,1.01,1.01,1.01,300,2021-08-19 18:26:00,POAI
1.0123,1.0123,1.01,1.01,300,2021-08-19 18:30:00,POAI
1.011,1.02,1.011,1.02,3532,2021-08-19 18:32:00,POAI
1.015,1.018,1.015,1.018,1150,2021-08-19 18:35:00,POAI
1.0106,1.0106,1.0106,1.0106,100,2021-08-19 18:42:00,POAI
1.0199,1.0199,1.0199,1.0199,100,2021-08-19 18:44:00,POAI
1.01,1.0127,1.01,1.01,2000,2021-08-19 18:47:00,POAI
1.01,1.0199,1.01,1.0199,200,2021-08-19 18:48:00,POAI
1.015,1.015,1.015,1.015,100,2021-08-19 18:50:00,POAI
1.0183,1.0183,1.0183,1.0183,1500,2021-08-19 18:53:00,POAI
1.015,1.015,1.0107,1.0107,750,2021-08-19 18:54:00,POAI
1.0117,1.015,1.01,1.01,7900,2021-08-19 18:59:00,POAI
1.015,1.015,1.0102,1.0102,3483,2021-08-19 19:00:00,POAI
1.015,1.015,1.015,1.015,100,2021-08-19 19:01:00,POAI
1.02,1.02,1.02,1.02,199,2021-08-19 19:03:00,POAI
1.01,1.01,1.01,1.01,200,2021-08-19 19:08:00,POAI
1.0187,1.0187,1.0187,1.0187,1000,2021-08-19 19:09:00,POAI
1.0117,1.0117,1.0117,1.0117,197,2021-08-19 19:10:00,POAI
1.01,1.01,1.01,1.01,3000,2021-08-19 19:11:00,POAI
1.01,1.013,1.01,1.013,4897,2021-08-19 19:14:00,POAI
1.01,1.01,1.01,1.01,100,2021-08-19 19:18:00,POAI
1.0199,1.02,1.01,1.015,18130,2021-08-19 19:20:00,POAI
1.0125,1.0125,1.0125,1.0125,138,2021-08-19 19:24:00,POAI
1.0111,1.0111,1.0111,1.0111,100,2021-08-19 19:25:00,POAI
1.0101,1.0101,1.0101,1.0101,200,2021-08-19 19:26:00,POAI
1.01,1.01,1.01,1.01,100,2021-08-19 19:27:00,POAI
1.01,1.01,1.01,1.01,100,2021-08-19 19:29:00,POAI
1.01,1.0199,1.01,1.0184,1336,2021-08-19 19:30:00,POAI
1.01,1.01,1.01,1.01,100,2021-08-19 19:31:00,POAI
1.02,1.02,1.01,1.01,3100,2021-08-19 19:36:00,POAI
1.01,1.01,1.01,1.01,1025,2021-08-19 19:40:00,POAI
1.0183,1.0183,1.01,1.01,11187,2021-08-19 19:41:00,POAI
1.005,1.005,1.005,1.005,200,2021-08-19 19:43:00,POAI
1.0,1.0021,1.0,1.0,1001,2021-08-19 19:44:00,POAI
1.0,1.01,1.0,1.01,2399,2021-08-19 19:45:00,POAI
1.01,1.01,1.0,1.0,450,2021-08-19 19:46:00,POAI
1.005,1.005,1.0,1.0,660,2021-08-19 19:49:00,POAI
1.0099,1.0099,1.0099,1.0099,1000,2021-08-19 19:50:00,POAI
1.005,1.01,1.0,1.01,1500,2021-08-19 19:51:00,POAI
1.005,1.0084,1.005,1.0084,750,2021-08-19 19:52:00,POAI
1.005,1.005,1.0,1.0,400,2021-08-19 19:53:00,POAI
1.0001,1.0068,1.0,1.0,8642,2021-08-19 19:54:00,POAI
1.01,1.01,1.0,1.0,1832,2021-08-19 19:56:00,POAI
1.0,1.0,1.0,1.0,800,2021-08-19 19:57:00,POAI
1.005,1.01,1.0,1.01,2800,2021-08-19 19:59:00,POAI
1.0,1.0,1.0,1.0,981,2021-08-19 20:00:00,POAI
1.0,1.0,1.0,1.0,1581,2021-08-19 20:01:00,POAI
1.0,1.0,1.0,1.0,1905,2021-08-19 20:05:00,POAI
1.0,1.0,1.0,1.0,150,2021-08-19 20:07:00,POAI
1.0,1.0,1.0,1.0,443,2021-08-19 20:09:00,POAI
1.0,1.0,1.0,1.0,3000,2021-08-19 20:13:00,POAI
1.0099,1.0099,1.0099,1.0099,500,2021-08-19 20:29:00,POAI
1.01,1.01,1.01,1.01,300,2021-08-19 20:41:00,POAI
1.01,1.01,1.01,1.01,300,2021-08-19 20:42:00,POAI
1.0,1.0,1.0,1.0,100,2021-08-19 20:56:00,POAI
0.99,0.99,0.99,0.99,400,2021-08-19 20:57:00,POAI
1.0,1.0,1.0,1.0,500,2021-08-19 21:41:00,POAI
1.0,1.0,1.0,1.0,100,2021-08-19 21:45:00,POAI
1.0,1.0,1.0,1.0,515,2021-08-19 21:46:00,POAI
1.0,1.0,1.0,1.0,200,2021-08-19 21:53:00,POAI
1.0,1.0,1.0,1.0,5815,2021-08-19 22:39:00,POAI
1.0,1.0,1.0,1.0,1000,2021-08-19 23:10:00,POAI
1.0,1.0,1.0,1.0,499,2021-08-19 23:34:00,POAI
1.0,1.0,1.0,1.0,1000,2021-08-19 23:47:00,POAI
1.0,1.0,1.0,1.0,548,2021-08-20 12:23:00,POAI
1.0,1.0,1.0,1.0,435,2021-08-20 12:42:00,POAI
1.09,1.09,1.09,1.09,100,2021-08-20 12:52:00,POAI
1.01,1.01,1.01,1.01,1000,2021-08-20 12:58:00,POAI
1.01,1.01,1.01,1.01,100,2021-08-20 13:02:00,POAI
1.03,1.05,1.02,1.05,1880,2021-08-20 13:03:00,POAI
1.0495,1.0495,1.0495,1.0495,1274,2021-08-20 13:11:00,POAI
1.02,1.02,1.0,1.0054,19412,2021-08-20 13:30:00,POAI
1.0,1.0,1.0,1.0,300,2021-08-20 13:31:00,POAI
1.02,1.02,0.997,0.997,33206,2021-08-20 13:32:00,POAI
0.997,1.0005,0.997,1.0,5050,2021-08-20 13:33:00,POAI
1.009,1.009,1.009,1.009,100,2021-08-20 13:34:00,POAI
1.0077,1.0077,1.005,1.005,1281,2021-08-20 13:35:00,POAI
1.0001,1.0001,1.0001,1.0001,1000,2021-08-20 13:37:00,POAI
1.0,1.0,1.0,1.0,100,2021-08-20 13:38:00,POAI
1.0015,1.009,1.0015,1.009,3085,2021-08-20 13:39:00,POAI
1.0,1.0,1.0,1.0,100,2021-08-20 13:41:00,POAI
1.0035,1.0035,1.0,1.0,400,2021-08-20 13:42:00,POAI
1.0,1.0,1.0,1.0,600,2021-08-20 13:46:00,POAI
1.0099,1.0099,1.0099,1.0099,1380,2021-08-20 13:47:00,POAI
1.0088,1.0088,1.0,1.0,501,2021-08-20 13:48:00,POAI
1.0084,1.0084,1.0084,1.0084,100,2021-08-20 13:50:00,POAI
1.01,1.01,1.0099,1.0099,6868,2021-08-20 13:51:00,POAI
1.0008,1.0008,1.0008,1.0008,466,2021-08-20 13:52:00,POAI
1.0091,1.0091,1.0091,1.0091,1600,2021-08-20 13:53:00,POAI
1.0001,1.0001,1.0,1.0,200,2021-08-20 13:54:00,POAI
1.0005,1.0005,1.0005,1.0005,1500,2021-08-20 13:58:00,POAI
1.0,1.0,1.0,1.0,150,2021-08-20 14:00:00,POAI
1.0,1.0,1.0,1.0,100,2021-08-20 14:01:00,POAI
1.0,1.0,1.0,1.0,3300,2021-08-20 14:02:00,POAI
1.0,1.0,1.0,1.0,100,2021-08-20 14:03:00,POAI
1.007,1.007,1.007,1.007,100,2021-08-20 14:04:00,POAI
1.0,1.0,1.0,1.0,3100,2021-08-20 14:05:00,POAI
1.0,1.0,1.0,1.0,100,2021-08-20 14:07:00,POAI
1.0094,1.0094,1.0,1.0,2681,2021-08-20 14:08:00,POAI
1.0005,1.005,1.0005,1.005,5100,2021-08-20 14:09:00,POAI
1.0,1.0001,1.0,1.0,300,2021-08-20 14:10:00,POAI
1.0,1.0,1.0,1.0,204,2021-08-20 14:11:00,POAI
1.0,1.0,1.0,1.0,1300,2021-08-20 14:13:00,POAI
1.0001,1.0001,1.0,1.0,5600,2021-08-20 14:14:00,POAI
1.0,1.0,1.0,1.0,100,2021-08-20 14:15:00,POAI
1.0032,1.0032,1.0032,1.0032,1600,2021-08-20 14:16:00,POAI
1.0,1.0092,1.0,1.0092,2000,2021-08-20 14:17:00,POAI
1.0,1.0,1.0,1.0,350,2021-08-20 14:18:00,POAI
1.0,1.0,1.0,1.0,100,2021-08-20 14:19:00,POAI
1.0,1.0,1.0,1.0,1620,2021-08-20 14:20:00,POAI
1.0,1.0099,1.0,1.0,1483,2021-08-20 14:21:00,POAI
1.0,1.005,1.0,1.005,835,2021-08-20 14:22:00,POAI
1.0,1.0,1.0,1.0,100,2021-08-20 14:23:00,POAI
1.0093,1.0099,1.0093,1.0099,373,2021-08-20 14:24:00,POAI
1.0091,1.0091,1.0091,1.0091,495,2021-08-20 14:25:00,POAI
1.0,1.0,1.0,1.0,696,2021-08-20 14:27:00,POAI
1.0,1.0099,1.0,1.0099,350,2021-08-20 14:28:00,POAI
1.0001,1.01,1.0,1.01,5825,2021-08-20 14:29:00,POAI
1.0099,1.0099,1.0,1.005,1545,2021-08-20 14:31:00,POAI
1.0,1.0,1.0,1.0,449,2021-08-20 14:32:00,POAI
1.005,1.005,1.005,1.005,100,2021-08-20 14:33:00,POAI
1.0092,1.0092,1.0,1.0,249,2021-08-20 14:34:00,POAI
1.0,1.0,1.0,1.0,200,2021-08-20 14:35:00,POAI
1.01,1.01,1.0,1.0,27400,2021-08-20 14:37:00,POAI
1.01,1.01,1.01,1.01,370,2021-08-20 14:38:00,POAI
1.0,1.01,1.0,1.01,6329,2021-08-20 14:40:00,POAI
1.004,1.004,1.004,1.004,950,2021-08-20 14:43:00,POAI
1.0,1.0,1.0,1.0,200,2021-08-20 14:46:00,POAI
1.0,1.0008,1.0,1.0008,200,2021-08-20 14:47:00,POAI
1.0,1.0099,1.0,1.0099,300,2021-08-20 14:48:00,POAI
1.0,1.0,1.0,1.0,900,2021-08-20 14:49:00,POAI
1.0099,1.0099,1.0099,1.0099,300,2021-08-20 14:50:00,POAI
1.0012,1.002,1.0012,1.002,950,2021-08-20 14:54:00,POAI
1.0,1.0019,1.0,1.0019,410,2021-08-20 14:57:00,POAI
1.005,1.01,1.005,1.01,600,2021-08-20 14:58:00,POAI
1.01,1.02,1.005,1.0184,2150,2021-08-20 14:59:00,POAI
1.02,1.02,1.0101,1.0101,900,2021-08-20 15:00:00,POAI
1.0166,1.0166,1.015,1.015,225,2021-08-20 15:01:00,POAI
1.0184,1.0184,1.015,1.015,200,2021-08-20 15:02:00,POAI
1.015,1.015,1.015,1.015,100,2021-08-20 15:04:00,POAI
1.01,1.01,1.01,1.01,1100,2021-08-20 15:07:00,POAI
1.02,1.02,1.02,1.02,100,2021-08-20 15:08:00,POAI
1.015,1.015,1.015,1.015,100,2021-08-20 15:09:00,POAI
1.02,1.02,1.02,1.02,100,2021-08-20 15:10:00,POAI
1.02,1.02,1.02,1.02,100,2021-08-20 15:12:00,POAI
1.0112,1.0112,1.0112,1.0112,1138,2021-08-20 15:15:00,POAI
1.015,1.015,1.015,1.015,1000,2021-08-20 15:17:00,POAI
1.02,1.02,1.02,1.02,100,2021-08-20 15:18:00,POAI
1.015,1.015,1.015,1.015,165,2021-08-20 15:21:00,POAI
1.0143,1.015,1.01,1.015,1139,2021-08-20 15:22:00,POAI
1.015,1.0188,1.015,1.0188,446,2021-08-20 15:24:00,POAI
1.01,1.01,1.01,1.01,197,2021-08-20 15:25:00,POAI
1.02,1.02,1.02,1.02,100,2021-08-20 15:28:00,POAI
1.02,1.02,1.01,1.01,9477,2021-08-20 15:29:00,POAI
1.02,1.02,1.02,1.02,300,2021-08-20 15:31:00,POAI
1.0119,1.0119,1.0119,1.0119,1079,2021-08-20 15:32:00,POAI
1.015,1.015,1.015,1.015,500,2021-08-20 15:34:00,POAI
1.01,1.01,1.01,1.01,400,2021-08-20 15:36:00,POAI
1.01,1.01,1.01,1.01,100,2021-08-20 15:38:00,POAI
1.0141,1.0141,1.0141,1.0141,1000,2021-08-20 15:39:00,POAI
1.01,1.01,1.01,1.01,100,2021-08-20 15:40:00,POAI
1.01,1.01,1.01,1.01,100,2021-08-20 15:42:00,POAI
1.01,1.02,1.01,1.02,1284,2021-08-20 15:45:00,POAI
1.015,1.015,1.015,1.015,408,2021-08-20 15:47:00,POAI
1.015,1.015,1.0109,1.0109,3250,2021-08-20 15:52:00,POAI
1.02,1.02,1.02,1.02,12000,2021-08-20 15:56:00,POAI
1.01,1.01,1.01,1.01,400,2021-08-20 15:57:00,POAI
1.01,1.0199,1.01,1.0199,500,2021-08-20 15:59:00,POAI
1.0199,1.0199,1.0115,1.0115,800,2021-08-20 16:01:00,POAI
1.0145,1.0145,1.0145,1.0145,150,2021-08-20 16:03:00,POAI
1.01,1.01,1.01,1.01,1000,2021-08-20 16:05:00,POAI
1.01,1.015,1.01,1.015,1008,2021-08-20 16:06:00,POAI
1.01,1.01,1.01,1.01,985,2021-08-20 16:08:00,POAI
1.015,1.015,1.015,1.015,400,2021-08-20 16:09:00,POAI
1.01,1.01,1.01,1.01,300,2021-08-20 16:10:00,POAI
1.015,1.015,1.015,1.015,103,2021-08-20 16:15:00,POAI
1.0101,1.0101,1.0101,1.0101,1225,2021-08-20 16:17:00,POAI
1.0124,1.0124,1.0124,1.0124,197,2021-08-20 16:18:00,POAI
1.01,1.0181,1.01,1.0181,200,2021-08-20 16:21:00,POAI
1.01,1.01,1.01,1.01,2000,2021-08-20 16:22:00,POAI
1.01,1.01,1.01,1.01,200,2021-08-20 16:25:00,POAI
1.015,1.015,1.015,1.015,100,2021-08-20 16:26:00,POAI
1.0115,1.015,1.0115,1.015,1100,2021-08-20 16:27:00,POAI
1.0112,1.0112,1.0112,1.0112,2101,2021-08-20 16:28:00,POAI
1.015,1.015,1.015,1.015,875,2021-08-20 16:29:00,POAI
1.01,1.01,1.01,1.01,2000,2021-08-20 16:30:00,POAI
1.018,1.02,1.01,1.01,550,2021-08-20 16:32:00,POAI
1.01,1.01,1.01,1.01,100,2021-08-20 16:33:00,POAI
1.015,1.015,1.01,1.01,600,2021-08-20 16:38:00,POAI
1.015,1.015,1.015,1.015,400,2021-08-20 16:40:00,POAI
1.01,1.01,1.01,1.01,10132,2021-08-20 16:42:00,POAI
1.01,1.01,1.01,1.01,100,2021-08-20 16:43:00,POAI
1.0121,1.0121,1.0121,1.0121,100,2021-08-20 16:44:00,POAI
1.02,1.02,1.02,1.02,20000,2021-08-20 16:45:00,POAI
1.015,1.015,1.015,1.015,100,2021-08-20 16:46:00,POAI
1.01,1.01,1.01,1.01,800,2021-08-20 16:48:00,POAI
1.01,1.01,1.01,1.01,200,2021-08-20 16:51:00,POAI
1.01,1.015,1.01,1.01,2843,2021-08-20 16:52:00,POAI
1.01,1.01,1.01,1.01,300,2021-08-20 16:53:00,POAI
1.01,1.01,1.01,1.01,200,2021-08-20 16:54:00,POAI
1.01,1.01,1.01,1.01,100,2021-08-20 16:55:00,POAI
1.01,1.01,1.01,1.01,100,2021-08-20 16:56:00,POAI
1.01,1.01,1.01,1.01,200,2021-08-20 16:59:00,POAI
1.02,1.02,1.02,1.02,15000,2021-08-20 17:00:00,POAI
1.01,1.01,1.01,1.01,700,2021-08-20 17:01:00,POAI
1.01,1.01,1.01,1.01,400,2021-08-20 17:02:00,POAI
1.0108,1.0108,1.0101,1.0101,2600,2021-08-20 17:03:00,POAI
1.015,1.015,1.015,1.015,100,2021-08-20 17:05:00,POAI
1.01,1.01,1.01,1.01,1146,2021-08-20 17:10:00,POAI
1.01,1.01,1.01,1.01,100,2021-08-20 17:11:00,POAI
1.02,1.02,1.02,1.02,122,2021-08-20 17:13:00,POAI
1.01,1.01,1.01,1.01,100,2021-08-20 17:14:00,POAI
1.01,1.0101,1.0,1.0,26719,2021-08-20 17:15:00,POAI
1.0,1.0099,1.0,1.0099,42783,2021-08-20 17:16:00,POAI
1.01,1.01,1.0,1.0,6787,2021-08-20 17:17:00,POAI
1.01,1.01,1.0017,1.0017,3841,2021-08-20 17:19:00,POAI
1.01,1.01,1.0,1.0,2000,2021-08-20 17:20:00,POAI
1.01,1.01,1.01,1.01,35976,2021-08-20 17:22:00,POAI
1.0,1.0,1.0,1.0,300,2021-08-20 17:23:00,POAI
1.0,1.0,1.0,1.0,300,2021-08-20 17:24:00,POAI
1.0,1.0,1.0,1.0,100,2021-08-20 17:25:00,POAI
1.0013,1.0088,1.0,1.005,2142,2021-08-20 17:26:00,POAI
1.005,1.01,1.0,1.0,14200,2021-08-20 17:27:00,POAI
1.005,1.005,1.0,1.0048,5080,2021-08-20 17:28:00,POAI
1.0043,1.0048,1.0,1.0,5292,2021-08-20 17:29:00,POAI
1.0,1.0048,1.0,1.0048,4144,2021-08-20 17:30:00,POAI
1.0,1.0048,1.0,1.0,8608,2021-08-20 17:31:00,POAI
1.0,1.0,1.0,1.0,300,2021-08-20 17:32:00,POAI
1.0,1.0,1.0,1.0,100,2021-08-20 17:33:00,POAI
1.0,1.0,1.0,1.0,200,2021-08-20 17:34:00,POAI
1.0,1.0,1.0,1.0,400,2021-08-20 17:35:00,POAI
1.0091,1.01,1.0,1.0,13200,2021-08-20 17:36:00,POAI
1.0,1.01,1.0,1.01,3750,2021-08-20 17:37:00,POAI
1.0006,1.005,1.0006,1.005,5236,2021-08-20 17:38:00,POAI
1.0026,1.01,1.0,1.0,1486,2021-08-20 17:39:00,POAI
1.005,1.0091,1.0,1.005,12156,2021-08-20 17:40:00,POAI
1.0048,1.01,1.0,1.0,10084,2021-08-20 17:41:00,POAI
1.0,1.0098,1.0,1.005,15576,2021-08-20 17:42:00,POAI
1.0043,1.005,1.0,1.0,7164,2021-08-20 17:43:00,POAI
1.0,1.005,1.0,1.0,5346,2021-08-20 17:44:00,POAI
1.0,1.0,1.0,1.0,100,2021-08-20 17:45:00,POAI
1.0,1.0019,1.0,1.0,2900,2021-08-20 17:46:00,POAI
1.005,1.005,1.0,1.0018,5300,2021-08-20 17:47:00,POAI
1.0007,1.0007,1.0,1.0,2900,2021-08-20 17:48:00,POAI
1.0,1.0019,1.0,1.0,5600,2021-08-20 17:49:00,POAI
1.0,1.005,1.0,1.005,800,2021-08-20 17:50:00,POAI
1.0,1.0,1.0,1.0,400,2021-08-20 17:51:00,POAI
1.0082,1.0082,1.0,1.0,2500,2021-08-20 17:52:00,POAI
1.0,1.0022,1.0,1.0022,3700,2021-08-20 17:53:00,POAI
1.0,1.0091,1.0,1.0,15200,2021-08-20 17:54:00,POAI
1.0018,1.0025,1.0,1.0,3913,2021-08-20 17:55:00,POAI
1.005,1.005,1.0,1.0018,7586,2021-08-20 17:56:00,POAI
1.01,1.01,1.0,1.0,2676,2021-08-20 17:57:00,POAI
1.0026,1.0096,1.0,1.0,18983,2021-08-20 17:58:00,POAI
1.0,1.0,1.0,1.0,100,2021-08-20 17:59:00,POAI
1.0,1.01,1.0,1.0,700,2021-08-20 18:00:00,POAI
1.0013,1.005,1.0,1.0026,11539,2021-08-20 18:01:00,POAI
1.0,1.0,1.0,1.0,300,2021-08-20 18:02:00,POAI
1.0,1.0025,1.0,1.0,4361,2021-08-20 18:03:00,POAI
1.0,1.0,1.0,1.0,3053,2021-08-20 18:04:00,POAI
1.0,1.0,1.0,1.0,600,2021-08-20 18:05:00,POAI
1.0,1.0,1.0,1.0,600,2021-08-20 18:06:00,POAI
1.0,1.0087,1.0,1.0,1314,2021-08-20 18:07:00,POAI
1.0,1.0,1.0,1.0,600,2021-08-20 18:08:00,POAI
1.0,1.0,1.0,1.0,500,2021-08-20 18:09:00,POAI
1.0,1.0,1.0,1.0,500,2021-08-20 18:10:00,POAI
1.0,1.01,1.0,1.0,27116,2021-08-20 18:11:00,POAI
1.005,1.0131,1.0001,1.0056,23976,2021-08-20 18:12:00,POAI
1.01,1.01,1.0,1.0048,8122,2021-08-20 18:13:00,POAI
1.0048,1.0049,1.0,1.0049,2774,2021-08-20 18:14:00,POAI
1.0048,1.0048,1.0,1.0048,2774,2021-08-20 18:15:00,POAI
1.0043,1.01,1.0043,1.01,8474,2021-08-20 18:16:00,POAI
1.0042,1.0042,1.0,1.0001,5758,2021-08-20 18:17:00,POAI
1.005,1.005,1.005,1.005,2000,2021-08-20 18:18:00,POAI
1.0,1.0,1.0,1.0,100,2021-08-20 18:19:00,POAI
1.0,1.0,1.0,1.0,100,2021-08-20 18:20:00,POAI
1.0,1.0,1.0,1.0,300,2021-08-20 18:24:00,POAI
1.0,1.01,1.0,1.0,1190,2021-08-20 18:25:00,POAI
1.0,1.0,1.0,1.0,300,2021-08-20 18:26:00,POAI
1.0,1.0,1.0,1.0,1195,2021-08-20 18:27:00,POAI
1.0,1.0,1.0,1.0,1200,2021-08-20 18:28:00,POAI
1.0,1.0,1.0,1.0,200,2021-08-20 18:29:00,POAI
1.0,1.0,1.0,1.0,100,2021-08-20 18:30:00,POAI
1.0,1.0,1.0,1.0,2700,2021-08-20 18:31:00,POAI
1.0,1.0,1.0,1.0,1860,2021-08-20 18:32:00,POAI
1.0,1.0,1.0,1.0,100,2021-08-20 18:33:00,POAI
1.0,1.0046,1.0,1.0,3860,2021-08-20 18:34:00,POAI
1.0,1.0,1.0,1.0,100,2021-08-20 18:35:00,POAI
1.0016,1.0016,1.0016,1.0016,100,2021-08-20 18:36:00,POAI
1.0044,1.0044,1.0,1.0,2300,2021-08-20 18:37:00,POAI
1.0,1.0,1.0,1.0,2100,2021-08-20 18:38:00,POAI
1.0,1.0,1.0,1.0,2100,2021-08-20 18:40:00,POAI
1.0,1.005,1.0,1.005,600,2021-08-20 18:41:00,POAI
1.0076,1.0076,1.0076,1.0076,494,2021-08-20 18:42:00,POAI
1.0,1.0,1.0,1.0,2300,2021-08-20 18:43:00,POAI
1.0,1.0023,1.0,1.0023,4500,2021-08-20 18:44:00,POAI
1.0025,1.005,1.0001,1.005,9500,2021-08-20 18:45:00,POAI
1.01,1.01,1.0,1.0,5000,2021-08-20 18:46:00,POAI
1.0,1.0,1.0,1.0,4000,2021-08-20 18:47:00,POAI
1.004,1.0095,1.0,1.0,14300,2021-08-20 18:48:00,POAI
1.0019,1.005,1.0014,1.0026,8000,2021-08-20 18:49:00,POAI
1.005,1.005,1.0,1.002,15100,2021-08-20 18:50:00,POAI
1.005,1.005,1.0,1.0009,7100,2021-08-20 18:51:00,POAI
1.005,1.005,1.0,1.0,201,2021-08-20 18:52:00,POAI
1.0,1.01,1.0,1.0,40836,2021-08-20 18:53:00,POAI
1.0,1.0019,1.0,1.0019,6100,2021-08-20 18:54:00,POAI
1.002,1.01,1.0,1.0023,4410,2021-08-20 18:55:00,POAI
1.0023,1.0023,1.0014,1.0014,7500,2021-08-20 18:56:00,POAI
1.001,1.01,1.0,1.0025,13500,2021-08-20 18:57:00,POAI
1.0025,1.005,1.0,1.0,1600,2021-08-20 18:58:00,POAI
1.0,1.0,1.0,1.0,400,2021-08-20 18:59:00,POAI
1.0,1.0021,1.0,1.0021,1100,2021-08-20 19:00:00,POAI
1.0,1.0,1.0,1.0,600,2021-08-20 19:01:00,POAI
1.0,1.005,1.0,1.0,4422,2021-08-20 19:02:00,POAI
1.0,1.005,1.0,1.0,4040,2021-08-20 19:03:00,POAI
1.0,1.0,1.0,1.0,300,2021-08-20 19:04:00,POAI
1.0,1.0,1.0,1.0,500,2021-08-20 19:05:00,POAI
1.0,1.0,1.0,1.0,300,2021-08-20 19:06:00,POAI
1.0,1.0,1.0,1.0,200,2021-08-20 19:07:00,POAI
1.0001,1.0001,1.0,1.0,600,2021-08-20 19:08:00,POAI
1.0,1.0,1.0,1.0,600,2021-08-20 19:09:00,POAI
1.0,1.0,1.0,1.0,200,2021-08-20 19:10:00,POAI
1.0,1.0,1.0,1.0,100,2021-08-20 19:11:00,POAI
1.0,1.0,1.0,1.0,200,2021-08-20 19:12:00,POAI
1.0,1.0,1.0,1.0,200,2021-08-20 19:13:00,POAI
1.0,1.0,1.0,1.0,300,2021-08-20 19:14:00,POAI
1.0,1.0,1.0,1.0,100,2021-08-20 19:15:00,POAI
1.0,1.0099,1.0,1.0099,2400,2021-08-20 19:16:00,POAI
1.0,1.0,1.0,1.0,200,2021-08-20 19:17:00,POAI
1.0,1.0,1.0,1.0,100,2021-08-20 19:18:00,POAI
1.01,1.01,1.0,1.0,16700,2021-08-20 19:19:00,POAI
1.0,1.0099,1.0,1.0099,20000,2021-08-20 19:20:00,POAI
1.0099,1.01,1.0,1.0,8175,2021-08-20 19:21:00,POAI
1.0,1.0,1.0,1.0,300,2021-08-20 19:22:00,POAI
1.0017,1.01,1.0017,1.0047,7623,2021-08-20 19:23:00,POAI
1.005,1.01,1.0,1.01,9911,2021-08-20 19:24:00,POAI
1.0047,1.01,1.0,1.0,36975,2021-08-20 19:25:00,POAI
1.0022,1.005,1.0,1.0022,4206,2021-08-20 19:26:00,POAI
1.0022,1.005,1.0001,1.005,20141,2021-08-20 19:27:00,POAI
1.0047,1.0047,1.0,1.0016,6280,2021-08-20 19:28:00,POAI
1.0022,1.0023,1.0016,1.0023,8034,2021-08-20 19:29:00,POAI
1.0047,1.0089,1.0021,1.0048,12480,2021-08-20 19:31:00,POAI
1.0048,1.0048,1.0,1.0,6251,2021-08-20 19:32:00,POAI
1.005,1.005,1.0,1.0,400,2021-08-20 19:33:00,POAI
1.0,1.0,1.0,1.0,1195,2021-08-20 19:34:00,POAI
1.0,1.0,1.0,1.0,300,2021-08-20 19:35:00,POAI
1.0,1.0099,1.0,1.0,730,2021-08-20 19:36:00,POAI
1.0,1.0099,1.0,1.0099,750,2021-08-20 19:37:00,POAI
1.0,1.0,1.0,1.0,400,2021-08-20 19:38:00,POAI
1.0,1.0,1.0,1.0,400,2021-08-20 19:39:00,POAI
1.0025,1.005,1.0,1.0,714,2021-08-20 19:40:00,POAI
1.0,1.0,1.0,1.0,300,2021-08-20 19:41:00,POAI
1.0,1.0,1.0,1.0,300,2021-08-20 19:42:00,POAI
1.0,1.0,1.0,1.0,300,2021-08-20 19:43:00,POAI
1.0,1.0,1.0,1.0,200,2021-08-20 19:44:00,POAI
1.0038,1.0038,1.0,1.0,1000,2021-08-20 19:45:00,POAI
1.0,1.0,1.0,1.0,500,2021-08-20 19:46:00,POAI
1.005,1.005,1.0,1.0,900,2021-08-20 19:47:00,POAI
1.0,1.0,1.0,1.0,400,2021-08-20 19:48:00,POAI
1.0,1.0,1.0,1.0,362,2021-08-20 19:49:00,POAI
1.0,1.0,1.0,1.0,300,2021-08-20 19:50:00,POAI
1.0,1.0,1.0,1.0,200,2021-08-20 19:51:00,POAI
1.0,1.01,1.0,1.01,700,2021-08-20 19:52:00,POAI
1.0,1.01,1.0,1.01,19015,2021-08-20 19:53:00,POAI
1.0,1.03,1.0,1.02,121723,2021-08-20 19:54:00,POAI
1.0226,1.03,1.01,1.01,40392,2021-08-20 19:55:00,POAI
1.01,1.015,1.01,1.015,800,2021-08-20 19:56:00,POAI
1.01,1.02,1.01,1.01,23400,2021-08-20 19:57:00,POAI
1.01,1.0199,1.01,1.01,11400,2021-08-20 19:58:00,POAI
1.01,1.01,1.01,1.01,5086,2021-08-20 19:59:00,POAI
1.02,1.02,1.02,1.02,5069,2021-08-20 20:00:00,POAI
1.02,1.02,1.02,1.02,100,2021-08-20 20:02:00,POAI
1.01,1.01,1.01,1.01,8000,2021-08-20 20:03:00,POAI
1.01,1.01,1.01,1.01,100,2021-08-20 20:04:00,POAI
1.01,1.01,1.01,1.01,100,2021-08-20 20:09:00,POAI
1.01,1.01,1.01,1.01,136,2021-08-20 20:17:00,POAI
1.01,1.01,1.01,1.01,517,2021-08-20 20:39:00,POAI
1.01,1.01,1.01,1.01,500,2021-08-20 20:48:00,POAI
1.01,1.01,1.01,1.01,166,2021-08-20 20:55:00,POAI
1.01,1.01,1.01,1.01,100,2021-08-20 21:17:00,POAI
1.02,1.02,1.02,1.02,800,2021-08-20 21:22:00,POAI
1.02,1.02,1.02,1.02,490,2021-08-20 22:02:00,POAI
1.02,1.02,1.02,1.02,1600,2021-08-20 22:32:00,POAI
1.01,1.01,1.01,1.01,100,2021-08-20 22:36:00,POAI
1.02,1.02,1.02,1.02,951,2021-08-20 22:57:00,POAI
1.02,1.02,1.02,1.02,1000,2021-08-20 23:14:00,POAI
1.04,1.04,1.04,1.04,4599,2021-08-23 11:31:00,POAI
1.04,1.04,1.04,1.04,100,2021-08-23 12:32:00,POAI
1.04,1.04,1.04,1.04,100,2021-08-23 12:41:00,POAI
1.04,1.04,1.04,1.04,200,2021-08-23 12:54:00,POAI
1.04,1.04,1.04,1.04,295,2021-08-23 13:00:00,POAI
1.04,1.04,1.04,1.04,500,2021-08-23 13:01:00,POAI
1.04,1.04,1.04,1.04,607,2021-08-23 13:04:00,POAI
1.04,1.04,1.04,1.04,300,2021-08-23 13:13:00,POAI
1.04,1.04,1.04,1.04,100,2021-08-23 13:16:00,POAI
1.03,1.03,1.03,1.03,430,2021-08-23 13:23:00,POAI
1.0394,1.04,1.0394,1.04,390,2021-08-23 13:26:00,POAI
1.03,1.0399,1.03,1.0387,22285,2021-08-23 13:30:00,POAI
1.031,1.031,1.0309,1.0309,930,2021-08-23 13:31:00,POAI
1.03,1.0399,1.03,1.0314,4370,2021-08-23 13:35:00,POAI
1.0309,1.0309,1.0309,1.0309,430,2021-08-23 13:36:00,POAI
1.03,1.03,1.03,1.03,300,2021-08-23 13:37:00,POAI
1.0301,1.0308,1.0301,1.0308,650,2021-08-23 13:38:00,POAI
1.035,1.035,1.035,1.035,100,2021-08-23 13:40:00,POAI
1.035,1.035,1.035,1.035,100,2021-08-23 13:41:00,POAI
1.04,1.04,1.0305,1.035,2645,2021-08-23 13:42:00,POAI
1.035,1.035,1.035,1.035,100,2021-08-23 13:43:00,POAI
1.04,1.04,1.04,1.04,715,2021-08-23 13:44:00,POAI
1.0403,1.0403,1.0403,1.0403,425,2021-08-23 13:45:00,POAI
1.04,1.0415,1.04,1.0415,4000,2021-08-23 13:46:00,POAI
1.0402,1.05,1.04,1.04,2300,2021-08-23 13:47:00,POAI
1.04,1.05,1.04,1.05,570,2021-08-23 13:48:00,POAI
1.0482,1.0482,1.04,1.04,3612,2021-08-23 13:49:00,POAI
1.0408,1.0408,1.0408,1.0408,211,2021-08-23 13:50:00,POAI
1.045,1.05,1.04,1.04,3358,2021-08-23 13:51:00,POAI
1.0485,1.05,1.04,1.0484,1398,2021-08-23 13:52:00,POAI
1.045,1.05,1.0405,1.045,2152,2021-08-23 13:53:00,POAI
1.045,1.045,1.045,1.045,483,2021-08-23 13:54:00,POAI
1.04,1.0482,1.04,1.0482,1037,2021-08-23 13:55:00,POAI
1.04,1.04,1.04,1.04,2300,2021-08-23 13:56:00,POAI
1.045,1.0499,1.045,1.0499,738,2021-08-23 14:01:00,POAI
1.0489,1.0489,1.0489,1.0489,1800,2021-08-23 14:02:00,POAI
1.04,1.04,1.04,1.04,300,2021-08-23 14:03:00,POAI
1.0401,1.0401,1.0401,1.0401,960,2021-08-23 14:04:00,POAI
1.0401,1.0401,1.04,1.04,5400,2021-08-23 14:05:00,POAI
1.04,1.0405,1.04,1.04,1823,2021-08-23 14:06:00,POAI
1.04,1.04,1.0201,1.025,45238,2021-08-23 14:08:00,POAI
1.0273,1.035,1.0273,1.0317,2900,2021-08-23 14:09:00,POAI
1.04,1.04,1.0317,1.04,300,2021-08-23 14:10:00,POAI
1.03,1.04,1.03,1.0317,300,2021-08-23 14:11:00,POAI
1.035,1.0388,1.03,1.0313,5050,2021-08-23 14:12:00,POAI
1.0303,1.04,1.03,1.04,7865,2021-08-23 14:13:00,POAI
1.04,1.04,1.04,1.04,200,2021-08-23 14:14:00,POAI
1.0399,1.0399,1.035,1.035,262,2021-08-23 14:16:00,POAI
1.03,1.035,1.03,1.035,200,2021-08-23 14:17:00,POAI
1.031,1.035,1.031,1.035,1800,2021-08-23 14:18:00,POAI
1.0301,1.0301,1.0301,1.0301,100,2021-08-23 14:19:00,POAI
1.03,1.0388,1.03,1.0317,901,2021-08-23 14:20:00,POAI
1.0302,1.0302,1.03,1.03,200,2021-08-23 14:21:00,POAI
1.0304,1.0388,1.03,1.03,2589,2021-08-23 14:23:00,POAI
1.0387,1.0387,1.0387,1.0387,141,2021-08-23 14:24:00,POAI
1.04,1.04,1.03,1.03,2100,2021-08-23 14:26:00,POAI
1.035,1.035,1.03,1.03,200,2021-08-23 14:27:00,POAI
1.035,1.04,1.035,1.04,1100,2021-08-23 14:28:00,POAI
1.035,1.035,1.035,1.035,100,2021-08-23 14:30:00,POAI
1.035,1.04,1.03,1.04,1400,2021-08-23 14:36:00,POAI
1.0309,1.04,1.0309,1.04,345,2021-08-23 14:37:00,POAI
1.0301,1.0301,1.0301,1.0301,9983,2021-08-23 14:38:00,POAI
1.0377,1.0377,1.0377,1.0377,250,2021-08-23 14:41:00,POAI
1.0301,1.04,1.0301,1.04,3029,2021-08-23 14:42:00,POAI
1.0383,1.0383,1.0383,1.0383,100,2021-08-23 14:44:00,POAI
1.035,1.035,1.035,1.035,100,2021-08-23 14:47:00,POAI
1.03,1.0307,1.03,1.0307,937,2021-08-23 14:49:00,POAI
1.0399,1.0399,1.03,1.03,200,2021-08-23 14:50:00,POAI
1.0308,1.035,1.03,1.03,4899,2021-08-23 14:51:00,POAI
1.035,1.035,1.03,1.03,200,2021-08-23 14:53:00,POAI
1.035,1.035,1.0301,1.0301,1200,2021-08-23 14:55:00,POAI
1.035,1.035,1.03,1.03,200,2021-08-23 14:56:00,POAI
1.0311,1.0311,1.0311,1.0311,255,2021-08-23 14:57:00,POAI
1.0388,1.0388,1.03,1.03,2145,2021-08-23 14:59:00,POAI
1.04,1.04,1.04,1.04,2507,2021-08-23 15:00:00,POAI
1.03,1.035,1.03,1.035,200,2021-08-23 15:01:00,POAI
1.03,1.03,1.03,1.03,200,2021-08-23 15:02:00,POAI
1.039,1.039,1.039,1.039,962,2021-08-23 15:07:00,POAI
1.04,1.04,1.04,1.04,2000,2021-08-23 15:11:00,POAI
1.04,1.04,1.036,1.036,1100,2021-08-23 15:12:00,POAI
1.0301,1.0301,1.0301,1.0301,321,2021-08-23 15:13:00,POAI
1.035,1.035,1.035,1.035,100,2021-08-23 15:14:00,POAI
1.03,1.0387,1.03,1.0387,300,2021-08-23 15:15:00,POAI
1.03,1.03,1.03,1.03,100,2021-08-23 15:22:00,POAI
1.03,1.04,1.03,1.04,985,2021-08-23 15:28:00,POAI
1.04,1.04,1.04,1.04,100,2021-08-23 15:30:00,POAI
1.04,1.04,1.04,1.04,1500,2021-08-23 15:35:00,POAI
1.035,1.035,1.035,1.035,100,2021-08-23 15:36:00,POAI
1.03,1.03,1.03,1.03,100,2021-08-23 15:37:00,POAI
1.0383,1.0383,1.0383,1.0383,265,2021-08-23 15:39:00,POAI
1.0399,1.04,1.0351,1.04,1855,2021-08-23 15:41:00,POAI
1.0384,1.0384,1.0384,1.0384,300,2021-08-23 15:42:00,POAI
1.035,1.0388,1.035,1.0388,1600,2021-08-23 15:45:00,POAI
1.0377,1.0377,1.031,1.031,850,2021-08-23 15:46:00,POAI
1.035,1.035,1.035,1.035,100,2021-08-23 15:47:00,POAI
1.0385,1.0385,1.0385,1.0385,483,2021-08-23 15:48:00,POAI
1.04,1.04,1.04,1.04,200,2021-08-23 15:49:00,POAI
1.0301,1.0301,1.0301,1.0301,1000,2021-08-23 15:50:00,POAI
1.0301,1.0309,1.0301,1.0309,366,2021-08-23 15:56:00,POAI
1.0331,1.0331,1.0331,1.0331,100,2021-08-23 16:00:00,POAI
1.0382,1.0382,1.0382,1.0382,100,2021-08-23 16:03:00,POAI
1.035,1.035,1.035,1.035,100,2021-08-23 16:07:00,POAI
1.03,1.03,1.03,1.03,200,2021-08-23 16:09:00,POAI
1.03,1.03,1.015,1.02,18340,2021-08-23 16:12:00,POAI
1.0131,1.0131,1.0131,1.0131,165,2021-08-23 16:13:00,POAI
1.02,1.02,1.015,1.015,5440,2021-08-23 16:14:00,POAI
1.015,1.015,1.015,1.015,100,2021-08-23 16:16:00,POAI
1.015,1.015,1.015,1.015,100,2021-08-23 16:17:00,POAI
1.0125,1.015,1.0125,1.015,2759,2021-08-23 16:18:00,POAI
1.016,1.016,1.015,1.015,497,2021-08-23 16:19:00,POAI
1.015,1.015,1.015,1.015,100,2021-08-23 16:20:00,POAI
1.0196,1.0196,1.015,1.015,200,2021-08-23 16:21:00,POAI
1.0123,1.0123,1.0123,1.0123,500,2021-08-23 16:22:00,POAI
1.01,1.01,1.01,1.01,200,2021-08-23 16:23:00,POAI
1.02,1.02,1.02,1.02,100,2021-08-23 16:24:00,POAI
1.02,1.02,1.015,1.015,400,2021-08-23 16:25:00,POAI
1.015,1.015,1.015,1.015,1200,2021-08-23 16:26:00,POAI
1.0199,1.0199,1.015,1.0193,17300,2021-08-23 16:27:00,POAI
1.015,1.015,1.015,1.015,100,2021-08-23 16:28:00,POAI
1.015,1.015,1.0127,1.0127,1100,2021-08-23 16:29:00,POAI
1.01,1.01,1.01,1.01,2200,2021-08-23 16:31:00,POAI
1.015,1.015,1.015,1.015,100,2021-08-23 16:32:00,POAI
1.01,1.015,1.01,1.01,9767,2021-08-23 16:33:00,POAI
1.0122,1.0122,1.0122,1.0122,100,2021-08-23 16:35:00,POAI
1.0101,1.0116,1.0101,1.0116,1100,2021-08-23 16:37:00,POAI
1.0101,1.0101,1.0101,1.0101,2000,2021-08-23 16:38:00,POAI
1.015,1.015,1.015,1.015,100,2021-08-23 16:39:00,POAI
1.015,1.015,1.015,1.015,100,2021-08-23 16:40:00,POAI
1.015,1.015,1.015,1.015,100,2021-08-23 16:41:00,POAI
1.02,1.02,1.02,1.02,100,2021-08-23 16:43:00,POAI
1.0187,1.0187,1.01,1.015,2947,2021-08-23 16:44:00,POAI
1.015,1.015,1.015,1.015,100,2021-08-23 16:45:00,POAI
1.0146,1.0193,1.0146,1.0193,1300,2021-08-23 16:46:00,POAI
1.0194,1.0194,1.0194,1.0194,200,2021-08-23 16:47:00,POAI
1.02,1.02,1.01,1.01,29400,2021-08-23 16:52:00,POAI
1.015,1.015,1.015,1.015,100,2021-08-23 16:53:00,POAI
1.015,1.015,1.015,1.015,100,2021-08-23 16:55:00,POAI
1.0199,1.0199,1.01,1.015,4225,2021-08-23 16:56:00,POAI
1.015,1.015,1.015,1.015,100,2021-08-23 16:57:00,POAI
1.0186,1.02,1.015,1.02,400,2021-08-23 16:58:00,POAI
1.0101,1.02,1.0101,1.015,1100,2021-08-23 16:59:00,POAI
1.015,1.015,1.015,1.015,100,2021-08-23 17:00:00,POAI
1.015,1.015,1.015,1.015,100,2021-08-23 17:01:00,POAI
1.015,1.015,1.015,1.015,200,2021-08-23 17:02:00,POAI
1.015,1.015,1.015,1.015,500,2021-08-23 17:03:00,POAI
1.02,1.02,1.02,1.02,100,2021-08-23 17:04:00,POAI
1.02,1.02,1.01,1.01,695,2021-08-23 17:05:00,POAI
1.0192,1.0192,1.0111,1.015,8212,2021-08-23 17:06:00,POAI
1.015,1.015,1.015,1.015,100,2021-08-23 17:07:00,POAI
1.015,1.0188,1.015,1.0188,200,2021-08-23 17:08:00,POAI
1.02,1.02,1.02,1.02,100,2021-08-23 17:09:00,POAI
1.0181,1.0181,1.015,1.015,200,2021-08-23 17:11:00,POAI
1.015,1.015,1.01,1.01,513,2021-08-23 17:12:00,POAI
1.015,1.015,1.015,1.015,100,2021-08-23 17:13:00,POAI
1.015,1.015,1.015,1.015,100,2021-08-23 17:14:00,POAI
1.01,1.01,1.01,1.01,100,2021-08-23 17:15:00,POAI
1.015,1.015,1.015,1.015,200,2021-08-23 17:16:00,POAI
1.015,1.015,1.015,1.015,100,2021-08-23 17:18:00,POAI
1.01,1.01,1.01,1.01,1000,2021-08-23 17:19:00,POAI
1.015,1.02,1.0128,1.02,501,2021-08-23 17:20:00,POAI
1.0198,1.0198,1.0198,1.0198,1150,2021-08-23 17:21:00,POAI
1.015,1.02,1.0114,1.015,5657,2021-08-23 17:22:00,POAI
1.015,1.015,1.015,1.015,200,2021-08-23 17:23:00,POAI
1.01,1.01,1.01,1.01,295,2021-08-23 17:24:00,POAI
1.01,1.0117,1.01,1.0117,1090,2021-08-23 17:26:00,POAI
1.015,1.015,1.015,1.015,100,2021-08-23 17:28:00,POAI
1.02,1.02,1.015,1.015,2200,2021-08-23 17:29:00,POAI
1.01,1.015,1.01,1.015,2350,2021-08-23 17:30:00,POAI
1.015,1.015,1.015,1.015,100,2021-08-23 17:31:00,POAI
1.015,1.0188,1.015,1.015,2200,2021-08-23 17:32:00,POAI
1.0199,1.0199,1.0199,1.0199,150,2021-08-23 17:33:00,POAI
1.015,1.015,1.015,1.015,200,2021-08-23 17:34:00,POAI
1.01,1.01,1.01,1.01,1000,2021-08-23 17:35:00,POAI
1.0122,1.015,1.0122,1.015,1015,2021-08-23 17:36:00,POAI
1.0128,1.015,1.0128,1.015,351,2021-08-23 17:37:00,POAI
1.015,1.015,1.015,1.015,100,2021-08-23 17:39:00,POAI
1.0101,1.02,1.0101,1.015,3141,2021-08-23 17:40:00,POAI
1.0101,1.015,1.0101,1.015,600,2021-08-23 17:41:00,POAI
1.015,1.015,1.0118,1.0118,300,2021-08-23 17:42:00,POAI
1.0115,1.015,1.0115,1.015,3850,2021-08-23 17:43:00,POAI
1.01,1.0199,1.01,1.0199,10940,2021-08-23 17:44:00,POAI
1.015,1.015,1.015,1.015,100,2021-08-23 17:45:00,POAI
1.015,1.015,1.015,1.015,100,2021-08-23 17:46:00,POAI
1.015,1.0199,1.015,1.015,525,2021-08-23 17:47:00,POAI
1.02,1.02,1.015,1.015,3315,2021-08-23 17:48:00,POAI
1.0116,1.02,1.0116,1.02,3508,2021-08-23 17:50:00,POAI
1.015,1.015,1.015,1.015,300,2021-08-23 17:51:00,POAI
1.02,1.02,1.02,1.02,1000,2021-08-23 17:54:00,POAI
1.015,1.0199,1.015,1.0199,590,2021-08-23 17:55:00,POAI
1.015,1.015,1.015,1.015,300,2021-08-23 17:56:00,POAI
1.015,1.02,1.01,1.02,5193,2021-08-23 17:57:00,POAI
1.015,1.015,1.0125,1.0125,492,2021-08-23 17:58:00,POAI
1.015,1.015,1.01,1.01,943,2021-08-23 17:59:00,POAI
1.0146,1.015,1.0146,1.015,300,2021-08-23 18:01:00,POAI
1.015,1.015,1.015,1.015,100,2021-08-23 18:02:00,POAI
1.015,1.015,1.015,1.015,100,2021-08-23 18:04:00,POAI
1.015,1.015,1.015,1.015,100,2021-08-23 18:05:00,POAI
1.015,1.015,1.015,1.015,100,2021-08-23 18:06:00,POAI
1.015,1.015,1.01,1.015,404,2021-08-23 18:08:00,POAI
1.015,1.015,1.015,1.015,100,2021-08-23 18:09:00,POAI
1.012,1.015,1.012,1.015,1750,2021-08-23 18:10:00,POAI
1.0101,1.0101,1.0101,1.0101,200,2021-08-23 18:11:00,POAI
1.0108,1.0108,1.0108,1.0108,5000,2021-08-23 18:14:00,POAI
1.015,1.02,1.015,1.015,14000,2021-08-23 18:16:00,POAI
1.015,1.015,1.015,1.015,200,2021-08-23 18:17:00,POAI
1.0126,1.0126,1.0126,1.0126,500,2021-08-23 18:19:00,POAI
1.015,1.0153,1.015,1.0153,1208,2021-08-23 18:20:00,POAI
1.0124,1.015,1.0124,1.015,1300,2021-08-23 18:22:00,POAI
1.015,1.015,1.015,1.015,100,2021-08-23 18:23:00,POAI
1.015,1.015,1.015,1.015,100,2021-08-23 18:24:00,POAI
1.015,1.015,1.015,1.015,100,2021-08-23 18:27:00,POAI
1.01,1.01,1.01,1.01,500,2021-08-23 18:29:00,POAI
1.015,1.015,1.015,1.015,200,2021-08-23 18:30:00,POAI
1.015,1.015,1.015,1.015,100,2021-08-23 18:31:00,POAI
1.015,1.015,1.015,1.015,100,2021-08-23 18:33:00,POAI
1.015,1.015,1.015,1.015,200,2021-08-23 18:35:00,POAI
1.015,1.02,1.015,1.02,350,2021-08-23 18:37:00,POAI
1.0115,1.0115,1.0115,1.0115,2000,2021-08-23 18:41:00,POAI
1.015,1.015,1.0121,1.0121,1100,2021-08-23 18:43:00,POAI
1.0179,1.02,1.0179,1.02,200,2021-08-23 18:44:00,POAI
1.0185,1.02,1.0185,1.02,1185,2021-08-23 18:45:00,POAI
1.015,1.015,1.015,1.015,100,2021-08-23 18:46:00,POAI
1.02,1.02,1.01,1.0104,1687,2021-08-23 18:47:00,POAI
1.01,1.01,1.01,1.01,100,2021-08-23 18:49:00,POAI
1.015,1.015,1.015,1.015,300,2021-08-23 18:50:00,POAI
1.0126,1.0126,1.0126,1.0126,300,2021-08-23 18:53:00,POAI
1.015,1.02,1.015,1.015,8100,2021-08-23 18:54:00,POAI
1.015,1.015,1.01,1.01,750,2021-08-23 18:55:00,POAI
1.0106,1.015,1.0106,1.015,28300,2021-08-23 18:58:00,POAI
1.015,1.015,1.0101,1.015,1300,2021-08-23 18:59:00,POAI
1.02,1.02,1.015,1.015,2200,2021-08-23 19:00:00,POAI
1.015,1.015,1.015,1.015,100,2021-08-23 19:01:00,POAI
1.015,1.015,1.015,1.015,100,2021-08-23 19:03:00,POAI
1.015,1.015,1.015,1.015,100,2021-08-23 19:04:00,POAI
1.0101,1.0184,1.0101,1.0184,594,2021-08-23 19:06:00,POAI
1.02,1.02,1.02,1.02,2137,2021-08-23 19:07:00,POAI
1.0124,1.02,1.0124,1.02,581,2021-08-23 19:08:00,POAI
1.015,1.015,1.01,1.01,400,2021-08-23 19:09:00,POAI
1.015,1.015,1.015,1.015,100,2021-08-23 19:10:00,POAI
1.0134,1.0134,1.01,1.01,1913,2021-08-23 19:11:00,POAI
1.015,1.02,1.015,1.02,300,2021-08-23 19:13:00,POAI
1.02,1.02,1.015,1.015,300,2021-08-23 19:17:00,POAI
1.015,1.015,1.015,1.015,100,2021-08-23 19:18:00,POAI
1.0106,1.015,1.01,1.015,2374,2021-08-23 19:19:00,POAI
1.0124,1.015,1.0124,1.015,606,2021-08-23 19:22:00,POAI
1.015,1.015,1.015,1.015,400,2021-08-23 19:23:00,POAI
1.015,1.015,1.015,1.015,100,2021-08-23 19:25:00,POAI
1.02,1.02,1.02,1.02,600,2021-08-23 19:26:00,POAI
1.0119,1.015,1.01,1.015,1865,2021-08-23 19:28:00,POAI
1.015,1.015,1.015,1.015,100,2021-08-23 19:30:00,POAI
1.015,1.015,1.015,1.015,100,2021-08-23 19:31:00,POAI
1.0101,1.015,1.0101,1.015,239,2021-08-23 19:34:00,POAI
1.015,1.015,1.015,1.015,100,2021-08-23 19:36:00,POAI
1.0164,1.0164,1.0164,1.0164,480,2021-08-23 19:38:00,POAI
1.0196,1.0196,1.0196,1.0196,101,2021-08-23 19:39:00,POAI
1.02,1.02,1.015,1.015,200,2021-08-23 19:41:00,POAI
1.02,1.025,1.015,1.02,74986,2021-08-23 19:43:00,POAI
1.015,1.02,1.0101,1.02,12982,2021-08-23 19:44:00,POAI
1.02,1.02,1.015,1.015,900,2021-08-23 19:45:00,POAI
1.02,1.02,1.015,1.015,10200,2021-08-23 19:46:00,POAI
1.0189,1.0189,1.015,1.015,2550,2021-08-23 19:47:00,POAI
1.015,1.015,1.015,1.015,200,2021-08-23 19:48:00,POAI
1.015,1.015,1.015,1.015,100,2021-08-23 19:49:00,POAI
1.015,1.015,1.01,1.01,200,2021-08-23 19:50:00,POAI
1.02,1.02,1.015,1.0199,3600,2021-08-23 19:51:00,POAI
1.02,1.02,1.02,1.02,15710,2021-08-23 19:53:00,POAI
1.02,1.02,1.02,1.02,200,2021-08-23 19:54:00,POAI
1.0196,1.02,1.0196,1.02,7188,2021-08-23 19:55:00,POAI
1.02,1.02,1.02,1.02,200,2021-08-23 19:56:00,POAI
1.02,1.03,1.02,1.025,27766,2021-08-23 19:57:00,POAI
1.022,1.022,1.022,1.022,1100,2021-08-23 19:58:00,POAI
1.02,1.02,1.02,1.02,461,2021-08-23 19:59:00,POAI
1.03,1.03,1.03,1.03,750,2021-08-23 20:00:00,POAI
1.0399,1.04,1.0399,1.04,500,2021-08-23 20:01:00,POAI
1.04,1.04,1.04,1.04,600,2021-08-23 20:03:00,POAI
1.04,1.04,1.04,1.04,126,2021-08-23 20:25:00,POAI
1.02,1.02,1.02,1.02,110,2021-08-23 20:38:00,POAI
1.02,1.02,1.02,1.02,1000,2021-08-23 21:07:00,POAI
1.02,1.02,1.02,1.02,100,2021-08-23 21:19:00,POAI
1.02,1.02,1.02,1.02,100,2021-08-23 21:41:00,POAI
1.02,1.02,1.02,1.02,186,2021-08-23 22:27:00,POAI
1.02,1.02,1.02,1.02,5497,2021-08-23 22:56:00,POAI
1.02,1.02,1.02,1.02,250,2021-08-23 23:18:00,POAI
1.04,1.04,1.04,1.04,100,2021-08-23 23:55:00,POAI
1.04,1.04,1.04,1.04,200,2021-08-24 10:20:00,POAI
1.03,1.03,1.03,1.03,100,2021-08-24 10:55:00,POAI
1.02,1.02,1.02,1.02,190,2021-08-24 10:58:00,POAI
1.03,1.03,1.02,1.02,255,2021-08-24 11:53:00,POAI
1.04,1.04,1.04,1.04,2635,2021-08-24 12:11:00,POAI
1.05,1.05,1.05,1.05,200,2021-08-24 12:44:00,POAI
1.0494,1.05,1.0494,1.05,200,2021-08-24 12:58:00,POAI
1.05,1.05,1.05,1.05,952,2021-08-24 12:59:00,POAI
1.04,1.04,1.04,1.04,935,2021-08-24 13:14:00,POAI
1.0301,1.0301,1.0301,1.0301,100,2021-08-24 13:18:00,POAI
1.04,1.04,1.04,1.04,300,2021-08-24 13:21:00,POAI
1.04,1.04,1.04,1.04,804,2021-08-24 13:27:00,POAI
1.04,1.0485,1.0331,1.0485,8097,2021-08-24 13:30:00,POAI
1.045,1.045,1.04,1.04,700,2021-08-24 13:31:00,POAI
1.04,1.0436,1.04,1.0436,330,2021-08-24 13:32:00,POAI
1.045,1.045,1.045,1.045,200,2021-08-24 13:33:00,POAI
1.04,1.045,1.04,1.04,13359,2021-08-24 13:34:00,POAI
1.035,1.035,1.035,1.035,100,2021-08-24 13:35:00,POAI
1.035,1.04,1.03,1.0302,16857,2021-08-24 13:36:00,POAI
1.035,1.035,1.035,1.035,400,2021-08-24 13:37:00,POAI
1.035,1.035,1.0311,1.0311,1210,2021-08-24 13:38:00,POAI
1.035,1.035,1.0305,1.035,9468,2021-08-24 13:39:00,POAI
1.035,1.035,1.035,1.035,100,2021-08-24 13:40:00,POAI
1.035,1.035,1.03,1.03,400,2021-08-24 13:41:00,POAI
1.04,1.04,1.04,1.04,900,2021-08-24 13:42:00,POAI
1.04,1.04,1.04,1.04,600,2021-08-24 13:43:00,POAI
1.04,1.04,1.04,1.04,100,2021-08-24 13:44:00,POAI
1.035,1.04,1.035,1.035,300,2021-08-24 13:45:00,POAI
1.04,1.04,1.04,1.04,100,2021-08-24 13:46:00,POAI
1.035,1.04,1.035,1.04,21085,2021-08-24 13:47:00,POAI
1.04,1.048,1.03,1.045,48522,2021-08-24 13:48:00,POAI
1.0499,1.0499,1.04,1.04,6600,2021-08-24 13:49:00,POAI
1.05,1.05,1.05,1.05,100,2021-08-24 13:51:00,POAI
1.0499,1.0499,1.045,1.0499,40100,2021-08-24 13:52:00,POAI
1.05,1.08,1.05,1.0799,43059,2021-08-24 13:53:00,POAI
1.08,1.08,1.07,1.07,10221,2021-08-24 13:54:00,POAI
1.0715,1.0719,1.07,1.07,1339,2021-08-24 13:56:00,POAI
1.0701,1.0701,1.07,1.07,7813,2021-08-24 13:57:00,POAI
1.06,1.0601,1.06,1.06,600,2021-08-24 13:58:00,POAI
1.0673,1.0673,1.05,1.055,10350,2021-08-24 13:59:00,POAI
1.055,1.055,1.055,1.055,100,2021-08-24 14:01:00,POAI
1.05,1.058,1.05,1.055,901,2021-08-24 14:02:00,POAI
1.0513,1.0513,1.0513,1.0513,100,2021-08-24 14:03:00,POAI
1.055,1.055,1.055,1.055,5500,2021-08-24 14:04:00,POAI
1.0599,1.0599,1.055,1.055,375,2021-08-24 14:05:00,POAI
1.0591,1.0599,1.0591,1.0591,500,2021-08-24 14:06:00,POAI
1.06,1.06,1.055,1.055,2490,2021-08-24 14:07:00,POAI
1.055,1.055,1.055,1.055,200,2021-08-24 14:08:00,POAI
1.06,1.06,1.059,1.06,11221,2021-08-24 14:09:00,POAI
1.054,1.055,1.054,1.055,311,2021-08-24 14:10:00,POAI
1.05,1.06,1.05,1.0511,5600,2021-08-24 14:11:00,POAI
1.0595,1.0595,1.0595,1.0595,1563,2021-08-24 14:12:00,POAI
1.0507,1.0507,1.0507,1.0507,2000,2021-08-24 14:13:00,POAI
1.06,1.06,1.0599,1.0599,1045,2021-08-24 14:14:00,POAI
1.06,1.06,1.06,1.06,100,2021-08-24 14:15:00,POAI
1.06,1.06,1.0517,1.0517,800,2021-08-24 14:16:00,POAI
1.06,1.06,1.06,1.06,200,2021-08-24 14:18:00,POAI
1.0517,1.06,1.0517,1.06,201,2021-08-24 14:19:00,POAI
1.0599,1.0599,1.05,1.05,300,2021-08-24 14:21:00,POAI
1.055,1.055,1.045,1.05,31893,2021-08-24 14:22:00,POAI
1.05,1.05,1.05,1.05,200,2021-08-24 14:23:00,POAI
1.049,1.049,1.0488,1.0488,400,2021-08-24 14:24:00,POAI
1.0499,1.0499,1.0499,1.0499,150,2021-08-24 14:25:00,POAI
1.05,1.05,1.045,1.05,1060,2021-08-24 14:26:00,POAI
1.05,1.055,1.05,1.055,200,2021-08-24 14:27:00,POAI
1.055,1.055,1.05,1.05,480,2021-08-24 14:28:00,POAI
1.055,1.055,1.0501,1.055,800,2021-08-24 14:29:00,POAI
1.055,1.055,1.055,1.055,100,2021-08-24 14:31:00,POAI
1.055,1.055,1.055,1.055,100,2021-08-24 14:32:00,POAI
1.06,1.06,1.06,1.06,100,2021-08-24 14:33:00,POAI
1.055,1.06,1.055,1.0599,2600,2021-08-24 14:35:00,POAI
1.0599,1.06,1.0599,1.06,2100,2021-08-24 14:36:00,POAI
1.06,1.06,1.055,1.055,437,2021-08-24 14:37:00,POAI
1.0535,1.0588,1.0535,1.0588,1198,2021-08-24 14:41:00,POAI
1.0505,1.0505,1.0505,1.0505,1871,2021-08-24 14:48:00,POAI
1.0511,1.0511,1.0511,1.0511,200,2021-08-24 14:49:00,POAI
1.055,1.06,1.055,1.055,300,2021-08-24 14:50:00,POAI
1.055,1.055,1.055,1.055,300,2021-08-24 14:54:00,POAI
1.0585,1.06,1.0509,1.06,400,2021-08-24 14:55:00,POAI
1.06,1.06,1.06,1.06,567,2021-08-24 14:56:00,POAI
1.0515,1.055,1.0515,1.055,333,2021-08-24 14:57:00,POAI
1.06,1.06,1.06,1.06,100,2021-08-24 14:58:00,POAI
1.0506,1.055,1.0506,1.0512,2281,2021-08-24 14:59:00,POAI
1.055,1.055,1.055,1.055,100,2021-08-24 15:00:00,POAI
1.055,1.055,1.055,1.055,100,2021-08-24 15:03:00,POAI
1.055,1.055,1.055,1.055,100,2021-08-24 15:04:00,POAI
1.055,1.055,1.055,1.055,100,2021-08-24 15:06:00,POAI
1.0513,1.055,1.0513,1.055,241,2021-08-24 15:07:00,POAI
1.055,1.055,1.055,1.055,100,2021-08-24 15:09:00,POAI
1.0536,1.0599,1.0501,1.0599,460,2021-08-24 15:10:00,POAI
1.0599,1.0599,1.0599,1.0599,700,2021-08-24 15:12:00,POAI
1.0565,1.06,1.0565,1.06,870,2021-08-24 15:15:00,POAI
1.0511,1.0592,1.05,1.05,5921,2021-08-24 15:16:00,POAI
1.0509,1.0509,1.0509,1.0509,190,2021-08-24 15:17:00,POAI
1.05,1.055,1.05,1.055,18439,2021-08-24 15:18:00,POAI
1.05,1.05,1.05,1.05,200,2021-08-24 15:20:00,POAI
1.05,1.05,1.05,1.05,574,2021-08-24 15:21:00,POAI
1.0501,1.0501,1.0501,1.0501,500,2021-08-24 15:22:00,POAI
1.05,1.05,1.05,1.05,114,2021-08-24 15:23:00,POAI
1.055,1.055,1.05,1.05,550,2021-08-24 15:24:00,POAI
1.05,1.05,1.05,1.05,200,2021-08-24 15:27:00,POAI
1.055,1.055,1.05,1.05,600,2021-08-24 15:28:00,POAI
1.055,1.055,1.05,1.05,850,2021-08-24 15:30:00,POAI
1.055,1.055,1.055,1.055,100,2021-08-24 15:31:00,POAI
1.05,1.05,1.05,1.05,100,2021-08-24 15:32:00,POAI
1.055,1.055,1.055,1.055,100,2021-08-24 15:35:00,POAI
1.0582,1.0582,1.0582,1.0582,182,2021-08-24 15:36:00,POAI
1.055,1.055,1.055,1.055,100,2021-08-24 15:37:00,POAI
1.0513,1.055,1.0513,1.055,300,2021-08-24 15:40:00,POAI
1.0599,1.0599,1.0599,1.0599,285,2021-08-24 15:42:00,POAI
1.0514,1.0514,1.05,1.05,587,2021-08-24 15:43:00,POAI
1.055,1.055,1.055,1.055,100,2021-08-24 15:44:00,POAI
1.0505,1.0505,1.0505,1.0505,4700,2021-08-24 15:45:00,POAI
1.0507,1.0507,1.0507,1.0507,3000,2021-08-24 15:48:00,POAI
1.0582,1.06,1.0582,1.06,8119,2021-08-24 15:51:00,POAI
1.055,1.055,1.05,1.05,410,2021-08-24 15:52:00,POAI
1.0521,1.055,1.0521,1.055,340,2021-08-24 15:53:00,POAI
1.05,1.055,1.05,1.05,10750,2021-08-24 15:54:00,POAI
1.045,1.045,1.045,1.045,200,2021-08-24 15:55:00,POAI
1.0491,1.0491,1.0491,1.0491,105,2021-08-24 15:57:00,POAI
1.0413,1.0413,1.0413,1.0413,500,2021-08-24 15:58:00,POAI
1.05,1.05,1.05,1.05,100,2021-08-24 16:00:00,POAI
1.05,1.05,1.04,1.04,1100,2021-08-24 16:01:00,POAI
1.051,1.051,1.051,1.051,120,2021-08-24 16:05:00,POAI
1.05,1.05,1.05,1.05,4760,2021-08-24 16:06:00,POAI
1.0531,1.0531,1.0531,1.0531,4760,2021-08-24 16:07:00,POAI
1.055,1.055,1.055,1.055,100,2021-08-24 16:08:00,POAI
1.055,1.055,1.05,1.05,13800,2021-08-24 16:09:00,POAI
1.05,1.05,1.05,1.05,100,2021-08-24 16:10:00,POAI
1.055,1.0576,1.055,1.0576,6100,2021-08-24 16:11:00,POAI
1.0579,1.0579,1.055,1.055,300,2021-08-24 16:12:00,POAI
1.0584,1.0584,1.0584,1.0584,200,2021-08-24 16:14:00,POAI
1.05,1.05,1.05,1.05,800,2021-08-24 16:15:00,POAI
1.06,1.06,1.0574,1.06,343,2021-08-24 16:17:00,POAI
1.055,1.055,1.055,1.055,100,2021-08-24 16:18:00,POAI
1.055,1.055,1.055,1.055,100,2021-08-24 16:19:00,POAI
1.055,1.055,1.055,1.055,100,2021-08-24 16:20:00,POAI
1.05,1.055,1.05,1.055,250,2021-08-24 16:21:00,POAI
1.055,1.055,1.055,1.055,1400,2021-08-24 16:22:00,POAI
1.055,1.0599,1.055,1.0599,2100,2021-08-24 16:24:00,POAI
1.0511,1.06,1.0511,1.06,306,2021-08-24 16:25:00,POAI
1.05,1.06,1.05,1.06,3647,2021-08-24 16:26:00,POAI
1.055,1.055,1.055,1.055,500,2021-08-24 16:27:00,POAI
1.06,1.06,1.051,1.051,615,2021-08-24 16:28:00,POAI
1.06,1.06,1.06,1.06,100,2021-08-24 16:30:00,POAI
1.06,1.06,1.06,1.06,100,2021-08-24 16:31:00,POAI
1.0599,1.0599,1.0599,1.0599,15000,2021-08-24 16:32:00,POAI
1.055,1.06,1.055,1.06,200,2021-08-24 16:33:00,POAI
1.06,1.06,1.06,1.06,7158,2021-08-24 16:35:00,POAI
1.06,1.06,1.06,1.06,100,2021-08-24 16:37:00,POAI
1.06,1.0699,1.0587,1.0673,6732,2021-08-24 16:39:00,POAI
1.0699,1.07,1.0674,1.0699,2700,2021-08-24 16:40:00,POAI
1.0674,1.07,1.065,1.0674,3600,2021-08-24 16:41:00,POAI
1.0699,1.07,1.06,1.06,18050,2021-08-24 16:42:00,POAI
1.07,1.07,1.07,1.07,100,2021-08-24 16:43:00,POAI
1.07,1.07,1.07,1.07,100,2021-08-24 16:44:00,POAI
1.07,1.07,1.065,1.0699,900,2021-08-24 16:45:00,POAI
1.07,1.07,1.065,1.065,1335,2021-08-24 16:46:00,POAI
1.07,1.07,1.07,1.07,250,2021-08-24 16:47:00,POAI
1.0699,1.07,1.0699,1.07,600,2021-08-24 16:48:00,POAI
1.07,1.07,1.07,1.07,100,2021-08-24 16:49:00,POAI
1.07,1.07,1.06,1.07,575,2021-08-24 16:50:00,POAI
1.07,1.07,1.0699,1.0699,2100,2021-08-24 16:51:00,POAI
1.0684,1.07,1.0684,1.07,1022,2021-08-24 16:52:00,POAI
1.07,1.07,1.0606,1.0606,5732,2021-08-24 16:53:00,POAI
1.07,1.07,1.07,1.07,200,2021-08-24 16:54:00,POAI
1.07,1.07,1.07,1.07,100,2021-08-24 16:55:00,POAI
1.07,1.07,1.07,1.07,100,2021-08-24 16:56:00,POAI
1.07,1.07,1.07,1.07,100,2021-08-24 16:57:00,POAI
1.07,1.07,1.0612,1.0612,1453,2021-08-24 16:58:00,POAI
1.065,1.07,1.065,1.07,200,2021-08-24 16:59:00,POAI
1.07,1.07,1.07,1.07,100,2021-08-24 17:00:00,POAI
1.07,1.07,1.0699,1.0699,20100,2021-08-24 17:01:00,POAI
1.07,1.07,1.07,1.07,100,2021-08-24 17:02:00,POAI
1.07,1.07,1.07,1.07,100,2021-08-24 17:03:00,POAI
1.07,1.07,1.07,1.07,100,2021-08-24 17:04:00,POAI
1.07,1.07,1.07,1.07,100,2021-08-24 17:05:00,POAI
1.07,1.07,1.07,1.07,100,2021-08-24 17:06:00,POAI
1.07,1.07,1.07,1.07,100,2021-08-24 17:07:00,POAI
1.0605,1.07,1.0605,1.07,12300,2021-08-24 17:08:00,POAI
1.065,1.065,1.06,1.065,873,2021-08-24 17:09:00,POAI
1.07,1.07,1.07,1.07,100,2021-08-24 17:10:00,POAI
1.07,1.08,1.07,1.075,12110,2021-08-24 17:11:00,POAI
1.0713,1.075,1.07,1.075,11200,2021-08-24 17:12:00,POAI
1.075,1.075,1.075,1.075,100,2021-08-24 17:13:00,POAI
1.08,1.08,1.08,1.08,100,2021-08-24 17:14:00,POAI
1.08,1.08,1.07,1.07,19340,2021-08-24 17:15:00,POAI
1.0754,1.08,1.0754,1.08,1475,2021-08-24 17:16:00,POAI
1.08,1.08,1.08,1.08,150,2021-08-24 17:17:00,POAI
1.075,1.075,1.0701,1.075,20720,2021-08-24 17:19:00,POAI
1.08,1.08,1.0701,1.0701,3882,2021-08-24 17:20:00,POAI
1.075,1.075,1.072,1.072,1570,2021-08-24 17:21:00,POAI
1.08,1.08,1.08,1.08,2990,2021-08-24 17:23:00,POAI
1.075,1.08,1.07,1.08,500,2021-08-24 17:24:00,POAI
1.08,1.08,1.07,1.08,2200,2021-08-24 17:25:00,POAI
1.08,1.09,1.079,1.09,38851,2021-08-24 17:26:00,POAI
1.09,1.09,1.0801,1.0899,13035,2021-08-24 17:27:00,POAI
1.09,1.09,1.0806,1.09,19255,2021-08-24 17:28:00,POAI
1.0803,1.09,1.0803,1.085,14703,2021-08-24 17:29:00,POAI
1.09,1.0992,1.09,1.095,28995,2021-08-24 17:30:00,POAI
1.0907,1.095,1.0901,1.0901,2550,2021-08-24 17:31:00,POAI
1.095,1.095,1.09,1.095,5500,2021-08-24 17:32:00,POAI
1.095,1.0979,1.09,1.0923,2500,2021-08-24 17:33:00,POAI
1.091,1.095,1.09,1.09,24479,2021-08-24 17:34:00,POAI
1.09,1.09,1.08,1.0806,20261,2021-08-24 17:35:00,POAI
1.08,1.0802,1.07,1.0701,29106,2021-08-24 17:36:00,POAI
1.08,1.085,1.08,1.0809,7344,2021-08-24 17:37:00,POAI
1.0801,1.0809,1.0801,1.0807,6200,2021-08-24 17:38:00,POAI
1.085,1.0882,1.0801,1.0882,1666,2021-08-24 17:39:00,POAI
1.0801,1.085,1.08,1.0801,3200,2021-08-24 17:40:00,POAI
1.085,1.085,1.08,1.08,7531,2021-08-24 17:41:00,POAI
1.0799,1.0799,1.0765,1.0799,900,2021-08-24 17:43:00,POAI
1.0799,1.08,1.0712,1.0795,6156,2021-08-24 17:44:00,POAI
1.0799,1.0799,1.075,1.0757,2700,2021-08-24 17:45:00,POAI
1.0799,1.0899,1.0714,1.0899,8691,2021-08-24 17:46:00,POAI
1.085,1.0899,1.08,1.0899,3950,2021-08-24 17:47:00,POAI
1.0899,1.0899,1.083,1.0876,2800,2021-08-24 17:48:00,POAI
1.0899,1.09,1.0837,1.0899,13900,2021-08-24 17:49:00,POAI
1.0899,1.0899,1.085,1.0899,2800,2021-08-24 17:50:00,POAI
1.0874,1.0899,1.0874,1.0899,2600,2021-08-24 17:51:00,POAI
1.0874,1.09,1.085,1.0876,2600,2021-08-24 17:52:00,POAI
1.0899,1.0899,1.0807,1.089,6020,2021-08-24 17:53:00,POAI
1.0899,1.1,1.085,1.0999,17849,2021-08-24 17:54:00,POAI
1.095,1.1,1.0902,1.1,7076,2021-08-24 17:55:00,POAI
1.0999,1.1,1.095,1.0999,2600,2021-08-24 17:56:00,POAI
1.09,1.0975,1.09,1.0975,12906,2021-08-24 17:58:00,POAI
1.0999,1.0999,1.0999,1.0999,1000,2021-08-24 18:01:00,POAI
1.09,1.1,1.09,1.1,12500,2021-08-24 18:02:00,POAI
1.0975,1.0975,1.095,1.095,382,2021-08-24 18:04:00,POAI
1.09,1.09,1.09,1.09,2500,2021-08-24 18:05:00,POAI
1.09,1.09,1.09,1.09,100,2021-08-24 18:06:00,POAI
1.0913,1.0915,1.0913,1.0915,472,2021-08-24 18:07:00,POAI
1.0901,1.0901,1.0901,1.0901,2001,2021-08-24 18:08:00,POAI
1.09,1.095,1.09,1.09,15499,2021-08-24 18:09:00,POAI
1.0901,1.0901,1.0901,1.0901,500,2021-08-24 18:10:00,POAI
1.097,1.097,1.097,1.097,150,2021-08-24 18:12:00,POAI
1.1,1.1,1.1,1.1,100,2021-08-24 18:14:00,POAI
1.09,1.0905,1.09,1.0905,2600,2021-08-24 18:16:00,POAI
1.095,1.097,1.09,1.097,6304,2021-08-24 18:17:00,POAI
1.0991,1.0991,1.095,1.0977,10600,2021-08-24 18:18:00,POAI
1.0971,1.0971,1.0971,1.0971,100,2021-08-24 18:19:00,POAI
1.1,1.1,1.09,1.09,10400,2021-08-24 18:20:00,POAI
1.095,1.095,1.092,1.092,7288,2021-08-24 18:21:00,POAI
1.0999,1.0999,1.0999,1.0999,100,2021-08-24 18:22:00,POAI
1.0972,1.0972,1.0972,1.0972,220,2021-08-24 18:23:00,POAI
1.09,1.095,1.09,1.095,3700,2021-08-24 18:25:00,POAI
1.0909,1.095,1.0909,1.095,488,2021-08-24 18:26:00,POAI
1.1,1.1,1.095,1.095,2840,2021-08-24 18:27:00,POAI
1.095,1.0977,1.095,1.095,500,2021-08-24 18:28:00,POAI
1.095,1.095,1.095,1.095,200,2021-08-24 18:29:00,POAI
1.095,1.095,1.095,1.095,200,2021-08-24 18:30:00,POAI
1.095,1.1,1.095,1.1,200,2021-08-24 18:31:00,POAI
1.1,1.1,1.1,1.1,100,2021-08-24 18:32:00,POAI
1.1,1.1,1.0912,1.1,300,2021-08-24 18:33:00,POAI
1.1,1.1,1.09,1.09,14809,2021-08-24 18:34:00,POAI
1.1,1.1,1.0901,1.1,1200,2021-08-24 18:35:00,POAI
1.1,1.1,1.1,1.1,100,2021-08-24 18:36:00,POAI
1.1,1.1,1.1,1.1,100,2021-08-24 18:37:00,POAI
1.1,1.1,1.1,1.1,100,2021-08-24 18:38:00,POAI
1.1,1.1,1.1,1.1,100,2021-08-24 18:39:00,POAI
1.1,1.1,1.091,1.091,1327,2021-08-24 18:40:00,POAI
1.095,1.095,1.095,1.095,100,2021-08-24 18:41:00,POAI
1.1,1.1,1.1,1.1,100,2021-08-24 18:42:00,POAI
1.095,1.095,1.09,1.095,1750,2021-08-24 18:43:00,POAI
1.095,1.095,1.095,1.095,100,2021-08-24 18:44:00,POAI
1.1,1.1,1.09,1.09,200,2021-08-24 18:45:00,POAI
1.09,1.095,1.09,1.095,1370,2021-08-24 18:46:00,POAI
1.095,1.095,1.095,1.095,100,2021-08-24 18:47:00,POAI
1.095,1.095,1.095,1.095,100,2021-08-24 18:48:00,POAI
1.0977,1.1,1.0977,1.1,500,2021-08-24 18:49:00,POAI
1.09,1.095,1.085,1.085,32900,2021-08-24 18:50:00,POAI
1.08,1.088,1.08,1.08,8726,2021-08-24 18:51:00,POAI
1.09,1.095,1.09,1.09,25729,2021-08-24 18:52:00,POAI
1.1,1.1,1.1,1.1,1000,2021-08-24 18:53:00,POAI
1.09,1.0905,1.09,1.09,5200,2021-08-24 18:54:00,POAI
1.09,1.09,1.06,1.0799,17720,2021-08-24 18:55:00,POAI
1.0799,1.0899,1.075,1.0895,8770,2021-08-24 18:56:00,POAI
1.0899,1.0899,1.0801,1.0891,3400,2021-08-24 18:57:00,POAI
1.0899,1.0999,1.0899,1.095,7347,2021-08-24 18:58:00,POAI
1.0999,1.1,1.09,1.095,3648,2021-08-24 18:59:00,POAI
1.0999,1.0999,1.09,1.0901,3300,2021-08-24 19:00:00,POAI
1.095,1.095,1.0901,1.0901,1300,2021-08-24 19:01:00,POAI
1.1,1.1,1.1,1.1,182,2021-08-24 19:02:00,POAI
1.09,1.09,1.09,1.09,100,2021-08-24 19:03:00,POAI
1.0909,1.095,1.081,1.0886,11450,2021-08-24 19:04:00,POAI
1.0899,1.1,1.0837,1.0999,5000,2021-08-24 19:05:00,POAI
1.0999,1.0999,1.0911,1.0999,3600,2021-08-24 19:06:00,POAI
1.0977,1.1,1.095,1.0999,5112,2021-08-24 19:07:00,POAI
1.0999,1.0999,1.0976,1.0976,200,2021-08-24 19:08:00,POAI
1.09,1.0903,1.09,1.0903,20100,2021-08-24 19:09:00,POAI
1.0901,1.0901,1.0901,1.0901,2500,2021-08-24 19:11:00,POAI
1.0901,1.0975,1.0801,1.0801,55691,2021-08-24 19:12:00,POAI
1.085,1.085,1.085,1.085,200,2021-08-24 19:13:00,POAI
1.0892,1.0892,1.0892,1.0892,1000,2021-08-24 19:14:00,POAI
1.0899,1.0899,1.083,1.0899,2700,2021-08-24 19:15:00,POAI
1.0899,1.0899,1.0818,1.0891,7500,2021-08-24 19:16:00,POAI
1.0899,1.09,1.085,1.0899,5400,2021-08-24 19:17:00,POAI
1.0899,1.09,1.085,1.0891,2100,2021-08-24 19:18:00,POAI
1.0899,1.0899,1.089,1.0899,2200,2021-08-24 19:19:00,POAI
1.0899,1.0899,1.08,1.0899,12687,2021-08-24 19:20:00,POAI
1.0899,1.0899,1.089,1.089,2400,2021-08-24 19:21:00,POAI
1.0899,1.0899,1.0864,1.0899,2650,2021-08-24 19:22:00,POAI
1.089,1.09,1.085,1.0899,3700,2021-08-24 19:23:00,POAI
1.0899,1.09,1.089,1.0899,2800,2021-08-24 19:24:00,POAI
1.09,1.09,1.0891,1.0899,2700,2021-08-24 19:25:00,POAI
1.09,1.09,1.089,1.0899,4100,2021-08-24 19:26:00,POAI
1.0891,1.09,1.0891,1.0896,2400,2021-08-24 19:27:00,POAI
1.0899,1.09,1.085,1.0882,2200,2021-08-24 19:28:00,POAI
1.0899,1.09,1.0805,1.0899,5700,2021-08-24 19:29:00,POAI
1.085,1.09,1.085,1.089,10205,2021-08-24 19:30:00,POAI
1.0899,1.09,1.08,1.09,6821,2021-08-24 19:31:00,POAI
1.0887,1.09,1.086,1.0899,1700,2021-08-24 19:32:00,POAI
1.09,1.09,1.09,1.09,300,2021-08-24 19:33:00,POAI
1.09,1.09,1.0887,1.0887,1500,2021-08-24 19:34:00,POAI
1.09,1.09,1.0887,1.09,2500,2021-08-24 19:35:00,POAI
1.09,1.09,1.09,1.09,3923,2021-08-24 19:36:00,POAI
1.1,1.1,1.0917,1.1,2500,2021-08-24 19:37:00,POAI
1.1,1.1,1.0908,1.095,3973,2021-08-24 19:38:00,POAI
1.1,1.1,1.095,1.1,300,2021-08-24 19:39:00,POAI
1.1,1.1,1.1,1.1,200,2021-08-24 19:40:00,POAI
1.1,1.1,1.1,1.1,200,2021-08-24 19:41:00,POAI
1.1,1.1,1.09,1.1,17867,2021-08-24 19:42:00,POAI
1.095,1.1,1.095,1.1,56756,2021-08-24 19:43:00,POAI
1.1,1.11,1.1,1.11,44008,2021-08-24 19:44:00,POAI
1.11,1.11,1.105,1.105,800,2021-08-24 19:45:00,POAI
1.11,1.11,1.11,1.11,300,2021-08-24 19:46:00,POAI
1.11,1.11,1.11,1.11,1000,2021-08-24 19:47:00,POAI
1.11,1.11,1.1023,1.11,1500,2021-08-24 19:48:00,POAI
1.11,1.11,1.105,1.11,980,2021-08-24 19:49:00,POAI
1.1075,1.11,1.105,1.105,1500,2021-08-24 19:50:00,POAI
1.105,1.105,1.1001,1.1001,1500,2021-08-24 19:51:00,POAI
1.1085,1.1085,1.102,1.102,2830,2021-08-24 19:52:00,POAI
1.105,1.105,1.1001,1.1001,1164,2021-08-24 19:53:00,POAI
1.105,1.11,1.1,1.105,9142,2021-08-24 19:54:00,POAI
1.105,1.105,1.1,1.1,2455,2021-08-24 19:55:00,POAI
1.105,1.105,1.1,1.105,2940,2021-08-24 19:56:00,POAI
1.105,1.11,1.1001,1.105,8500,2021-08-24 19:57:00,POAI
1.11,1.11,1.1,1.1,1800,2021-08-24 19:58:00,POAI
1.1001,1.11,1.1,1.105,25588,2021-08-24 19:59:00,POAI
1.11,1.11,1.11,1.11,4405,2021-08-24 20:00:00,POAI
1.1,1.1,1.1,1.1,400,2021-08-24 20:04:00,POAI
1.1,1.11,1.1,1.11,917,2021-08-24 20:16:00,POAI
1.1,1.1,1.1,1.1,200,2021-08-24 20:26:00,POAI
1.1,1.1,1.1,1.1,100,2021-08-24 20:39:00,POAI
1.1,1.1,1.1,1.1,457,2021-08-24 20:49:00,POAI
1.09,1.09,1.09,1.09,100,2021-08-24 21:13:00,POAI
1.1,1.1,1.1,1.1,728,2021-08-24 21:17:00,POAI
1.1,1.1,1.1,1.1,131,2021-08-24 21:24:00,POAI
1.09,1.09,1.09,1.09,500,2021-08-24 21:29:00,POAI
1.09,1.09,1.09,1.09,700,2021-08-24 21:42:00,POAI
1.1,1.1,1.1,1.1,1000,2021-08-24 21:47:00,POAI
1.08,1.08,1.08,1.08,200,2021-08-24 21:58:00,POAI
1.1,1.11,1.1,1.11,1745,2021-08-24 22:16:00,POAI
1.1,1.11,1.1,1.11,3440,2021-08-24 22:48:00,POAI
1.11,1.11,1.11,1.11,693,2021-08-24 23:21:00,POAI
1.12,1.12,1.12,1.12,420,2021-08-24 23:54:00,POAI
1.12,1.12,1.12,1.12,580,2021-08-24 23:59:00,POAI
1.11,1.11,1.11,1.11,100,2021-08-25 08:33:00,POAI
1.12,1.12,1.12,1.12,100,2021-08-25 08:38:00,POAI
1.12,1.12,1.12,1.12,500,2021-08-25 09:15:00,POAI
1.11,1.11,1.11,1.11,173,2021-08-25 09:52:00,POAI
1.12,1.13,1.12,1.13,1400,2021-08-25 11:41:00,POAI
1.13,1.13,1.13,1.13,100,2021-08-25 11:46:00,POAI
1.12,1.12,1.12,1.12,100,2021-08-25 12:03:00,POAI
1.12,1.12,1.12,1.12,350,2021-08-25 12:06:00,POAI
1.12,1.12,1.12,1.12,200,2021-08-25 12:07:00,POAI
1.07,1.07,1.07,1.07,100,2021-08-25 12:12:00,POAI
1.11,1.11,1.11,1.11,864,2021-08-25 12:23:00,POAI
1.11,1.11,1.11,1.11,10691,2021-08-25 12:33:00,POAI
1.11,1.11,1.11,1.11,400,2021-08-25 12:42:00,POAI
1.11,1.11,1.11,1.11,500,2021-08-25 12:47:00,POAI
1.1,1.1001,1.08,1.08,8660,2021-08-25 12:58:00,POAI
1.08,1.0801,1.08,1.08,14000,2021-08-25 12:59:00,POAI
1.1,1.1,1.1,1.1,100,2021-08-25 13:11:00,POAI
1.0869,1.0869,1.08,1.08,450,2021-08-25 13:13:00,POAI
1.0912,1.0912,1.09,1.09,825,2021-08-25 13:18:00,POAI
1.0817,1.0817,1.0817,1.0817,1000,2021-08-25 13:19:00,POAI
1.08,1.08,1.08,1.08,200,2021-08-25 13:24:00,POAI
1.0876,1.11,1.0876,1.1069,7339,2021-08-25 13:30:00,POAI
1.0937,1.11,1.0876,1.0876,6283,2021-08-25 13:31:00,POAI
1.09,1.09,1.0601,1.0685,24039,2021-08-25 13:32:00,POAI
1.065,1.0686,1.0613,1.065,3078,2021-08-25 13:33:00,POAI
1.07,1.075,1.07,1.075,1100,2021-08-25 13:34:00,POAI
1.08,1.08,1.08,1.08,100,2021-08-25 13:35:00,POAI
1.071,1.075,1.071,1.075,600,2021-08-25 13:38:00,POAI
1.0799,1.08,1.0722,1.08,4383,2021-08-25 13:39:00,POAI
1.08,1.08,1.08,1.08,140,2021-08-25 13:40:00,POAI
1.08,1.08,1.08,1.08,600,2021-08-25 13:41:00,POAI
1.085,1.0894,1.085,1.0894,2009,2021-08-25 13:43:00,POAI
1.0881,1.09,1.0881,1.09,300,2021-08-25 13:44:00,POAI
1.0806,1.085,1.0806,1.085,300,2021-08-25 13:46:00,POAI
1.08,1.08,1.08,1.08,150,2021-08-25 13:47:00,POAI
1.085,1.085,1.085,1.085,100,2021-08-25 13:48:00,POAI
1.09,1.09,1.09,1.09,100,2021-08-25 13:49:00,POAI
1.09,1.09,1.09,1.09,100,2021-08-25 13:50:00,POAI
1.085,1.085,1.08,1.08,2500,2021-08-25 13:51:00,POAI
1.0855,1.0855,1.0855,1.0855,230,2021-08-25 13:54:00,POAI
1.0806,1.0806,1.0806,1.0806,1871,2021-08-25 13:57:00,POAI
1.0892,1.0892,1.0892,1.0892,5000,2021-08-25 13:58:00,POAI
1.0811,1.0811,1.0811,1.0811,500,2021-08-25 14:00:00,POAI
1.09,1.09,1.0866,1.0882,3200,2021-08-25 14:02:00,POAI
1.0882,1.0882,1.0806,1.0806,316,2021-08-25 14:04:00,POAI
1.085,1.0899,1.085,1.0899,1100,2021-08-25 14:05:00,POAI
1.085,1.085,1.085,1.085,100,2021-08-25 14:06:00,POAI
1.08,1.085,1.08,1.085,287,2021-08-25 14:09:00,POAI
1.084,1.084,1.084,1.084,400,2021-08-25 14:11:00,POAI
1.085,1.085,1.085,1.085,1300,2021-08-25 14:14:00,POAI
1.09,1.09,1.09,1.09,250,2021-08-25 14:15:00,POAI
1.0882,1.0882,1.0882,1.0882,100,2021-08-25 14:17:00,POAI
1.0806,1.0806,1.0806,1.0806,150,2021-08-25 14:18:00,POAI
1.0816,1.0816,1.0816,1.0816,276,2021-08-25 14:19:00,POAI
1.085,1.085,1.085,1.085,1100,2021-08-25 14:21:00,POAI
1.085,1.0856,1.0817,1.0817,1400,2021-08-25 14:22:00,POAI
1.085,1.085,1.085,1.085,100,2021-08-25 14:23:00,POAI
1.0899,1.0899,1.0899,1.0899,1000,2021-08-25 14:24:00,POAI
1.09,1.09,1.09,1.09,500,2021-08-25 14:25:00,POAI
1.085,1.085,1.085,1.085,100,2021-08-25 14:28:00,POAI
1.0801,1.085,1.0801,1.085,400,2021-08-25 14:29:00,POAI
1.085,1.085,1.085,1.085,100,2021-08-25 14:30:00,POAI
1.0882,1.09,1.085,1.085,2000,2021-08-25 14:31:00,POAI
1.0801,1.085,1.0801,1.085,982,2021-08-25 14:32:00,POAI
1.085,1.085,1.0804,1.0804,4100,2021-08-25 14:33:00,POAI
1.09,1.09,1.085,1.085,600,2021-08-25 14:34:00,POAI
1.0846,1.085,1.0845,1.085,403,2021-08-25 14:36:00,POAI
1.08,1.08,1.08,1.08,300,2021-08-25 14:37:00,POAI
1.085,1.085,1.085,1.085,100,2021-08-25 14:38:00,POAI
1.085,1.085,1.085,1.085,100,2021-08-25 14:39:00,POAI
1.09,1.09,1.09,1.09,100,2021-08-25 14:40:00,POAI
1.0879,1.0879,1.0879,1.0879,100,2021-08-25 14:42:00,POAI
1.085,1.085,1.085,1.085,100,2021-08-25 14:45:00,POAI
1.085,1.0879,1.085,1.0879,200,2021-08-25 14:47:00,POAI
1.085,1.09,1.08,1.09,2300,2021-08-25 14:51:00,POAI
1.085,1.085,1.085,1.085,100,2021-08-25 14:52:00,POAI
1.0847,1.085,1.0847,1.085,290,2021-08-25 14:58:00,POAI
1.085,1.085,1.085,1.085,100,2021-08-25 15:02:00,POAI
1.09,1.09,1.089,1.089,2043,2021-08-25 15:04:00,POAI
1.09,1.09,1.09,1.09,200,2021-08-25 15:06:00,POAI
1.0813,1.0813,1.0813,1.0813,100,2021-08-25 15:07:00,POAI
1.085,1.085,1.085,1.085,100,2021-08-25 15:09:00,POAI
1.08,1.085,1.08,1.082,3216,2021-08-25 15:11:00,POAI
1.085,1.085,1.085,1.085,100,2021-08-25 15:12:00,POAI
1.085,1.085,1.085,1.085,100,2021-08-25 15:13:00,POAI
1.0801,1.0888,1.0801,1.0888,2064,2021-08-25 15:14:00,POAI
1.0893,1.0893,1.0893,1.0893,100,2021-08-25 15:17:00,POAI
1.085,1.085,1.085,1.085,100,2021-08-25 15:18:00,POAI
1.085,1.085,1.085,1.085,200,2021-08-25 15:19:00,POAI
1.0899,1.0899,1.085,1.085,250,2021-08-25 15:21:00,POAI
1.08,1.08,1.08,1.08,500,2021-08-25 15:23:00,POAI
1.08,1.08,1.08,1.08,200,2021-08-25 15:24:00,POAI
1.08,1.08,1.08,1.08,365,2021-08-25 15:27:00,POAI
1.0819,1.0895,1.0819,1.0895,400,2021-08-25 15:28:00,POAI
1.09,1.09,1.09,1.09,100,2021-08-25 15:29:00,POAI
1.09,1.09,1.09,1.09,1000,2021-08-25 15:31:00,POAI
1.09,1.09,1.09,1.09,100,2021-08-25 15:32:00,POAI
1.08,1.085,1.08,1.085,776,2021-08-25 15:33:00,POAI
1.085,1.085,1.085,1.085,750,2021-08-25 15:34:00,POAI
1.09,1.09,1.0897,1.0897,600,2021-08-25 15:35:00,POAI
1.0811,1.0811,1.0811,1.0811,1213,2021-08-25 15:37:00,POAI
1.08,1.085,1.08,1.085,1059,2021-08-25 15:41:00,POAI
1.085,1.085,1.085,1.085,200,2021-08-25 15:42:00,POAI
1.08,1.09,1.08,1.09,15100,2021-08-25 15:44:00,POAI
1.0839,1.088,1.0839,1.088,575,2021-08-25 15:46:00,POAI
1.09,1.09,1.09,1.09,100,2021-08-25 15:48:00,POAI
1.088,1.088,1.088,1.088,5000,2021-08-25 15:49:00,POAI
1.09,1.09,1.0823,1.0823,284,2021-08-25 15:50:00,POAI
1.09,1.09,1.09,1.09,100,2021-08-25 15:51:00,POAI
1.09,1.09,1.09,1.09,200,2021-08-25 15:52:00,POAI
1.09,1.09,1.09,1.09,500,2021-08-25 15:57:00,POAI
1.0879,1.0879,1.0879,1.0879,100,2021-08-25 15:59:00,POAI
1.0867,1.0867,1.0867,1.0867,500,2021-08-25 16:00:00,POAI
1.08,1.09,1.08,1.09,5100,2021-08-25 16:03:00,POAI
1.0882,1.0882,1.0882,1.0882,300,2021-08-25 16:05:00,POAI
1.09,1.095,1.09,1.095,15091,2021-08-25 16:08:00,POAI
1.0995,1.1,1.0913,1.0913,9662,2021-08-25 16:09:00,POAI
1.0913,1.0913,1.0913,1.0913,281,2021-08-25 16:10:00,POAI
1.0919,1.0919,1.0919,1.0919,100,2021-08-25 16:11:00,POAI
1.09,1.095,1.09,1.09,1500,2021-08-25 16:13:00,POAI
1.095,1.095,1.0903,1.0903,881,2021-08-25 16:14:00,POAI
1.095,1.095,1.095,1.095,100,2021-08-25 16:15:00,POAI
1.0989,1.0989,1.09,1.09,2592,2021-08-25 16:16:00,POAI
1.0907,1.095,1.09,1.09,9444,2021-08-25 16:17:00,POAI
1.09,1.09,1.0873,1.09,5100,2021-08-25 16:18:00,POAI
1.085,1.085,1.085,1.085,100,2021-08-25 16:19:00,POAI
1.0899,1.09,1.0892,1.0892,3100,2021-08-25 16:20:00,POAI
1.0825,1.0825,1.0825,1.0825,300,2021-08-25 16:21:00,POAI
1.09,1.09,1.09,1.09,400,2021-08-25 16:22:00,POAI
1.1,1.1007,1.1,1.1007,4244,2021-08-25 16:23:00,POAI
1.11,1.11,1.11,1.11,317,2021-08-25 16:24:00,POAI
1.11,1.11,1.1006,1.11,2038,2021-08-25 16:25:00,POAI
1.1086,1.1086,1.1086,1.1086,200,2021-08-25 16:26:00,POAI
1.105,1.105,1.1,1.1,19338,2021-08-25 16:27:00,POAI
1.095,1.095,1.095,1.095,950,2021-08-25 16:28:00,POAI
1.095,1.095,1.095,1.095,100,2021-08-25 16:30:00,POAI
1.0901,1.0901,1.0901,1.0901,1400,2021-08-25 16:32:00,POAI
1.0911,1.0911,1.0905,1.0905,7469,2021-08-25 16:36:00,POAI
1.1,1.105,1.1,1.105,900,2021-08-25 16:37:00,POAI
1.11,1.11,1.1007,1.1007,10356,2021-08-25 16:39:00,POAI
1.1,1.105,1.1,1.105,1750,2021-08-25 16:40:00,POAI
1.1099,1.1099,1.105,1.105,5100,2021-08-25 16:41:00,POAI
1.1009,1.1009,1.1009,1.1009,250,2021-08-25 16:43:00,POAI
1.1099,1.1099,1.105,1.105,1200,2021-08-25 16:45:00,POAI
1.105,1.1099,1.105,1.105,300,2021-08-25 16:47:00,POAI
1.105,1.105,1.105,1.105,200,2021-08-25 16:48:00,POAI
1.11,1.11,1.11,1.11,100,2021-08-25 16:49:00,POAI
1.11,1.11,1.1092,1.1092,200,2021-08-25 16:50:00,POAI
1.11,1.11,1.11,1.11,100,2021-08-25 16:51:00,POAI
1.11,1.11,1.11,1.11,100,2021-08-25 16:52:00,POAI
1.11,1.11,1.1093,1.11,1200,2021-08-25 16:53:00,POAI
1.1001,1.11,1.1001,1.11,400,2021-08-25 16:54:00,POAI
1.11,1.11,1.1014,1.1014,273,2021-08-25 16:55:00,POAI
1.105,1.105,1.1,1.1,15155,2021-08-25 16:56:00,POAI
1.1,1.1,1.1,1.1,3755,2021-08-25 16:57:00,POAI
1.1,1.1,1.0923,1.0923,320,2021-08-25 16:58:00,POAI
1.1,1.1,1.0992,1.0992,300,2021-08-25 17:00:00,POAI
1.0923,1.1,1.0923,1.095,1300,2021-08-25 17:01:00,POAI
1.0999,1.1,1.0999,1.1,700,2021-08-25 17:02:00,POAI
1.0999,1.1,1.0999,1.1,200,2021-08-25 17:04:00,POAI
1.1,1.1,1.1,1.1,100,2021-08-25 17:06:00,POAI
1.105,1.105,1.0919,1.0919,19793,2021-08-25 17:12:00,POAI
1.09,1.1,1.09,1.1,500,2021-08-25 17:13:00,POAI
1.1,1.1,1.1,1.1,200,2021-08-25 17:15:00,POAI
1.09,1.09,1.09,1.09,200,2021-08-25 17:16:00,POAI
1.1,1.1,1.1,1.1,300,2021-08-25 17:17:00,POAI
1.095,1.095,1.095,1.095,100,2021-08-25 17:25:00,POAI
1.095,1.095,1.095,1.095,100,2021-08-25 17:27:00,POAI
1.1,1.1,1.09,1.09,42212,2021-08-25 17:28:00,POAI
1.095,1.095,1.095,1.095,100,2021-08-25 17:29:00,POAI
1.095,1.095,1.095,1.095,100,2021-08-25 17:34:00,POAI
1.095,1.095,1.095,1.095,200,2021-08-25 17:35:00,POAI
1.095,1.095,1.09,1.0902,1090,2021-08-25 17:36:00,POAI
1.0962,1.0962,1.0962,1.0962,1000,2021-08-25 17:37:00,POAI
1.095,1.095,1.095,1.095,100,2021-08-25 17:38:00,POAI
1.095,1.095,1.095,1.095,100,2021-08-25 17:39:00,POAI
1.095,1.095,1.095,1.095,100,2021-08-25 17:40:00,POAI
1.095,1.095,1.095,1.095,200,2021-08-25 17:41:00,POAI
1.095,1.095,1.095,1.095,100,2021-08-25 17:42:00,POAI
1.095,1.095,1.095,1.095,100,2021-08-25 17:43:00,POAI
1.095,1.095,1.095,1.095,100,2021-08-25 17:44:00,POAI
1.09,1.095,1.09,1.095,1200,2021-08-25 17:45:00,POAI
1.0999,1.0999,1.0999,1.0999,100,2021-08-25 17:48:00,POAI
1.1,1.1,1.1,1.1,100,2021-08-25 17:50:00,POAI
1.1,1.1,1.1,1.1,100,2021-08-25 17:53:00,POAI
1.1,1.1,1.095,1.095,3900,2021-08-25 17:54:00,POAI
1.1,1.1,1.1,1.1,100,2021-08-25 17:55:00,POAI
1.1,1.1,1.1,1.1,100,2021-08-25 17:57:00,POAI
1.0999,1.0999,1.0998,1.0998,1300,2021-08-25 17:58:00,POAI
1.1,1.1,1.09,1.09,2100,2021-08-25 17:59:00,POAI
1.1,1.1,1.1,1.1,100,2021-08-25 18:01:00,POAI
1.1,1.1,1.1,1.1,400,2021-08-25 18:02:00,POAI
1.1,1.1,1.1,1.1,100,2021-08-25 18:03:00,POAI
1.1,1.1,1.1,1.1,2000,2021-08-25 18:04:00,POAI
1.1,1.1,1.1,1.1,100,2021-08-25 18:05:00,POAI
1.1,1.1,1.1,1.1,200,2021-08-25 18:07:00,POAI
1.1,1.1,1.1,1.1,200,2021-08-25 18:09:00,POAI
1.0901,1.1,1.0901,1.0999,1399,2021-08-25 18:12:00,POAI
1.095,1.1,1.0923,1.0923,1558,2021-08-25 18:13:00,POAI
1.095,1.1,1.095,1.1,400,2021-08-25 18:15:00,POAI
1.0989,1.0989,1.0989,1.0989,100,2021-08-25 18:17:00,POAI
1.1,1.1,1.1,1.1,100,2021-08-25 18:18:00,POAI
1.1,1.1,1.1,1.1,200,2021-08-25 18:19:00,POAI
1.1,1.1,1.1,1.1,100,2021-08-25 18:23:00,POAI
1.0999,1.1,1.0999,1.1,800,2021-08-25 18:27:00,POAI
1.1,1.1,1.1,1.1,100,2021-08-25 18:28:00,POAI
1.0923,1.0923,1.0923,1.0923,100,2021-08-25 18:30:00,POAI
1.1,1.1,1.1,1.1,200,2021-08-25 18:31:00,POAI
1.1,1.1,1.09,1.1,1300,2021-08-25 18:36:00,POAI
1.0999,1.0999,1.0999,1.0999,100,2021-08-25 18:37:00,POAI
1.1,1.1,1.1,1.1,100,2021-08-25 18:38:00,POAI
1.1,1.1,1.1,1.1,1600,2021-08-25 18:40:00,POAI
1.1,1.1,1.1,1.1,100,2021-08-25 18:41:00,POAI
1.1,1.1,1.1,1.1,425,2021-08-25 18:42:00,POAI
1.1,1.1,1.1,1.1,300,2021-08-25 18:44:00,POAI
1.1,1.1,1.1,1.1,100,2021-08-25 18:46:00,POAI
1.1,1.1,1.1,1.1,100,2021-08-25 18:47:00,POAI
1.1,1.1,1.0907,1.0907,15200,2021-08-25 18:49:00,POAI
1.1,1.1,1.1,1.1,400,2021-08-25 18:50:00,POAI
1.1,1.1,1.1,1.1,100,2021-08-25 18:51:00,POAI
1.0999,1.0999,1.0999,1.0999,200,2021-08-25 18:52:00,POAI
1.1,1.1,1.1,1.1,100,2021-08-25 18:53:00,POAI
1.0999,1.1,1.0999,1.1,4845,2021-08-25 18:54:00,POAI
1.1,1.1,1.1,1.1,200,2021-08-25 18:55:00,POAI
1.1,1.1,1.09,1.1,757,2021-08-25 18:56:00,POAI
1.1,1.1,1.1,1.1,100,2021-08-25 18:58:00,POAI
1.1,1.1,1.1,1.1,300,2021-08-25 19:01:00,POAI
1.095,1.095,1.095,1.095,100,2021-08-25 19:04:00,POAI
1.095,1.095,1.095,1.095,100,2021-08-25 19:06:00,POAI
1.095,1.095,1.095,1.095,100,2021-08-25 19:07:00,POAI
1.095,1.095,1.095,1.095,100,2021-08-25 19:11:00,POAI
1.095,1.095,1.095,1.095,100,2021-08-25 19:15:00,POAI
1.1,1.1,1.1,1.1,100,2021-08-25 19:17:00,POAI
1.095,1.095,1.095,1.095,100,2021-08-25 19:21:00,POAI
1.095,1.095,1.0912,1.0912,300,2021-08-25 19:25:00,POAI
1.0949,1.1,1.0949,1.1,5772,2021-08-25 19:26:00,POAI
1.1,1.1,1.1,1.1,220,2021-08-25 19:27:00,POAI
1.1,1.1,1.1,1.1,400,2021-08-25 19:28:00,POAI
1.1,1.1,1.1,1.1,200,2021-08-25 19:29:00,POAI
1.09,1.09,1.09,1.09,491,2021-08-25 19:30:00,POAI
1.095,1.1,1.095,1.1,2300,2021-08-25 19:31:00,POAI
1.1,1.1,1.1,1.1,100,2021-08-25 19:33:00,POAI
1.1,1.1,1.1,1.1,100,2021-08-25 19:34:00,POAI
1.0901,1.1,1.0901,1.1,620,2021-08-25 19:35:00,POAI
1.1,1.1,1.1,1.1,100,2021-08-25 19:36:00,POAI
1.1,1.1,1.1,1.1,185,2021-08-25 19:37:00,POAI
1.1,1.1,1.1,1.1,100,2021-08-25 19:38:00,POAI
1.1,1.1,1.1,1.1,100,2021-08-25 19:39:00,POAI
1.0938,1.11,1.0938,1.11,50490,2021-08-25 19:40:00,POAI
1.1001,1.11,1.1001,1.101,24100,2021-08-25 19:41:00,POAI
1.1001,1.11,1.1001,1.11,825,2021-08-25 19:42:00,POAI
1.11,1.11,1.101,1.11,8400,2021-08-25 19:43:00,POAI
1.11,1.11,1.11,1.11,300,2021-08-25 19:44:00,POAI
1.101,1.11,1.101,1.11,8100,2021-08-25 19:45:00,POAI
1.105,1.105,1.105,1.105,1000,2021-08-25 19:46:00,POAI
1.1025,1.11,1.1,1.11,9600,2021-08-25 19:50:00,POAI
1.1083,1.11,1.1083,1.11,2376,2021-08-25 19:51:00,POAI
1.1,1.1,1.1,1.1,1000,2021-08-25 19:53:00,POAI
1.105,1.1085,1.105,1.1085,2100,2021-08-25 19:54:00,POAI
1.1,1.105,1.1,1.1,1250,2021-08-25 19:55:00,POAI
1.105,1.105,1.095,1.095,51192,2021-08-25 19:56:00,POAI
1.095,1.095,1.095,1.095,300,2021-08-25 19:57:00,POAI
1.099,1.1,1.095,1.0999,35600,2021-08-25 19:58:00,POAI
1.099,1.1,1.095,1.1,26005,2021-08-25 19:59:00,POAI
1.1,1.1,1.1,1.1,2145,2021-08-25 20:00:00,POAI
1.09,1.09,1.09,1.09,275,2021-08-25 20:27:00,POAI
1.09,1.09,1.09,1.09,100,2021-08-25 20:48:00,POAI
1.0857,1.0857,1.0857,1.0857,150,2021-08-25 20:57:00,POAI
1.09,1.09,1.09,1.09,100,2021-08-25 21:55:00,POAI
1.11,1.11,1.1,1.1,1784,2021-08-25 22:21:00,POAI
1.0801,1.0801,1.0801,1.0801,935,2021-08-25 23:48:00,POAI
1.11,1.11,1.11,1.11,100,2021-08-26 08:38:00,POAI
1.12,1.13,1.12,1.13,305,2021-08-26 09:57:00,POAI
1.1,1.1,1.1,1.1,299,2021-08-26 10:54:00,POAI
1.12,1.12,1.12,1.12,100,2021-08-26 12:18:00,POAI
1.11,1.11,1.11,1.11,250,2021-08-26 13:03:00,POAI
1.1,1.1,1.1,1.1,700,2021-08-26 13:19:00,POAI
1.1,1.1,1.1,1.1,400,2021-08-26 13:20:00,POAI
1.11,1.12,1.1,1.1001,15854,2021-08-26 13:30:00,POAI
1.1,1.1,1.08,1.08,10000,2021-08-26 13:31:00,POAI
1.0901,1.1,1.0901,1.0907,2600,2021-08-26 13:32:00,POAI
1.1,1.1,1.09,1.09,6742,2021-08-26 13:33:00,POAI
1.095,1.095,1.095,1.095,100,2021-08-26 13:34:00,POAI
1.095,1.1,1.09,1.1,8101,2021-08-26 13:35:00,POAI
1.11,1.11,1.11,1.11,100,2021-08-26 13:37:00,POAI
1.105,1.11,1.105,1.105,300,2021-08-26 13:38:00,POAI
1.11,1.11,1.1001,1.1001,3100,2021-08-26 13:39:00,POAI
1.1,1.1,1.09,1.09,3968,2021-08-26 13:40:00,POAI
1.1,1.1,1.1,1.1,100,2021-08-26 13:42:00,POAI
1.1,1.1078,1.1,1.1078,5865,2021-08-26 13:43:00,POAI
1.1,1.1,1.1,1.1,400,2021-08-26 13:44:00,POAI
1.1,1.1,1.1,1.1,1300,2021-08-26 13:45:00,POAI
1.11,1.11,1.1052,1.11,301,2021-08-26 13:47:00,POAI
1.11,1.11,1.1001,1.1001,500,2021-08-26 13:48:00,POAI
1.11,1.11,1.1099,1.11,1500,2021-08-26 13:49:00,POAI
1.105,1.105,1.105,1.105,200,2021-08-26 13:50:00,POAI
1.11,1.11,1.11,1.11,200,2021-08-26 13:52:00,POAI
1.11,1.11,1.105,1.11,600,2021-08-26 13:55:00,POAI
1.11,1.11,1.11,1.11,11206,2021-08-26 13:56:00,POAI
1.11,1.11,1.11,1.11,300,2021-08-26 13:57:00,POAI
1.11,1.11,1.11,1.11,300,2021-08-26 13:58:00,POAI
1.1082,1.1082,1.1082,1.1082,181,2021-08-26 13:59:00,POAI
1.11,1.11,1.1099,1.11,400,2021-08-26 14:00:00,POAI
1.1084,1.1084,1.1084,1.1084,1070,2021-08-26 14:02:00,POAI
1.11,1.12,1.1095,1.118,11406,2021-08-26 14:05:00,POAI
1.1199,1.12,1.119,1.12,17200,2021-08-26 14:06:00,POAI
1.12,1.12,1.12,1.12,100,2021-08-26 14:07:00,POAI
1.12,1.12,1.1115,1.1115,649,2021-08-26 14:08:00,POAI
1.115,1.115,1.11,1.11,7565,2021-08-26 14:09:00,POAI
1.1187,1.1187,1.1116,1.1116,4600,2021-08-26 14:10:00,POAI
1.12,1.12,1.1113,1.1113,766,2021-08-26 14:11:00,POAI
1.12,1.12,1.1191,1.12,2250,2021-08-26 14:12:00,POAI
1.12,1.12,1.12,1.12,500,2021-08-26 14:15:00,POAI
1.1194,1.12,1.1194,1.12,10300,2021-08-26 14:16:00,POAI
1.1199,1.1199,1.1199,1.1199,601,2021-08-26 14:17:00,POAI
1.1116,1.12,1.1109,1.12,5169,2021-08-26 14:19:00,POAI
1.115,1.12,1.115,1.12,2276,2021-08-26 14:20:00,POAI
1.115,1.115,1.1116,1.1116,672,2021-08-26 14:21:00,POAI
1.12,1.12,1.12,1.12,100,2021-08-26 14:23:00,POAI
1.12,1.12,1.115,1.115,200,2021-08-26 14:24:00,POAI
1.115,1.115,1.115,1.115,400,2021-08-26 14:25:00,POAI
1.1196,1.1196,1.115,1.115,200,2021-08-26 14:27:00,POAI
1.1111,1.1111,1.1111,1.1111,916,2021-08-26 14:28:00,POAI
1.11,1.11,1.1,1.11,8594,2021-08-26 14:29:00,POAI
1.1081,1.1081,1.1001,1.1001,292,2021-08-26 14:31:00,POAI
1.105,1.105,1.105,1.105,100,2021-08-26 14:32:00,POAI
1.11,1.11,1.1081,1.1081,236,2021-08-26 14:34:00,POAI
1.1084,1.11,1.1084,1.11,340,2021-08-26 14:35:00,POAI
1.11,1.11,1.11,1.11,100,2021-08-26 14:36:00,POAI
1.1013,1.1013,1.1013,1.1013,104,2021-08-26 14:39:00,POAI
1.105,1.105,1.06,1.07,83007,2021-08-26 14:42:00,POAI
1.075,1.075,1.06,1.065,17394,2021-08-26 14:43:00,POAI
1.065,1.08,1.065,1.07,6331,2021-08-26 14:44:00,POAI
1.079,1.0795,1.0735,1.0735,6625,2021-08-26 14:45:00,POAI
1.0789,1.08,1.0789,1.08,4200,2021-08-26 14:46:00,POAI
1.08,1.08,1.08,1.08,462,2021-08-26 14:47:00,POAI
1.075,1.075,1.075,1.075,100,2021-08-26 14:48:00,POAI
1.0707,1.08,1.07,1.07,9400,2021-08-26 14:49:00,POAI
1.07,1.07,1.069,1.069,700,2021-08-26 14:50:00,POAI
1.0694,1.07,1.0684,1.07,2906,2021-08-26 14:51:00,POAI
1.07,1.07,1.06,1.07,2246,2021-08-26 14:52:00,POAI
1.0699,1.07,1.0699,1.0699,9350,2021-08-26 14:53:00,POAI
1.0651,1.0651,1.06,1.06,434,2021-08-26 14:54:00,POAI
1.0698,1.07,1.0601,1.07,2600,2021-08-26 14:55:00,POAI
1.07,1.075,1.0623,1.065,21556,2021-08-26 14:56:00,POAI
1.065,1.07,1.06,1.06,22333,2021-08-26 14:57:00,POAI
1.0699,1.0699,1.0699,1.0699,1250,2021-08-26 14:58:00,POAI
1.07,1.07,1.0699,1.0699,3770,2021-08-26 14:59:00,POAI
1.07,1.07,1.0699,1.0699,1400,2021-08-26 15:00:00,POAI
1.07,1.07,1.0699,1.0699,1100,2021-08-26 15:01:00,POAI
1.07,1.07,1.0699,1.0699,750,2021-08-26 15:02:00,POAI
1.07,1.07,1.07,1.07,100,2021-08-26 15:05:00,POAI
1.0612,1.07,1.0612,1.07,6202,2021-08-26 15:06:00,POAI
1.069,1.069,1.069,1.069,100,2021-08-26 15:07:00,POAI
1.07,1.07,1.065,1.065,746,2021-08-26 15:09:00,POAI
1.07,1.07,1.05,1.05,42521,2021-08-26 15:10:00,POAI
1.0571,1.06,1.0571,1.0597,7650,2021-08-26 15:11:00,POAI
1.0528,1.055,1.0528,1.055,222,2021-08-26 15:12:00,POAI
1.0573,1.06,1.0501,1.0501,955,2021-08-26 15:13:00,POAI
1.0523,1.0523,1.05,1.05,5530,2021-08-26 15:14:00,POAI
1.06,1.06,1.06,1.06,2300,2021-08-26 15:15:00,POAI
1.05,1.06,1.05,1.06,9401,2021-08-26 15:16:00,POAI
1.06,1.06,1.06,1.06,100,2021-08-26 15:17:00,POAI
1.0585,1.0599,1.0585,1.0599,225,2021-08-26 15:18:00,POAI
1.05,1.05,1.05,1.05,300,2021-08-26 15:19:00,POAI
1.0568,1.06,1.0501,1.0501,6560,2021-08-26 15:20:00,POAI
1.055,1.055,1.05,1.055,2200,2021-08-26 15:21:00,POAI
1.055,1.06,1.055,1.06,4928,2021-08-26 15:22:00,POAI
1.06,1.06,1.06,1.06,100,2021-08-26 15:23:00,POAI
1.0575,1.06,1.0575,1.06,3479,2021-08-26 15:24:00,POAI
1.06,1.06,1.06,1.06,480,2021-08-26 15:26:00,POAI
1.0594,1.06,1.0537,1.0537,6700,2021-08-26 15:27:00,POAI
1.06,1.06,1.05,1.06,4517,2021-08-26 15:28:00,POAI
1.06,1.06,1.05,1.06,1140,2021-08-26 15:29:00,POAI
1.06,1.06,1.0599,1.0599,8209,2021-08-26 15:30:00,POAI
1.05,1.06,1.05,1.06,18979,2021-08-26 15:32:00,POAI
1.0599,1.0599,1.0599,1.0599,260,2021-08-26 15:34:00,POAI
1.0501,1.06,1.0501,1.06,2307,2021-08-26 15:35:00,POAI
1.0598,1.06,1.0598,1.06,200,2021-08-26 15:36:00,POAI
1.06,1.06,1.0443,1.0443,63694,2021-08-26 15:37:00,POAI
1.045,1.049,1.0418,1.049,1300,2021-08-26 15:38:00,POAI
1.04,1.05,1.04,1.05,3441,2021-08-26 15:39:00,POAI
1.0495,1.0495,1.0495,1.0495,1000,2021-08-26 15:40:00,POAI
1.0495,1.0495,1.0495,1.0495,100,2021-08-26 15:41:00,POAI
1.04,1.045,1.04,1.045,3100,2021-08-26 15:42:00,POAI
1.045,1.05,1.045,1.05,200,2021-08-26 15:43:00,POAI
1.0499,1.0499,1.0425,1.045,615,2021-08-26 15:44:00,POAI
1.05,1.05,1.05,1.05,3717,2021-08-26 15:45:00,POAI
1.05,1.06,1.05,1.06,9707,2021-08-26 15:46:00,POAI
1.06,1.07,1.06,1.068,12000,2021-08-26 15:48:00,POAI
1.0601,1.065,1.0601,1.0615,1400,2021-08-26 15:49:00,POAI
1.0638,1.07,1.0601,1.07,13897,2021-08-26 15:51:00,POAI
1.07,1.07,1.07,1.07,100,2021-08-26 15:53:00,POAI
1.065,1.07,1.065,1.07,200,2021-08-26 15:54:00,POAI
1.0601,1.07,1.0601,1.07,800,2021-08-26 15:56:00,POAI
1.07,1.07,1.07,1.07,238,2021-08-26 15:57:00,POAI
1.065,1.065,1.065,1.065,187,2021-08-26 15:58:00,POAI
1.0699,1.0699,1.0699,1.0699,244,2021-08-26 16:01:00,POAI
1.0601,1.07,1.0601,1.07,5100,2021-08-26 16:09:00,POAI
1.065,1.07,1.06,1.07,66471,2021-08-26 16:11:00,POAI
1.0611,1.065,1.06,1.0602,4200,2021-08-26 16:12:00,POAI
1.0601,1.065,1.06,1.06,3400,2021-08-26 16:13:00,POAI
1.05,1.05,1.05,1.05,1800,2021-08-26 16:20:00,POAI
1.0513,1.0513,1.0513,1.0513,300,2021-08-26 16:24:00,POAI
1.059,1.059,1.059,1.059,200,2021-08-26 16:29:00,POAI
1.0598,1.0598,1.0598,1.0598,189,2021-08-26 16:30:00,POAI
1.05,1.05,1.05,1.05,2550,2021-08-26 16:33:00,POAI
1.0513,1.06,1.05,1.06,1300,2021-08-26 16:34:00,POAI
1.052,1.052,1.052,1.052,1000,2021-08-26 16:35:00,POAI
1.0589,1.06,1.0513,1.06,1629,2021-08-26 16:36:00,POAI
1.0513,1.06,1.0513,1.055,1044,2021-08-26 16:38:00,POAI
1.0501,1.06,1.0501,1.06,1300,2021-08-26 16:39:00,POAI
1.06,1.06,1.0526,1.054,2617,2021-08-26 16:40:00,POAI
1.0526,1.06,1.0522,1.0522,17361,2021-08-26 16:41:00,POAI
1.06,1.06,1.06,1.06,100,2021-08-26 16:43:00,POAI
1.055,1.055,1.055,1.055,1470,2021-08-26 16:47:00,POAI
1.0597,1.0597,1.0521,1.0521,550,2021-08-26 16:50:00,POAI
1.06,1.07,1.0599,1.07,11000,2021-08-26 16:51:00,POAI
1.0615,1.0615,1.0615,1.0615,200,2021-08-26 16:52:00,POAI
1.0643,1.0672,1.0601,1.0672,300,2021-08-26 16:53:00,POAI
1.07,1.07,1.07,1.07,100,2021-08-26 16:59:00,POAI
1.07,1.07,1.07,1.07,100,2021-08-26 17:01:00,POAI
1.07,1.07,1.07,1.07,100,2021-08-26 17:02:00,POAI
1.07,1.07,1.07,1.07,100,2021-08-26 17:03:00,POAI
1.07,1.07,1.07,1.07,200,2021-08-26 17:04:00,POAI
1.07,1.07,1.07,1.07,100,2021-08-26 17:05:00,POAI
1.07,1.07,1.07,1.07,100,2021-08-26 17:06:00,POAI
1.065,1.065,1.065,1.065,239,2021-08-26 17:07:00,POAI
1.07,1.07,1.07,1.07,100,2021-08-26 17:14:00,POAI
1.0611,1.0611,1.061,1.061,1850,2021-08-26 17:15:00,POAI
1.06,1.062,1.06,1.062,500,2021-08-26 17:18:00,POAI
1.0612,1.07,1.06,1.07,4600,2021-08-26 17:23:00,POAI
1.065,1.065,1.065,1.065,100,2021-08-26 17:25:00,POAI
1.06,1.07,1.06,1.06,2900,2021-08-26 17:28:00,POAI
1.065,1.07,1.06,1.06,7400,2021-08-26 17:29:00,POAI
1.06,1.06,1.06,1.06,2000,2021-08-26 17:31:00,POAI
1.07,1.07,1.07,1.07,100,2021-08-26 17:32:00,POAI
1.069,1.07,1.0609,1.0609,7160,2021-08-26 17:35:00,POAI
1.06,1.07,1.06,1.0684,13301,2021-08-26 17:36:00,POAI
1.065,1.065,1.065,1.065,100,2021-08-26 17:38:00,POAI
1.0683,1.07,1.0683,1.07,260,2021-08-26 17:39:00,POAI
1.0615,1.0615,1.0615,1.0615,122,2021-08-26 17:40:00,POAI
1.07,1.07,1.07,1.07,100,2021-08-26 17:41:00,POAI
1.0699,1.0699,1.0699,1.0699,100,2021-08-26 17:46:00,POAI
1.065,1.065,1.0613,1.0613,333,2021-08-26 17:47:00,POAI
1.065,1.065,1.065,1.065,100,2021-08-26 17:48:00,POAI
1.07,1.07,1.065,1.065,200,2021-08-26 17:50:00,POAI
1.061,1.061,1.061,1.061,455,2021-08-26 17:51:00,POAI
1.065,1.065,1.065,1.065,100,2021-08-26 17:55:00,POAI
1.065,1.065,1.0605,1.0605,858,2021-08-26 17:58:00,POAI
1.07,1.07,1.07,1.07,100,2021-08-26 17:59:00,POAI
1.06,1.07,1.06,1.07,13810,2021-08-26 18:00:00,POAI
1.0718,1.08,1.0709,1.08,3900,2021-08-26 18:01:00,POAI
1.07,1.08,1.07,1.08,3600,2021-08-26 18:02:00,POAI
1.07,1.075,1.07,1.075,2100,2021-08-26 18:04:00,POAI
1.075,1.08,1.075,1.0799,677,2021-08-26 18:06:00,POAI
1.08,1.08,1.08,1.08,100,2021-08-26 18:07:00,POAI
1.075,1.08,1.07,1.08,6400,2021-08-26 18:08:00,POAI
1.07,1.08,1.07,1.08,4100,2021-08-26 18:09:00,POAI
1.075,1.075,1.075,1.075,400,2021-08-26 18:10:00,POAI
1.07,1.08,1.07,1.08,1173,2021-08-26 18:11:00,POAI
1.08,1.08,1.08,1.08,1000,2021-08-26 18:15:00,POAI
1.08,1.08,1.0712,1.0712,200,2021-08-26 18:16:00,POAI
1.075,1.075,1.07,1.075,4309,2021-08-26 18:17:00,POAI
1.075,1.075,1.0712,1.075,1000,2021-08-26 18:18:00,POAI
1.075,1.075,1.075,1.075,100,2021-08-26 18:19:00,POAI
1.075,1.08,1.07,1.08,1500,2021-08-26 18:20:00,POAI
1.08,1.08,1.0714,1.0714,550,2021-08-26 18:22:00,POAI
1.075,1.08,1.0714,1.0746,2000,2021-08-26 18:23:00,POAI
1.075,1.08,1.0712,1.0716,2900,2021-08-26 18:24:00,POAI
1.0716,1.08,1.07,1.07,1600,2021-08-26 18:25:00,POAI
1.08,1.09,1.08,1.09,17714,2021-08-26 18:26:00,POAI
1.0808,1.09,1.0808,1.0815,5120,2021-08-26 18:27:00,POAI
1.08,1.085,1.08,1.08,8547,2021-08-26 18:28:00,POAI
1.075,1.075,1.06,1.0709,48115,2021-08-26 18:29:00,POAI
1.075,1.075,1.0712,1.0712,2200,2021-08-26 18:31:00,POAI
1.075,1.075,1.07,1.075,10300,2021-08-26 18:35:00,POAI
1.075,1.08,1.07,1.08,13000,2021-08-26 18:36:00,POAI
1.075,1.075,1.075,1.075,600,2021-08-26 18:37:00,POAI
1.07,1.08,1.07,1.0786,625,2021-08-26 18:38:00,POAI
1.0796,1.0796,1.0796,1.0796,1050,2021-08-26 18:39:00,POAI
1.08,1.08,1.08,1.08,100,2021-08-26 18:41:00,POAI
1.08,1.08,1.07,1.08,9100,2021-08-26 18:43:00,POAI
1.08,1.08,1.07,1.08,14300,2021-08-26 18:44:00,POAI
1.079,1.08,1.07,1.08,16800,2021-08-26 18:45:00,POAI
1.08,1.08,1.0701,1.08,800,2021-08-26 18:46:00,POAI
1.08,1.08,1.0799,1.08,1535,2021-08-26 18:47:00,POAI
1.0725,1.08,1.0725,1.08,636,2021-08-26 18:48:00,POAI
1.0793,1.08,1.07,1.0799,3100,2021-08-26 18:49:00,POAI
1.07,1.07,1.07,1.07,410,2021-08-26 18:50:00,POAI
1.08,1.08,1.08,1.08,200,2021-08-26 18:52:00,POAI
1.08,1.08,1.08,1.08,800,2021-08-26 18:53:00,POAI
1.08,1.08,1.08,1.08,200,2021-08-26 18:54:00,POAI
1.08,1.08,1.08,1.08,300,2021-08-26 18:55:00,POAI
1.08,1.08,1.08,1.08,100,2021-08-26 18:56:00,POAI
1.08,1.08,1.0712,1.08,920,2021-08-26 18:57:00,POAI
1.08,1.08,1.08,1.08,200,2021-08-26 18:58:00,POAI
1.08,1.08,1.08,1.08,100,2021-08-26 18:59:00,POAI
1.08,1.08,1.08,1.08,100,2021-08-26 19:00:00,POAI
1.08,1.08,1.07,1.0724,1850,2021-08-26 19:01:00,POAI
1.075,1.08,1.0701,1.08,1700,2021-08-26 19:02:00,POAI
1.08,1.08,1.08,1.08,100,2021-08-26 19:03:00,POAI
1.08,1.08,1.07,1.08,300,2021-08-26 19:05:00,POAI
1.08,1.08,1.08,1.08,200,2021-08-26 19:06:00,POAI
1.08,1.08,1.08,1.08,100,2021-08-26 19:07:00,POAI
1.08,1.08,1.08,1.08,100,2021-08-26 19:08:00,POAI
1.08,1.08,1.08,1.08,100,2021-08-26 19:09:00,POAI
1.08,1.08,1.08,1.08,100,2021-08-26 19:10:00,POAI
1.0791,1.08,1.0791,1.08,335,2021-08-26 19:11:00,POAI
1.08,1.08,1.08,1.08,100,2021-08-26 19:13:00,POAI
1.08,1.08,1.08,1.08,100,2021-08-26 19:14:00,POAI
1.08,1.08,1.0731,1.0731,300,2021-08-26 19:15:00,POAI
1.0701,1.08,1.0701,1.08,5100,2021-08-26 19:16:00,POAI
1.08,1.08,1.08,1.08,100,2021-08-26 19:17:00,POAI
1.08,1.08,1.0501,1.06,97551,2021-08-26 19:18:00,POAI
1.0609,1.07,1.06,1.07,10923,2021-08-26 19:19:00,POAI
1.07,1.07,1.07,1.07,300,2021-08-26 19:21:00,POAI
1.07,1.07,1.07,1.07,200,2021-08-26 19:22:00,POAI
1.07,1.07,1.0691,1.07,1609,2021-08-26 19:23:00,POAI
1.0699,1.07,1.06,1.06,5364,2021-08-26 19:24:00,POAI
1.07,1.1,1.07,1.095,117216,2021-08-26 19:26:00,POAI
1.0901,1.095,1.0805,1.09,8100,2021-08-26 19:27:00,POAI
1.0801,1.0801,1.0801,1.0801,2000,2021-08-26 19:28:00,POAI
1.085,1.085,1.085,1.085,513,2021-08-26 19:29:00,POAI
1.085,1.085,1.085,1.085,100,2021-08-26 19:30:00,POAI
1.0837,1.0837,1.0837,1.0837,1500,2021-08-26 19:31:00,POAI
1.0812,1.0812,1.0812,1.0812,100,2021-08-26 19:33:00,POAI
1.08,1.09,1.08,1.085,26853,2021-08-26 19:34:00,POAI
1.0833,1.09,1.0833,1.09,7200,2021-08-26 19:36:00,POAI
1.08,1.08,1.08,1.08,330,2021-08-26 19:37:00,POAI
1.0846,1.09,1.0833,1.085,17392,2021-08-26 19:38:00,POAI
1.085,1.085,1.085,1.085,100,2021-08-26 19:39:00,POAI
1.0801,1.0801,1.0801,1.0801,3500,2021-08-26 19:40:00,POAI
1.09,1.09,1.09,1.09,100,2021-08-26 19:42:00,POAI
1.0811,1.0811,1.0811,1.0811,922,2021-08-26 19:44:00,POAI
1.0801,1.0802,1.08,1.0802,3060,2021-08-26 19:46:00,POAI
1.08,1.09,1.08,1.09,9781,2021-08-26 19:47:00,POAI
1.0805,1.09,1.08,1.09,8100,2021-08-26 19:48:00,POAI
1.085,1.085,1.0801,1.0801,600,2021-08-26 19:49:00,POAI
1.085,1.09,1.0806,1.09,7340,2021-08-26 19:50:00,POAI
1.09,1.09,1.08,1.085,10475,2021-08-26 19:51:00,POAI
1.085,1.085,1.085,1.085,100,2021-08-26 19:52:00,POAI
1.085,1.085,1.085,1.085,200,2021-08-26 19:53:00,POAI
1.085,1.085,1.085,1.085,700,2021-08-26 19:54:00,POAI
1.084,1.084,1.084,1.084,1000,2021-08-26 19:55:00,POAI
1.085,1.085,1.085,1.085,391,2021-08-26 19:56:00,POAI
1.085,1.09,1.085,1.09,200,2021-08-26 19:57:00,POAI
1.085,1.09,1.085,1.09,4377,2021-08-26 19:58:00,POAI
1.0899,1.09,1.08,1.085,33508,2021-08-26 19:59:00,POAI
1.11,1.11,1.11,1.11,5816,2021-08-26 20:00:00,POAI
1.1,1.1,1.1,1.1,205,2021-08-26 20:06:00,POAI
1.11,1.11,1.11,1.11,100,2021-08-26 20:09:00,POAI
1.1,1.1,1.1,1.1,850,2021-08-26 20:11:00,POAI
1.1,1.1,1.1,1.1,8000,2021-08-26 20:32:00,POAI
1.09,1.09,1.09,1.09,1950,2021-08-26 20:36:00,POAI
1.09,1.09,1.09,1.09,459,2021-08-26 21:28:00,POAI
1.09,1.09,1.09,1.09,500,2021-08-26 21:29:00,POAI
1.09,1.09,1.09,1.09,1000,2021-08-26 21:31:00,POAI
1.1,1.1,1.1,1.1,100,2021-08-26 21:50:00,POAI
1.1,1.1,1.1,1.1,100,2021-08-26 21:53:00,POAI
1.08,1.08,1.08,1.08,120,2021-08-27 08:33:00,POAI
1.08,1.08,1.08,1.08,900,2021-08-27 11:25:00,POAI
1.08,1.08,1.08,1.08,430,2021-08-27 11:33:00,POAI
1.1,1.1,1.1,1.1,315,2021-08-27 12:14:00,POAI
1.09,1.11,1.09,1.11,2570,2021-08-27 12:27:00,POAI
1.1101,1.1101,1.11,1.11,2418,2021-08-27 12:28:00,POAI
1.11,1.11,1.11,1.11,1600,2021-08-27 12:31:00,POAI
1.11,1.11,1.11,1.11,243,2021-08-27 12:33:00,POAI
1.09,1.09,1.09,1.09,100,2021-08-27 12:45:00,POAI
1.1,1.1,1.1,1.1,1000,2021-08-27 12:54:00,POAI
1.09,1.09,1.09,1.09,200,2021-08-27 13:13:00,POAI
1.09,1.09,1.09,1.09,700,2021-08-27 13:15:00,POAI
1.09,1.09,1.09,1.09,100,2021-08-27 13:21:00,POAI
1.09,1.09,1.09,1.09,6810,2021-08-27 13:23:00,POAI
1.09,1.09,1.09,1.09,760,2021-08-27 13:24:00,POAI
1.1,1.1,1.1,1.1,1200,2021-08-27 13:25:00,POAI
1.1,1.1,1.1,1.1,400,2021-08-27 13:28:00,POAI
1.1,1.1,1.1,1.1,31987,2021-08-27 13:30:00,POAI
1.1004,1.1099,1.1,1.1,13123,2021-08-27 13:31:00,POAI
1.1008,1.1008,1.1008,1.1008,500,2021-08-27 13:32:00,POAI
1.1,1.1,1.085,1.085,4376,2021-08-27 13:34:00,POAI
1.0844,1.09,1.0831,1.09,453,2021-08-27 13:35:00,POAI
1.085,1.09,1.085,1.09,500,2021-08-27 13:37:00,POAI
1.09,1.09,1.09,1.09,100,2021-08-27 13:38:00,POAI
1.085,1.085,1.08,1.08,4100,2021-08-27 13:39:00,POAI
1.08,1.08,1.08,1.08,1079,2021-08-27 13:41:00,POAI
1.085,1.085,1.085,1.085,100,2021-08-27 13:42:00,POAI
1.085,1.085,1.085,1.085,100,2021-08-27 13:43:00,POAI
1.085,1.085,1.085,1.085,100,2021-08-27 13:44:00,POAI
1.09,1.09,1.09,1.09,4667,2021-08-27 13:46:00,POAI
1.09,1.09,1.0821,1.085,1800,2021-08-27 13:47:00,POAI
1.0825,1.09,1.08,1.08,1610,2021-08-27 13:50:00,POAI
1.0899,1.09,1.085,1.09,5997,2021-08-27 13:52:00,POAI
1.0808,1.09,1.0808,1.085,12300,2021-08-27 13:54:00,POAI
1.085,1.09,1.085,1.086,5900,2021-08-27 13:55:00,POAI
1.0801,1.09,1.0801,1.085,3534,2021-08-27 13:56:00,POAI
1.085,1.085,1.085,1.085,100,2021-08-27 13:57:00,POAI
1.085,1.085,1.085,1.085,1000,2021-08-27 13:59:00,POAI
1.0865,1.09,1.08,1.08,11205,2021-08-27 14:00:00,POAI
1.09,1.09,1.09,1.09,200,2021-08-27 14:01:00,POAI
1.09,1.09,1.09,1.09,100,2021-08-27 14:02:00,POAI
1.0856,1.0856,1.0856,1.0856,143,2021-08-27 14:03:00,POAI
1.09,1.09,1.09,1.09,1807,2021-08-27 14:06:00,POAI
1.0894,1.0894,1.0894,1.0894,900,2021-08-27 14:07:00,POAI
1.08,1.09,1.08,1.09,517,2021-08-27 14:09:00,POAI
1.085,1.085,1.085,1.085,190,2021-08-27 14:13:00,POAI
1.085,1.085,1.085,1.085,100,2021-08-27 14:14:00,POAI
1.09,1.09,1.085,1.085,250,2021-08-27 14:15:00,POAI
1.085,1.09,1.085,1.09,3400,2021-08-27 14:17:00,POAI
1.0839,1.09,1.0839,1.085,4800,2021-08-27 14:18:00,POAI
1.09,1.09,1.09,1.09,100,2021-08-27 14:19:00,POAI
1.08,1.08,1.08,1.08,550,2021-08-27 14:20:00,POAI
1.0823,1.0823,1.0823,1.0823,500,2021-08-27 14:21:00,POAI
1.09,1.09,1.09,1.09,100,2021-08-27 14:22:00,POAI
1.09,1.09,1.09,1.09,1900,2021-08-27 14:23:00,POAI
1.09,1.09,1.09,1.09,100,2021-08-27 14:24:00,POAI
1.09,1.09,1.0818,1.0818,1100,2021-08-27 14:25:00,POAI
1.08,1.09,1.08,1.09,22623,2021-08-27 14:28:00,POAI
1.0899,1.09,1.0816,1.09,16881,2021-08-27 14:29:00,POAI
1.09,1.09,1.09,1.09,280,2021-08-27 14:30:00,POAI
1.09,1.09,1.09,1.09,2475,2021-08-27 14:31:00,POAI
1.09,1.09,1.09,1.09,2675,2021-08-27 14:32:00,POAI
1.085,1.09,1.085,1.09,2775,2021-08-27 14:33:00,POAI
1.09,1.09,1.085,1.09,3075,2021-08-27 14:34:00,POAI
1.089,1.089,1.089,1.089,150,2021-08-27 14:35:00,POAI
1.08,1.09,1.08,1.09,2695,2021-08-27 14:36:00,POAI
1.09,1.09,1.08,1.09,3434,2021-08-27 14:37:00,POAI
1.09,1.09,1.09,1.09,1750,2021-08-27 14:38:00,POAI
1.09,1.09,1.07,1.08,38186,2021-08-27 14:39:00,POAI
1.07,1.07,1.07,1.07,2100,2021-08-27 14:40:00,POAI
1.075,1.075,1.075,1.075,200,2021-08-27 14:41:00,POAI
1.075,1.075,1.075,1.075,300,2021-08-27 14:42:00,POAI
1.0799,1.0799,1.0799,1.0799,700,2021-08-27 14:43:00,POAI
1.075,1.075,1.075,1.075,200,2021-08-27 14:44:00,POAI
1.08,1.08,1.0701,1.0701,2315,2021-08-27 14:46:00,POAI
1.08,1.08,1.08,1.08,200,2021-08-27 14:47:00,POAI
1.0782,1.08,1.0701,1.0701,6769,2021-08-27 14:50:00,POAI
1.0701,1.08,1.0701,1.08,600,2021-08-27 14:51:00,POAI
1.08,1.08,1.08,1.08,518,2021-08-27 14:52:00,POAI
1.075,1.08,1.075,1.08,2358,2021-08-27 14:53:00,POAI
1.08,1.08,1.075,1.075,1000,2021-08-27 14:54:00,POAI
1.0775,1.0775,1.0775,1.0775,378,2021-08-27 14:56:00,POAI
1.0722,1.0722,1.0722,1.0722,500,2021-08-27 14:57:00,POAI
1.08,1.09,1.0794,1.09,22069,2021-08-27 14:58:00,POAI
1.09,1.09,1.08,1.085,17391,2021-08-27 14:59:00,POAI
1.09,1.09,1.09,1.09,6235,2021-08-27 15:01:00,POAI
1.085,1.09,1.085,1.09,200,2021-08-27 15:02:00,POAI
1.085,1.085,1.085,1.085,200,2021-08-27 15:03:00,POAI
1.08,1.08,1.07,1.075,8113,2021-08-27 15:04:00,POAI
1.075,1.0754,1.0701,1.0701,1480,2021-08-27 15:05:00,POAI
1.075,1.075,1.075,1.075,100,2021-08-27 15:06:00,POAI
1.08,1.08,1.08,1.08,100,2021-08-27 15:07:00,POAI
1.075,1.075,1.075,1.075,200,2021-08-27 15:08:00,POAI
1.07,1.07,1.06,1.06,29216,2021-08-27 15:09:00,POAI
1.0624,1.0624,1.06,1.06,2200,2021-08-27 15:10:00,POAI
1.0693,1.07,1.06,1.065,17908,2021-08-27 15:11:00,POAI
1.0696,1.08,1.06,1.08,50654,2021-08-27 15:12:00,POAI
1.0706,1.08,1.065,1.0696,19418,2021-08-27 15:13:00,POAI
1.065,1.07,1.0616,1.07,2800,2021-08-27 15:14:00,POAI
1.07,1.07,1.0696,1.07,2040,2021-08-27 15:15:00,POAI
1.07,1.07,1.07,1.07,100,2021-08-27 15:16:00,POAI
1.07,1.07,1.0627,1.0627,10880,2021-08-27 15:17:00,POAI
1.0627,1.07,1.0627,1.065,5500,2021-08-27 15:18:00,POAI
1.065,1.07,1.0627,1.07,400,2021-08-27 15:19:00,POAI
1.07,1.08,1.07,1.0712,23050,2021-08-27 15:20:00,POAI
1.0712,1.08,1.07,1.08,12225,2021-08-27 15:21:00,POAI
1.0782,1.0782,1.0782,1.0782,500,2021-08-27 15:22:00,POAI
1.07,1.07,1.07,1.07,200,2021-08-27 15:24:00,POAI
1.0788,1.08,1.07,1.08,3700,2021-08-27 15:25:00,POAI
1.075,1.075,1.075,1.075,100,2021-08-27 15:26:00,POAI
1.08,1.08,1.075,1.0789,9946,2021-08-27 15:27:00,POAI
1.0716,1.0716,1.0716,1.0716,2269,2021-08-27 15:30:00,POAI
1.07,1.075,1.0627,1.07,8314,2021-08-27 15:31:00,POAI
1.0778,1.0778,1.0778,1.0778,100,2021-08-27 15:33:00,POAI
1.075,1.075,1.075,1.075,333,2021-08-27 15:34:00,POAI
1.08,1.08,1.075,1.075,250,2021-08-27 15:36:00,POAI
1.0701,1.0701,1.0701,1.0701,700,2021-08-27 15:37:00,POAI
1.075,1.075,1.075,1.075,860,2021-08-27 15:38:00,POAI
1.075,1.075,1.075,1.075,200,2021-08-27 15:39:00,POAI
1.075,1.075,1.075,1.075,200,2021-08-27 15:40:00,POAI
1.07,1.07,1.07,1.07,500,2021-08-27 15:41:00,POAI
1.08,1.08,1.0703,1.0703,779,2021-08-27 15:42:00,POAI
1.0799,1.0799,1.0799,1.0799,462,2021-08-27 15:45:00,POAI
1.071,1.071,1.07,1.07,1200,2021-08-27 15:46:00,POAI
1.075,1.075,1.075,1.075,100,2021-08-27 15:49:00,POAI
1.0799,1.0799,1.0799,1.0799,1000,2021-08-27 15:50:00,POAI
1.08,1.08,1.08,1.08,100,2021-08-27 15:51:00,POAI
1.08,1.08,1.08,1.08,288,2021-08-27 15:52:00,POAI
1.0778,1.0778,1.0778,1.0778,166,2021-08-27 15:53:00,POAI
1.08,1.08,1.08,1.08,200,2021-08-27 15:54:00,POAI
1.08,1.08,1.075,1.075,300,2021-08-27 15:56:00,POAI
1.075,1.0784,1.075,1.0784,240,2021-08-27 16:00:00,POAI
1.0799,1.0799,1.0709,1.0709,300,2021-08-27 16:01:00,POAI
1.08,1.08,1.08,1.08,200,2021-08-27 16:04:00,POAI
1.0773,1.08,1.0773,1.08,249,2021-08-27 16:09:00,POAI
1.0718,1.0718,1.0718,1.0718,140,2021-08-27 16:13:00,POAI
1.0779,1.08,1.0706,1.08,1000,2021-08-27 16:15:00,POAI
1.0799,1.08,1.0799,1.08,4100,2021-08-27 16:18:00,POAI
1.08,1.08,1.08,1.08,100,2021-08-27 16:20:00,POAI
1.08,1.08,1.08,1.08,200,2021-08-27 16:22:00,POAI
1.07,1.08,1.07,1.08,5500,2021-08-27 16:23:00,POAI
1.07,1.075,1.07,1.075,3032,2021-08-27 16:25:00,POAI
1.0777,1.0777,1.075,1.075,490,2021-08-27 16:26:00,POAI
1.0772,1.0772,1.075,1.075,200,2021-08-27 16:28:00,POAI
1.075,1.075,1.075,1.075,100,2021-08-27 16:29:00,POAI
1.07,1.075,1.07,1.075,3600,2021-08-27 16:30:00,POAI
1.075,1.0777,1.075,1.0777,500,2021-08-27 16:32:00,POAI
1.075,1.075,1.075,1.075,100,2021-08-27 16:33:00,POAI
1.07,1.075,1.07,1.07,1399,2021-08-27 16:35:00,POAI
1.0782,1.0782,1.0782,1.0782,112,2021-08-27 16:36:00,POAI
1.075,1.075,1.075,1.075,469,2021-08-27 16:39:00,POAI
1.0757,1.09,1.075,1.09,7978,2021-08-27 16:40:00,POAI
1.085,1.085,1.085,1.085,325,2021-08-27 16:41:00,POAI
1.08,1.08,1.08,1.08,699,2021-08-27 16:44:00,POAI
1.0875,1.0875,1.0875,1.0875,100,2021-08-27 16:45:00,POAI
1.0884,1.0884,1.0857,1.0857,1800,2021-08-27 16:46:00,POAI
1.08,1.09,1.08,1.08,34916,2021-08-27 16:47:00,POAI
1.081,1.081,1.081,1.081,1130,2021-08-27 16:49:00,POAI
1.08,1.08,1.08,1.08,600,2021-08-27 16:51:00,POAI
1.08,1.08,1.08,1.08,1000,2021-08-27 16:52:00,POAI
1.085,1.085,1.085,1.085,150,2021-08-27 16:55:00,POAI
1.08,1.08,1.08,1.08,200,2021-08-27 16:56:00,POAI
1.08,1.08,1.08,1.08,5439,2021-08-27 16:58:00,POAI
1.0811,1.0811,1.0811,1.0811,180,2021-08-27 16:59:00,POAI
1.0801,1.0801,1.0801,1.0801,500,2021-08-27 17:01:00,POAI
1.085,1.085,1.08,1.08,300,2021-08-27 17:02:00,POAI
1.085,1.085,1.085,1.085,100,2021-08-27 17:03:00,POAI
1.085,1.085,1.0801,1.0801,1100,2021-08-27 17:04:00,POAI
1.08,1.085,1.08,1.085,2095,2021-08-27 17:06:00,POAI
1.085,1.085,1.085,1.085,126,2021-08-27 17:10:00,POAI
1.08,1.08,1.08,1.08,376,2021-08-27 17:11:00,POAI
1.09,1.09,1.09,1.09,500,2021-08-27 17:13:00,POAI
1.0801,1.0801,1.0801,1.0801,3000,2021-08-27 17:14:00,POAI
1.0884,1.09,1.0884,1.09,2010,2021-08-27 17:20:00,POAI
1.085,1.085,1.085,1.085,100,2021-08-27 17:22:00,POAI
1.09,1.09,1.085,1.085,758,2021-08-27 17:23:00,POAI
1.085,1.085,1.08,1.08,1747,2021-08-27 17:24:00,POAI
1.085,1.085,1.085,1.085,100,2021-08-27 17:25:00,POAI
1.083,1.085,1.083,1.085,200,2021-08-27 17:26:00,POAI
1.085,1.09,1.085,1.085,810,2021-08-27 17:27:00,POAI
1.09,1.09,1.09,1.09,101,2021-08-27 17:29:00,POAI
1.0888,1.0888,1.0888,1.0888,480,2021-08-27 17:30:00,POAI
1.0899,1.0899,1.0899,1.0899,160,2021-08-27 17:31:00,POAI
1.085,1.085,1.085,1.085,100,2021-08-27 17:35:00,POAI
1.08,1.0899,1.08,1.0899,524,2021-08-27 17:36:00,POAI
1.085,1.09,1.085,1.09,3500,2021-08-27 17:43:00,POAI
1.083,1.083,1.083,1.083,100,2021-08-27 17:44:00,POAI
1.0824,1.085,1.0824,1.085,469,2021-08-27 17:45:00,POAI
1.085,1.085,1.085,1.085,200,2021-08-27 17:46:00,POAI
1.08,1.08,1.08,1.08,275,2021-08-27 17:49:00,POAI
1.0882,1.0882,1.0882,1.0882,1500,2021-08-27 17:50:00,POAI
1.08,1.085,1.08,1.085,985,2021-08-27 17:51:00,POAI
1.08,1.09,1.08,1.0801,1450,2021-08-27 17:52:00,POAI
1.085,1.085,1.085,1.085,100,2021-08-27 17:54:00,POAI
1.085,1.09,1.085,1.09,2100,2021-08-27 17:55:00,POAI
1.085,1.085,1.085,1.085,100,2021-08-27 17:56:00,POAI
1.085,1.085,1.085,1.085,100,2021-08-27 17:57:00,POAI
1.085,1.085,1.085,1.085,1100,2021-08-27 17:58:00,POAI
1.09,1.09,1.085,1.085,4138,2021-08-27 17:59:00,POAI
1.0879,1.0879,1.0879,1.0879,230,2021-08-27 18:00:00,POAI
1.0821,1.09,1.0821,1.0879,1872,2021-08-27 18:01:00,POAI
1.09,1.09,1.0886,1.09,1200,2021-08-27 18:02:00,POAI
1.09,1.09,1.09,1.09,100,2021-08-27 18:03:00,POAI
1.085,1.09,1.08,1.085,70582,2021-08-27 18:04:00,POAI
1.09,1.09,1.085,1.09,4375,2021-08-27 18:05:00,POAI
1.085,1.085,1.085,1.085,100,2021-08-27 18:06:00,POAI
1.0878,1.0878,1.085,1.085,600,2021-08-27 18:07:00,POAI
1.085,1.085,1.085,1.085,100,2021-08-27 18:09:00,POAI
1.085,1.085,1.085,1.085,100,2021-08-27 18:10:00,POAI
1.09,1.09,1.0879,1.09,10395,2021-08-27 18:12:00,POAI
1.09,1.1,1.085,1.1,44050,2021-08-27 18:13:00,POAI
1.0984,1.1,1.09,1.1,25138,2021-08-27 18:17:00,POAI
1.095,1.1,1.09,1.1,10220,2021-08-27 18:18:00,POAI
1.095,1.1,1.09,1.095,13209,2021-08-27 18:19:00,POAI
1.095,1.095,1.095,1.095,100,2021-08-27 18:20:00,POAI
1.095,1.095,1.095,1.095,500,2021-08-27 18:21:00,POAI
1.095,1.0999,1.095,1.095,750,2021-08-27 18:22:00,POAI
1.09,1.09,1.09,1.09,300,2021-08-27 18:23:00,POAI
1.09,1.095,1.09,1.095,855,2021-08-27 18:25:00,POAI
1.0919,1.095,1.0919,1.095,439,2021-08-27 18:26:00,POAI
1.1,1.1,1.1,1.1,500,2021-08-27 18:28:00,POAI
1.095,1.095,1.095,1.095,100,2021-08-27 18:29:00,POAI
1.0999,1.0999,1.095,1.095,515,2021-08-27 18:30:00,POAI
1.095,1.0999,1.0919,1.095,1100,2021-08-27 18:31:00,POAI
1.1,1.1,1.1,1.1,200,2021-08-27 18:32:00,POAI
1.1,1.1,1.1,1.1,200,2021-08-27 18:33:00,POAI
1.1,1.1,1.095,1.1,1793,2021-08-27 18:34:00,POAI
1.1,1.1,1.1,1.1,300,2021-08-27 18:35:00,POAI
1.1,1.1,1.1,1.1,100,2021-08-27 18:36:00,POAI
1.1,1.1,1.1,1.1,300,2021-08-27 18:37:00,POAI
1.0985,1.11,1.095,1.1018,25210,2021-08-27 18:38:00,POAI
1.105,1.11,1.1,1.11,8860,2021-08-27 18:39:00,POAI
1.1011,1.11,1.1011,1.105,7716,2021-08-27 18:40:00,POAI
1.105,1.11,1.105,1.11,2550,2021-08-27 18:41:00,POAI
1.11,1.11,1.1091,1.1091,350,2021-08-27 18:42:00,POAI
1.11,1.11,1.11,1.11,100,2021-08-27 18:43:00,POAI
1.11,1.11,1.105,1.11,1300,2021-08-27 18:44:00,POAI
1.105,1.11,1.105,1.11,200,2021-08-27 18:45:00,POAI
1.11,1.11,1.11,1.11,900,2021-08-27 18:46:00,POAI
1.11,1.11,1.105,1.1077,760,2021-08-27 18:47:00,POAI
1.11,1.11,1.105,1.105,427,2021-08-27 18:48:00,POAI
1.1017,1.1017,1.1017,1.1017,100,2021-08-27 18:51:00,POAI
1.1,1.1,1.1,1.1,24104,2021-08-27 18:52:00,POAI
1.095,1.095,1.095,1.095,300,2021-08-27 18:54:00,POAI
1.095,1.095,1.088,1.088,20068,2021-08-27 19:00:00,POAI
1.09,1.1,1.0863,1.1,67218,2021-08-27 19:01:00,POAI
1.1,1.1,1.0901,1.1,15500,2021-08-27 19:02:00,POAI
1.1,1.1,1.09,1.09,29550,2021-08-27 19:03:00,POAI
1.0894,1.09,1.0848,1.0848,32550,2021-08-27 19:04:00,POAI
1.09,1.09,1.0896,1.0896,21100,2021-08-27 19:05:00,POAI
1.09,1.1,1.09,1.1,20355,2021-08-27 19:06:00,POAI
1.1,1.1,1.0911,1.1,25450,2021-08-27 19:07:00,POAI
1.1,1.11,1.1,1.1027,19721,2021-08-27 19:08:00,POAI
1.105,1.11,1.105,1.11,15256,2021-08-27 19:09:00,POAI
1.1002,1.11,1.1001,1.11,5652,2021-08-27 19:10:00,POAI
1.11,1.11,1.1,1.1009,5872,2021-08-27 19:11:00,POAI
1.11,1.11,1.1,1.11,15009,2021-08-27 19:12:00,POAI
1.1083,1.1083,1.105,1.105,700,2021-08-27 19:14:00,POAI
1.1001,1.1001,1.1,1.1,3050,2021-08-27 19:15:00,POAI
1.1,1.1,1.09,1.1,52200,2021-08-27 19:16:00,POAI
1.1,1.105,1.0972,1.1,31832,2021-08-27 19:17:00,POAI
1.1,1.1,1.1,1.1,1200,2021-08-27 19:18:00,POAI
1.1,1.1,1.0914,1.092,6212,2021-08-27 19:19:00,POAI
1.092,1.0922,1.092,1.0922,624,2021-08-27 19:20:00,POAI
1.0928,1.095,1.0928,1.095,412,2021-08-27 19:21:00,POAI
1.0993,1.0993,1.092,1.095,724,2021-08-27 19:22:00,POAI
1.099,1.099,1.092,1.092,1312,2021-08-27 19:23:00,POAI
1.1,1.1,1.1,1.1,300,2021-08-27 19:26:00,POAI
1.0922,1.1025,1.0922,1.1001,6900,2021-08-27 19:27:00,POAI
1.1001,1.11,1.09,1.1,5600,2021-08-27 19:28:00,POAI
1.09,1.09,1.09,1.09,300,2021-08-27 19:30:00,POAI
1.095,1.095,1.09,1.09,600,2021-08-27 19:31:00,POAI
1.0924,1.1,1.09,1.0906,1100,2021-08-27 19:32:00,POAI
1.0924,1.095,1.0902,1.095,1200,2021-08-27 19:33:00,POAI
1.09,1.1,1.09,1.09,1750,2021-08-27 19:34:00,POAI
1.1,1.1,1.0901,1.1,35000,2021-08-27 19:35:00,POAI
1.0993,1.1,1.09,1.09,15735,2021-08-27 19:36:00,POAI
1.0972,1.11,1.095,1.1009,26729,2021-08-27 19:37:00,POAI
1.1,1.11,1.1,1.1,28500,2021-08-27 19:38:00,POAI
1.1,1.1,1.1,1.1,100,2021-08-27 19:39:00,POAI
1.095,1.095,1.09,1.09,250,2021-08-27 19:40:00,POAI
1.1,1.1,1.1,1.1,6800,2021-08-27 19:43:00,POAI
1.1,1.1,1.1,1.1,100,2021-08-27 19:44:00,POAI
1.1,1.1,1.1,1.1,20600,2021-08-27 19:45:00,POAI
1.0993,1.1,1.0993,1.1,7200,2021-08-27 19:46:00,POAI
1.1,1.1,1.095,1.095,200,2021-08-27 19:48:00,POAI
1.0977,1.1,1.0977,1.1,900,2021-08-27 19:50:00,POAI
1.095,1.1,1.0915,1.0921,4950,2021-08-27 19:51:00,POAI
1.0921,1.1,1.0921,1.1,2800,2021-08-27 19:52:00,POAI
1.095,1.1,1.09,1.095,3777,2021-08-27 19:53:00,POAI
1.09,1.095,1.09,1.095,1600,2021-08-27 19:54:00,POAI
1.1,1.1,1.09,1.1,3400,2021-08-27 19:56:00,POAI
1.0901,1.0979,1.0901,1.0979,1974,2021-08-27 19:57:00,POAI
1.1,1.1,1.09,1.1,3899,2021-08-27 19:58:00,POAI
1.09,1.1,1.09,1.09,3485,2021-08-27 19:59:00,POAI
1.09,1.09,1.09,1.09,5554,2021-08-27 20:00:00,POAI
1.09,1.09,1.09,1.09,460,2021-08-27 20:09:00,POAI
1.09,1.09,1.09,1.09,462,2021-08-27 20:17:00,POAI
1.07,1.07,1.07,1.07,1000,2021-08-27 20:42:00,POAI
1.08,1.08,1.08,1.08,2000,2021-08-27 21:16:00,POAI
1.08,1.08,1.08,1.08,500,2021-08-27 21:18:00,POAI
1.07,1.07,1.07,1.07,196,2021-08-27 21:32:00,POAI
1.07,1.07,1.07,1.07,441,2021-08-27 21:39:00,POAI
1.07,1.07,1.07,1.07,1000,2021-08-27 21:44:00,POAI
1.07,1.07,1.07,1.07,714,2021-08-27 22:03:00,POAI
1.08,1.08,1.08,1.08,100,2021-08-27 22:37:00,POAI
1.08,1.08,1.08,1.08,1195,2021-08-27 23:08:00,POAI
1.07,1.07,1.07,1.07,2191,2021-08-27 23:57:00,POAI
1.08,1.08,1.07,1.07,200,2021-08-30 09:29:00,POAI
1.07,1.07,1.07,1.07,1001,2021-08-30 10:09:00,POAI
1.08,1.08,1.08,1.08,100,2021-08-30 10:19:00,POAI
1.07,1.07,1.07,1.07,118,2021-08-30 12:05:00,POAI
1.08,1.08,1.08,1.08,3000,2021-08-30 12:07:00,POAI
1.08,1.08,1.08,1.08,500,2021-08-30 12:35:00,POAI
1.08,1.08,1.08,1.08,500,2021-08-30 12:42:00,POAI
1.09,1.09,1.09,1.09,100,2021-08-30 13:08:00,POAI
1.09,1.09,1.09,1.09,136,2021-08-30 13:11:00,POAI
1.08,1.08,1.08,1.08,3276,2021-08-30 13:25:00,POAI
1.08,1.09,1.08,1.086,23875,2021-08-30 13:30:00,POAI
1.0809,1.0809,1.07,1.07,31786,2021-08-30 13:31:00,POAI
1.0699,1.07,1.0605,1.07,12499,2021-08-30 13:32:00,POAI
1.07,1.07,1.05,1.0509,29853,2021-08-30 13:33:00,POAI
1.06,1.06,1.04,1.04,55153,2021-08-30 13:35:00,POAI
1.04,1.05,1.0391,1.05,27582,2021-08-30 13:36:00,POAI
1.05,1.05,1.05,1.05,450,2021-08-30 13:37:00,POAI
1.0509,1.0592,1.0509,1.0592,12354,2021-08-30 13:38:00,POAI
1.06,1.06,1.05,1.05,9700,2021-08-30 13:39:00,POAI
1.0501,1.0501,1.0501,1.0501,170,2021-08-30 13:40:00,POAI
1.06,1.06,1.05,1.05,474,2021-08-30 13:41:00,POAI
1.0583,1.0583,1.0505,1.0505,11000,2021-08-30 13:42:00,POAI
1.05,1.05,1.05,1.05,500,2021-08-30 13:44:00,POAI
1.0507,1.0507,1.0507,1.0507,100,2021-08-30 13:45:00,POAI
1.05,1.05,1.045,1.045,15021,2021-08-30 13:46:00,POAI
1.0491,1.05,1.045,1.0491,5850,2021-08-30 13:47:00,POAI
1.05,1.05,1.042,1.042,1634,2021-08-30 13:48:00,POAI
1.045,1.045,1.045,1.045,191,2021-08-30 13:49:00,POAI
1.045,1.05,1.045,1.05,1300,2021-08-30 13:50:00,POAI
1.0489,1.06,1.0489,1.0571,6692,2021-08-30 13:51:00,POAI
1.05,1.05,1.05,1.05,1000,2021-08-30 13:53:00,POAI
1.05,1.055,1.05,1.055,3100,2021-08-30 13:54:00,POAI
1.05,1.06,1.05,1.055,2978,2021-08-30 13:55:00,POAI
1.0592,1.06,1.055,1.055,6065,2021-08-30 13:56:00,POAI
1.0501,1.0501,1.0501,1.0501,467,2021-08-30 13:58:00,POAI
1.0516,1.06,1.0516,1.06,550,2021-08-30 13:59:00,POAI
1.0501,1.06,1.0501,1.06,4672,2021-08-30 14:00:00,POAI
1.05,1.0575,1.05,1.0575,3956,2021-08-30 14:01:00,POAI
1.0584,1.0584,1.0584,1.0584,450,2021-08-30 14:02:00,POAI
1.06,1.06,1.06,1.06,278,2021-08-30 14:03:00,POAI
1.051,1.055,1.051,1.055,2003,2021-08-30 14:04:00,POAI
1.06,1.06,1.0575,1.0575,200,2021-08-30 14:06:00,POAI
1.0582,1.06,1.0582,1.06,5200,2021-08-30 14:07:00,POAI
1.0587,1.0587,1.0587,1.0587,100,2021-08-30 14:08:00,POAI
1.0586,1.0586,1.0586,1.0586,100,2021-08-30 14:11:00,POAI
1.05,1.0556,1.05,1.0556,2777,2021-08-30 14:12:00,POAI
1.05,1.05,1.05,1.05,704,2021-08-30 14:14:00,POAI
1.0579,1.0579,1.0579,1.0579,285,2021-08-30 14:16:00,POAI
1.06,1.06,1.06,1.06,165,2021-08-30 14:17:00,POAI
1.0509,1.052,1.0509,1.052,3625,2021-08-30 14:18:00,POAI
1.055,1.06,1.05,1.05,829,2021-08-30 14:19:00,POAI
1.0559,1.06,1.0559,1.06,3709,2021-08-30 14:20:00,POAI
1.06,1.06,1.06,1.06,1895,2021-08-30 14:22:00,POAI
1.055,1.055,1.055,1.055,1954,2021-08-30 14:23:00,POAI
1.05,1.05,1.05,1.05,500,2021-08-30 14:25:00,POAI
1.052,1.06,1.052,1.06,505,2021-08-30 14:26:00,POAI
1.06,1.06,1.06,1.06,2287,2021-08-30 14:27:00,POAI
1.0581,1.0581,1.0581,1.0581,524,2021-08-30 14:28:00,POAI
1.06,1.06,1.05,1.056,23330,2021-08-30 14:30:00,POAI
1.055,1.055,1.055,1.055,100,2021-08-30 14:32:00,POAI
1.05,1.06,1.05,1.06,15100,2021-08-30 14:33:00,POAI
1.055,1.055,1.04,1.05,16519,2021-08-30 14:35:00,POAI
1.05,1.05,1.0499,1.0499,324,2021-08-30 14:36:00,POAI
1.05,1.05,1.05,1.05,100,2021-08-30 14:37:00,POAI
1.0499,1.0499,1.0499,1.0499,100,2021-08-30 14:38:00,POAI
1.04,1.045,1.04,1.045,18252,2021-08-30 14:41:00,POAI
1.0411,1.045,1.0411,1.045,483,2021-08-30 14:42:00,POAI
1.0485,1.0499,1.0485,1.0499,700,2021-08-30 14:43:00,POAI
1.0479,1.0479,1.0479,1.0479,190,2021-08-30 14:44:00,POAI
1.0401,1.0401,1.0401,1.0401,182,2021-08-30 14:45:00,POAI
1.04,1.0478,1.04,1.0478,700,2021-08-30 14:47:00,POAI
1.0482,1.05,1.0421,1.05,800,2021-08-30 14:48:00,POAI
1.0494,1.05,1.04,1.0415,49400,2021-08-30 14:50:00,POAI
1.0411,1.06,1.0411,1.0501,24019,2021-08-30 14:51:00,POAI
1.0511,1.055,1.0511,1.0521,1660,2021-08-30 14:52:00,POAI
1.055,1.06,1.05,1.0506,2796,2021-08-30 14:53:00,POAI
1.0521,1.0521,1.0513,1.0518,4808,2021-08-30 14:54:00,POAI
1.05,1.07,1.05,1.06,38880,2021-08-30 14:55:00,POAI
1.06,1.06,1.0596,1.06,43900,2021-08-30 14:56:00,POAI
1.0599,1.06,1.0599,1.06,30500,2021-08-30 14:57:00,POAI
1.06,1.06,1.0517,1.0529,8112,2021-08-30 14:58:00,POAI
1.055,1.06,1.05,1.0526,6978,2021-08-30 14:59:00,POAI
1.05,1.06,1.05,1.0526,735,2021-08-30 15:00:00,POAI
1.06,1.06,1.06,1.06,400,2021-08-30 15:02:00,POAI
1.0589,1.0589,1.0501,1.055,2700,2021-08-30 15:03:00,POAI
1.055,1.055,1.0516,1.0516,2100,2021-08-30 15:05:00,POAI
1.06,1.06,1.053,1.053,200,2021-08-30 15:06:00,POAI
1.059,1.06,1.059,1.06,1100,2021-08-30 15:07:00,POAI
1.0508,1.0508,1.0508,1.0508,100,2021-08-30 15:08:00,POAI
1.0532,1.0532,1.0532,1.0532,100,2021-08-30 15:10:00,POAI
1.053,1.055,1.053,1.055,1600,2021-08-30 15:11:00,POAI
1.0599,1.0599,1.0599,1.0599,400,2021-08-30 15:12:00,POAI
1.053,1.053,1.053,1.053,100,2021-08-30 15:13:00,POAI
1.0599,1.0599,1.0508,1.0508,1100,2021-08-30 15:14:00,POAI
1.05,1.05,1.05,1.05,200,2021-08-30 15:15:00,POAI
1.06,1.06,1.05,1.05,200,2021-08-30 15:16:00,POAI
1.0583,1.0583,1.054,1.054,574,2021-08-30 15:18:00,POAI
1.055,1.0599,1.055,1.0599,400,2021-08-30 15:19:00,POAI
1.0587,1.0587,1.055,1.055,1700,2021-08-30 15:20:00,POAI
1.0599,1.06,1.0501,1.0522,3557,2021-08-30 15:21:00,POAI
1.06,1.06,1.05,1.0521,2475,2021-08-30 15:22:00,POAI
1.0555,1.0555,1.0555,1.0555,943,2021-08-30 15:24:00,POAI
1.06,1.06,1.051,1.06,15038,2021-08-30 15:25:00,POAI
1.06,1.06,1.05,1.06,9138,2021-08-30 15:26:00,POAI
1.06,1.06,1.055,1.06,2450,2021-08-30 15:27:00,POAI
1.06,1.06,1.0592,1.0592,11100,2021-08-30 15:28:00,POAI
1.06,1.06,1.06,1.06,11025,2021-08-30 15:29:00,POAI
1.07,1.07,1.055,1.065,46849,2021-08-30 15:30:00,POAI
1.07,1.07,1.06,1.07,29455,2021-08-30 15:31:00,POAI
1.065,1.065,1.065,1.065,100,2021-08-30 15:32:00,POAI
1.065,1.065,1.065,1.065,100,2021-08-30 15:33:00,POAI
1.07,1.07,1.068,1.068,500,2021-08-30 15:34:00,POAI
1.068,1.0699,1.068,1.0699,250,2021-08-30 15:36:00,POAI
1.07,1.07,1.062,1.062,2100,2021-08-30 15:39:00,POAI
1.07,1.07,1.07,1.07,515,2021-08-30 15:42:00,POAI
1.07,1.07,1.07,1.07,830,2021-08-30 15:47:00,POAI
1.07,1.07,1.07,1.07,100,2021-08-30 15:49:00,POAI
1.06,1.07,1.06,1.07,7200,2021-08-30 15:53:00,POAI
1.065,1.065,1.065,1.065,600,2021-08-30 15:54:00,POAI
1.06,1.06,1.06,1.06,4454,2021-08-30 15:55:00,POAI
1.06,1.06,1.06,1.06,8414,2021-08-30 15:57:00,POAI
1.06,1.06,1.0588,1.0592,1293,2021-08-30 15:58:00,POAI
1.06,1.07,1.06,1.07,7612,2021-08-30 15:59:00,POAI
1.07,1.07,1.07,1.07,2496,2021-08-30 16:00:00,POAI
1.0608,1.07,1.06,1.07,4627,2021-08-30 16:01:00,POAI
1.065,1.065,1.065,1.065,100,2021-08-30 16:02:00,POAI
1.07,1.07,1.06,1.06,7493,2021-08-30 16:03:00,POAI
1.06,1.07,1.06,1.07,11400,2021-08-30 16:05:00,POAI
1.06,1.065,1.06,1.065,600,2021-08-30 16:06:00,POAI
1.06,1.06,1.06,1.06,300,2021-08-30 16:07:00,POAI
1.06,1.0699,1.06,1.0699,2182,2021-08-30 16:08:00,POAI
1.06,1.0602,1.06,1.06,2941,2021-08-30 16:10:00,POAI
1.07,1.07,1.07,1.07,24340,2021-08-30 16:15:00,POAI
1.061,1.0611,1.061,1.0611,396,2021-08-30 16:16:00,POAI
1.06,1.06,1.06,1.06,270,2021-08-30 16:20:00,POAI
1.069,1.07,1.062,1.07,9763,2021-08-30 16:21:00,POAI
1.0699,1.07,1.065,1.07,2328,2021-08-30 16:22:00,POAI
1.0699,1.07,1.0699,1.07,800,2021-08-30 16:24:00,POAI
1.07,1.07,1.07,1.07,100,2021-08-30 16:31:00,POAI
1.065,1.065,1.065,1.065,500,2021-08-30 16:34:00,POAI
1.0601,1.0601,1.0601,1.0601,500,2021-08-30 16:38:00,POAI
1.0699,1.07,1.0699,1.07,3100,2021-08-30 16:42:00,POAI
1.065,1.065,1.065,1.065,419,2021-08-30 16:45:00,POAI
1.0691,1.0691,1.0691,1.0691,400,2021-08-30 16:46:00,POAI
1.07,1.07,1.07,1.07,467,2021-08-30 16:50:00,POAI
1.065,1.0692,1.065,1.0692,1426,2021-08-30 16:52:00,POAI
1.0687,1.07,1.06,1.06,4800,2021-08-30 16:53:00,POAI
1.07,1.07,1.06,1.06,2854,2021-08-30 16:56:00,POAI
1.06,1.06,1.06,1.06,1500,2021-08-30 16:58:00,POAI
1.0691,1.07,1.0691,1.07,200,2021-08-30 16:59:00,POAI
1.06,1.07,1.06,1.07,12355,2021-08-30 17:01:00,POAI
1.0699,1.07,1.0699,1.07,10040,2021-08-30 17:02:00,POAI
1.0693,1.07,1.0693,1.07,2100,2021-08-30 17:06:00,POAI
1.07,1.07,1.07,1.07,973,2021-08-30 17:09:00,POAI
1.065,1.065,1.065,1.065,100,2021-08-30 17:10:00,POAI
1.061,1.061,1.061,1.061,500,2021-08-30 17:11:00,POAI
1.063,1.063,1.063,1.063,700,2021-08-30 17:12:00,POAI
1.06,1.065,1.06,1.06,1301,2021-08-30 17:15:00,POAI
1.065,1.065,1.06,1.06,200,2021-08-30 17:18:00,POAI
1.06,1.06,1.06,1.06,200,2021-08-30 17:20:00,POAI
1.065,1.065,1.06,1.06,200,2021-08-30 17:21:00,POAI
1.07,1.07,1.06,1.06,4611,2021-08-30 17:23:00,POAI
1.0606,1.0606,1.06,1.06,1100,2021-08-30 17:27:00,POAI
1.065,1.065,1.065,1.065,100,2021-08-30 17:28:00,POAI
1.07,1.08,1.07,1.08,9771,2021-08-30 17:38:00,POAI
1.0705,1.0705,1.0705,1.0705,200,2021-08-30 17:42:00,POAI
1.07,1.075,1.07,1.075,1100,2021-08-30 17:45:00,POAI
1.08,1.08,1.07,1.07,422,2021-08-30 17:47:00,POAI
1.075,1.075,1.07,1.07,1016,2021-08-30 17:48:00,POAI
1.075,1.075,1.072,1.075,1300,2021-08-30 17:53:00,POAI
1.0705,1.08,1.0705,1.08,7002,2021-08-30 18:06:00,POAI
1.072,1.072,1.072,1.072,100,2021-08-30 18:18:00,POAI
1.07,1.08,1.07,1.08,10200,2021-08-30 18:23:00,POAI
1.075,1.075,1.075,1.075,380,2021-08-30 18:25:00,POAI
1.07,1.072,1.07,1.072,250,2021-08-30 18:29:00,POAI
1.0723,1.075,1.0723,1.075,680,2021-08-30 18:30:00,POAI
1.0799,1.0799,1.0799,1.0799,1600,2021-08-30 18:31:00,POAI
1.079,1.08,1.075,1.075,8800,2021-08-30 18:32:00,POAI
1.079,1.079,1.075,1.075,200,2021-08-30 18:33:00,POAI
1.08,1.08,1.08,1.08,26699,2021-08-30 18:34:00,POAI
1.08,1.08,1.08,1.08,1171,2021-08-30 18:37:00,POAI
1.08,1.08,1.08,1.08,100,2021-08-30 18:39:00,POAI
1.08,1.08,1.08,1.08,100,2021-08-30 18:40:00,POAI
1.08,1.08,1.08,1.08,200,2021-08-30 18:43:00,POAI
1.08,1.08,1.08,1.08,100,2021-08-30 18:45:00,POAI
1.075,1.08,1.075,1.08,2886,2021-08-30 18:46:00,POAI
1.0779,1.08,1.0779,1.08,1100,2021-08-30 18:50:00,POAI
1.08,1.08,1.08,1.08,360,2021-08-30 18:51:00,POAI
1.075,1.08,1.075,1.08,8813,2021-08-30 18:53:00,POAI
1.08,1.08,1.08,1.08,100,2021-08-30 18:54:00,POAI
1.08,1.08,1.08,1.08,121,2021-08-30 18:58:00,POAI
1.07,1.08,1.07,1.08,4200,2021-08-30 19:00:00,POAI
1.08,1.08,1.0789,1.0789,422,2021-08-30 19:03:00,POAI
1.075,1.075,1.075,1.075,2000,2021-08-30 19:08:00,POAI
1.08,1.08,1.08,1.08,300,2021-08-30 19:09:00,POAI
1.075,1.079,1.075,1.079,1920,2021-08-30 19:12:00,POAI
1.0799,1.08,1.0799,1.08,1100,2021-08-30 19:13:00,POAI
1.0779,1.0779,1.0779,1.0779,1000,2021-08-30 19:15:00,POAI
1.0713,1.0713,1.0713,1.0713,965,2021-08-30 19:17:00,POAI
1.0746,1.0746,1.0746,1.0746,200,2021-08-30 19:18:00,POAI
1.07,1.08,1.07,1.08,3525,2021-08-30 19:21:00,POAI
1.075,1.075,1.075,1.075,200,2021-08-30 19:24:00,POAI
1.08,1.08,1.08,1.08,100,2021-08-30 19:26:00,POAI
1.075,1.075,1.075,1.075,100,2021-08-30 19:27:00,POAI
1.08,1.08,1.08,1.08,133,2021-08-30 19:28:00,POAI
1.07,1.0751,1.0607,1.0751,45980,2021-08-30 19:31:00,POAI
1.07,1.075,1.07,1.075,1000,2021-08-30 19:36:00,POAI
1.0701,1.08,1.0701,1.08,2100,2021-08-30 19:37:00,POAI
1.07,1.07,1.07,1.07,490,2021-08-30 19:41:00,POAI
1.0756,1.0756,1.0756,1.0756,1000,2021-08-30 19:46:00,POAI
1.0701,1.08,1.0701,1.08,2600,2021-08-30 19:50:00,POAI
1.0799,1.0799,1.0799,1.0799,500,2021-08-30 19:53:00,POAI
1.08,1.08,1.075,1.075,600,2021-08-30 19:55:00,POAI
1.0799,1.0799,1.0799,1.0799,198,2021-08-30 19:56:00,POAI
1.08,1.08,1.075,1.075,520,2021-08-30 19:57:00,POAI
1.0752,1.08,1.07,1.0752,10900,2021-08-30 19:58:00,POAI
1.075,1.075,1.06,1.07,15918,2021-08-30 19:59:00,POAI
1.07,1.07,1.07,1.07,4920,2021-08-30 20:00:00,POAI
1.07,1.07,1.07,1.07,250,2021-08-30 20:20:00,POAI
1.07,1.07,1.07,1.07,120,2021-08-30 20:25:00,POAI
1.08,1.08,1.08,1.08,100,2021-08-30 20:44:00,POAI
1.08,1.08,1.08,1.08,1000,2021-08-30 20:45:00,POAI
1.08,1.08,1.08,1.08,1000,2021-08-30 20:47:00,POAI
1.07,1.07,1.07,1.07,500,2021-08-30 21:45:00,POAI
1.06,1.06,1.06,1.06,2000,2021-08-30 21:54:00,POAI
1.07,1.07,1.07,1.07,872,2021-08-30 21:58:00,POAI
1.06,1.06,1.06,1.06,200,2021-08-30 23:13:00,POAI
1.06,1.06,1.06,1.06,100,2021-08-30 23:23:00,POAI
1.06,1.06,1.06,1.06,600,2021-08-30 23:33:00,POAI
1.05,1.05,1.05,1.05,3125,2021-08-30 23:37:00,POAI
1.08,1.08,1.08,1.08,557,2021-08-31 08:34:00,POAI
1.07,1.07,1.07,1.07,400,2021-08-31 09:12:00,POAI
1.06,1.06,1.06,1.06,800,2021-08-31 10:45:00,POAI
1.06,1.06,1.05,1.05,1719,2021-08-31 10:47:00,POAI
1.05,1.05,1.05,1.05,100,2021-08-31 11:28:00,POAI
1.06,1.06,1.06,1.06,100,2021-08-31 11:35:00,POAI
1.06,1.06,1.06,1.06,250,2021-08-31 11:38:00,POAI
1.06,1.06,1.05,1.05,1900,2021-08-31 11:42:00,POAI
1.0501,1.0501,1.0501,1.0501,100,2021-08-31 12:03:00,POAI
1.06,1.06,1.06,1.06,1942,2021-08-31 12:10:00,POAI
1.06,1.06,1.06,1.06,9400,2021-08-31 12:13:00,POAI
1.06,1.06,1.06,1.06,233,2021-08-31 12:33:00,POAI
1.06,1.06,1.06,1.06,332,2021-08-31 12:52:00,POAI
1.07,1.07,1.07,1.07,208,2021-08-31 12:58:00,POAI
1.06,1.06,1.06,1.06,2102,2021-08-31 13:08:00,POAI
1.06,1.06,1.06,1.06,500,2021-08-31 13:19:00,POAI
1.06,1.06,1.06,1.06,100,2021-08-31 13:20:00,POAI
1.06,1.06,1.06,1.06,150,2021-08-31 13:28:00,POAI
1.06,1.0607,1.06,1.0607,4945,2021-08-31 13:30:00,POAI
1.0676,1.0676,1.0676,1.0676,103,2021-08-31 13:32:00,POAI
1.065,1.07,1.065,1.07,28436,2021-08-31 13:36:00,POAI
1.07,1.07,1.068,1.07,700,2021-08-31 13:37:00,POAI
1.065,1.07,1.06,1.07,42885,2021-08-31 13:41:00,POAI
1.0604,1.07,1.0604,1.07,1800,2021-08-31 13:42:00,POAI
1.0601,1.0601,1.06,1.06,1180,2021-08-31 13:43:00,POAI
1.06,1.06,1.06,1.06,29014,2021-08-31 13:44:00,POAI
1.06,1.06,1.05,1.06,18930,2021-08-31 13:45:00,POAI
1.06,1.06,1.06,1.06,1312,2021-08-31 13:46:00,POAI
1.055,1.06,1.055,1.06,340,2021-08-31 13:47:00,POAI
1.055,1.07,1.055,1.07,6859,2021-08-31 13:48:00,POAI
1.0685,1.0685,1.065,1.065,1169,2021-08-31 13:50:00,POAI
1.07,1.07,1.063,1.063,1062,2021-08-31 13:51:00,POAI
1.06,1.06,1.06,1.06,959,2021-08-31 13:54:00,POAI
1.07,1.07,1.061,1.061,750,2021-08-31 13:55:00,POAI
1.06,1.06,1.06,1.06,4420,2021-08-31 13:57:00,POAI
1.0575,1.0575,1.0575,1.0575,3604,2021-08-31 13:59:00,POAI
1.06,1.06,1.06,1.06,100,2021-08-31 14:00:00,POAI
1.0589,1.06,1.0589,1.06,1148,2021-08-31 14:02:00,POAI
1.05,1.05,1.05,1.05,1235,2021-08-31 14:03:00,POAI
1.06,1.06,1.06,1.06,100,2021-08-31 14:04:00,POAI
1.0592,1.0592,1.0592,1.0592,948,2021-08-31 14:05:00,POAI
1.06,1.06,1.055,1.055,2484,2021-08-31 14:07:00,POAI
1.06,1.06,1.06,1.06,962,2021-08-31 14:09:00,POAI
1.053,1.06,1.05,1.055,8134,2021-08-31 14:10:00,POAI
1.06,1.06,1.05,1.06,900,2021-08-31 14:11:00,POAI
1.0501,1.06,1.05,1.05,300,2021-08-31 14:12:00,POAI
1.052,1.055,1.052,1.055,1100,2021-08-31 14:13:00,POAI
1.055,1.06,1.055,1.06,600,2021-08-31 14:14:00,POAI
1.0585,1.06,1.0585,1.06,1100,2021-08-31 14:15:00,POAI
1.0501,1.06,1.05,1.055,4775,2021-08-31 14:16:00,POAI
1.05,1.06,1.05,1.055,5100,2021-08-31 14:17:00,POAI
1.055,1.07,1.05,1.0629,9998,2021-08-31 14:18:00,POAI
1.0629,1.07,1.06,1.07,4700,2021-08-31 14:19:00,POAI
1.0601,1.07,1.0601,1.065,500,2021-08-31 14:20:00,POAI
1.07,1.07,1.06,1.0601,4100,2021-08-31 14:21:00,POAI
1.06,1.063,1.06,1.063,1042,2021-08-31 14:22:00,POAI
1.0635,1.0635,1.0635,1.0635,500,2021-08-31 14:23:00,POAI
1.07,1.07,1.0673,1.07,3300,2021-08-31 14:24:00,POAI
1.0601,1.07,1.0601,1.07,9482,2021-08-31 14:26:00,POAI
1.06,1.07,1.06,1.0625,2740,2021-08-31 14:27:00,POAI
1.0623,1.065,1.0623,1.065,1128,2021-08-31 14:28:00,POAI
1.068,1.068,1.065,1.065,1100,2021-08-31 14:29:00,POAI
1.065,1.07,1.065,1.07,300,2021-08-31 14:30:00,POAI
1.0601,1.07,1.06,1.06,800,2021-08-31 14:31:00,POAI
1.0601,1.07,1.06,1.065,4100,2021-08-31 14:32:00,POAI
1.06,1.07,1.06,1.065,8623,2021-08-31 14:33:00,POAI
1.065,1.07,1.065,1.07,1110,2021-08-31 14:34:00,POAI
1.07,1.07,1.06,1.065,580,2021-08-31 14:35:00,POAI
1.065,1.065,1.065,1.065,100,2021-08-31 14:37:00,POAI
1.06,1.06,1.06,1.06,345,2021-08-31 14:38:00,POAI
1.065,1.065,1.065,1.065,100,2021-08-31 14:39:00,POAI
1.065,1.0676,1.0601,1.0676,5675,2021-08-31 14:43:00,POAI
1.065,1.065,1.065,1.065,100,2021-08-31 14:44:00,POAI
1.0672,1.07,1.065,1.065,451,2021-08-31 14:45:00,POAI
1.07,1.07,1.07,1.07,300,2021-08-31 14:48:00,POAI
1.06,1.06,1.06,1.06,141,2021-08-31 14:49:00,POAI
1.0615,1.0615,1.0615,1.0615,293,2021-08-31 14:50:00,POAI
1.0699,1.07,1.0699,1.07,635,2021-08-31 14:56:00,POAI
1.0601,1.07,1.0601,1.0601,2275,2021-08-31 14:57:00,POAI
1.07,1.07,1.065,1.065,3100,2021-08-31 14:58:00,POAI
1.065,1.0699,1.065,1.0699,1000,2021-08-31 15:00:00,POAI
1.06,1.06,1.06,1.06,127,2021-08-31 15:04:00,POAI
1.06,1.06,1.06,1.06,100,2021-08-31 15:05:00,POAI
1.0601,1.07,1.0601,1.07,3711,2021-08-31 15:09:00,POAI
1.065,1.065,1.065,1.065,100,2021-08-31 15:10:00,POAI
1.06,1.07,1.06,1.065,2626,2021-08-31 15:12:00,POAI
1.065,1.0678,1.06,1.06,602,2021-08-31 15:14:00,POAI
1.06,1.06,1.06,1.06,232,2021-08-31 15:18:00,POAI
1.065,1.065,1.065,1.065,1000,2021-08-31 15:22:00,POAI
1.06,1.065,1.06,1.065,271,2021-08-31 15:23:00,POAI
1.0601,1.07,1.06,1.06,15874,2021-08-31 15:25:00,POAI
1.07,1.07,1.065,1.065,520,2021-08-31 15:26:00,POAI
1.065,1.065,1.065,1.065,200,2021-08-31 15:27:00,POAI
1.0607,1.07,1.0607,1.065,10300,2021-08-31 15:28:00,POAI
1.065,1.065,1.065,1.065,200,2021-08-31 15:29:00,POAI
1.065,1.065,1.065,1.065,100,2021-08-31 15:31:00,POAI
1.06,1.06,1.06,1.06,124,2021-08-31 15:32:00,POAI
1.06,1.065,1.06,1.065,400,2021-08-31 15:34:00,POAI
1.06,1.06,1.06,1.06,142,2021-08-31 15:36:00,POAI
1.06,1.0601,1.06,1.06,8512,2021-08-31 15:38:00,POAI
1.065,1.065,1.065,1.065,100,2021-08-31 15:40:00,POAI
1.065,1.065,1.065,1.065,100,2021-08-31 15:41:00,POAI
1.065,1.065,1.0601,1.065,8025,2021-08-31 15:43:00,POAI
1.065,1.065,1.065,1.065,200,2021-08-31 15:44:00,POAI
1.065,1.065,1.065,1.065,186,2021-08-31 15:45:00,POAI
1.0677,1.0677,1.0677,1.0677,100,2021-08-31 15:46:00,POAI
1.065,1.07,1.065,1.065,1900,2021-08-31 15:47:00,POAI
1.07,1.07,1.0601,1.0601,2632,2021-08-31 15:49:00,POAI
1.065,1.07,1.065,1.07,200,2021-08-31 15:50:00,POAI
1.065,1.065,1.065,1.065,100,2021-08-31 15:52:00,POAI
1.07,1.07,1.07,1.07,250,2021-08-31 15:57:00,POAI
1.07,1.07,1.07,1.07,201,2021-08-31 15:58:00,POAI
1.06,1.06,1.06,1.06,5095,2021-08-31 15:59:00,POAI
1.065,1.065,1.06,1.065,10244,2021-08-31 16:00:00,POAI
1.065,1.07,1.065,1.065,6300,2021-08-31 16:01:00,POAI
1.065,1.065,1.065,1.065,300,2021-08-31 16:02:00,POAI
1.0699,1.07,1.065,1.07,12370,2021-08-31 16:03:00,POAI
1.07,1.07,1.07,1.07,277,2021-08-31 16:04:00,POAI
1.07,1.07,1.07,1.07,6346,2021-08-31 16:05:00,POAI
1.07,1.07,1.07,1.07,3540,2021-08-31 16:06:00,POAI
1.065,1.065,1.065,1.065,505,2021-08-31 16:08:00,POAI
1.065,1.07,1.065,1.07,3200,2021-08-31 16:09:00,POAI
1.06,1.06,1.06,1.06,110,2021-08-31 16:10:00,POAI
1.0695,1.0695,1.06,1.06,1050,2021-08-31 16:11:00,POAI
1.07,1.07,1.07,1.07,500,2021-08-31 16:15:00,POAI
1.07,1.07,1.07,1.07,400,2021-08-31 16:18:00,POAI
1.0601,1.0601,1.0601,1.0601,1000,2021-08-31 16:19:00,POAI
1.07,1.07,1.065,1.065,5291,2021-08-31 16:20:00,POAI
1.07,1.07,1.07,1.07,850,2021-08-31 16:29:00,POAI
1.0699,1.07,1.065,1.065,17656,2021-08-31 16:32:00,POAI
1.07,1.07,1.07,1.07,156,2021-08-31 16:34:00,POAI
1.07,1.08,1.07,1.0722,8425,2021-08-31 16:35:00,POAI
1.07,1.08,1.07,1.08,2100,2021-08-31 16:38:00,POAI
1.08,1.08,1.08,1.08,100,2021-08-31 16:39:00,POAI
1.075,1.08,1.075,1.078,965,2021-08-31 16:40:00,POAI
1.08,1.08,1.08,1.08,465,2021-08-31 16:45:00,POAI
1.08,1.08,1.08,1.08,100,2021-08-31 16:47:00,POAI
1.0778,1.08,1.0778,1.08,475,2021-08-31 16:48:00,POAI
1.0701,1.0701,1.0701,1.0701,100,2021-08-31 16:50:00,POAI
1.08,1.08,1.08,1.08,1200,2021-08-31 16:52:00,POAI
1.0799,1.0799,1.0799,1.0799,207,2021-08-31 16:58:00,POAI
1.0701,1.0701,1.0701,1.0701,200,2021-08-31 17:08:00,POAI
1.0789,1.08,1.0789,1.08,4407,2021-08-31 17:10:00,POAI
1.08,1.08,1.08,1.08,100,2021-08-31 17:14:00,POAI
1.07,1.07,1.07,1.07,100,2021-08-31 17:16:00,POAI
1.08,1.08,1.075,1.08,22119,2021-08-31 17:21:00,POAI
1.08,1.08,1.08,1.08,115,2021-08-31 17:23:00,POAI
1.08,1.08,1.08,1.08,500,2021-08-31 17:26:00,POAI
1.08,1.08,1.075,1.075,1275,2021-08-31 17:28:00,POAI
1.075,1.075,1.075,1.075,100,2021-08-31 17:30:00,POAI
1.08,1.08,1.08,1.08,392,2021-08-31 17:33:00,POAI
1.075,1.075,1.07,1.075,10876,2021-08-31 17:35:00,POAI
1.075,1.075,1.075,1.075,100,2021-08-31 17:36:00,POAI
1.08,1.08,1.08,1.08,400,2021-08-31 17:37:00,POAI
1.08,1.08,1.075,1.075,600,2021-08-31 17:38:00,POAI
1.0712,1.075,1.0712,1.075,283,2021-08-31 17:40:00,POAI
1.075,1.075,1.075,1.075,100,2021-08-31 17:41:00,POAI
1.075,1.08,1.075,1.08,6552,2021-08-31 17:47:00,POAI
1.0701,1.0701,1.0701,1.0701,2500,2021-08-31 17:48:00,POAI
1.075,1.075,1.075,1.075,600,2021-08-31 17:50:00,POAI
1.08,1.08,1.0773,1.08,14350,2021-08-31 17:51:00,POAI
1.08,1.08,1.08,1.08,200,2021-08-31 17:56:00,POAI
1.075,1.075,1.07,1.075,2676,2021-08-31 17:57:00,POAI
1.08,1.08,1.08,1.08,446,2021-08-31 18:00:00,POAI
1.0712,1.08,1.0712,1.08,200,2021-08-31 18:01:00,POAI
1.08,1.09,1.08,1.09,19000,2021-08-31 18:04:00,POAI
1.09,1.09,1.09,1.09,1100,2021-08-31 18:05:00,POAI
1.09,1.09,1.09,1.09,600,2021-08-31 18:06:00,POAI
1.09,1.09,1.09,1.09,500,2021-08-31 18:08:00,POAI
1.085,1.09,1.085,1.09,200,2021-08-31 18:09:00,POAI
1.081,1.085,1.0801,1.0801,5500,2021-08-31 18:15:00,POAI
1.08,1.09,1.08,1.09,2090,2021-08-31 18:16:00,POAI
1.08,1.08,1.07,1.08,24648,2021-08-31 18:17:00,POAI
1.075,1.075,1.075,1.075,200,2021-08-31 18:18:00,POAI
1.075,1.075,1.075,1.075,400,2021-08-31 18:19:00,POAI
1.075,1.075,1.075,1.075,100,2021-08-31 18:21:00,POAI
1.0701,1.0701,1.0701,1.0701,130,2021-08-31 18:22:00,POAI
1.08,1.08,1.08,1.08,2500,2021-08-31 18:28:00,POAI
1.08,1.085,1.08,1.085,5925,2021-08-31 18:30:00,POAI
1.081,1.09,1.081,1.09,1700,2021-08-31 18:31:00,POAI
1.085,1.085,1.085,1.085,200,2021-08-31 18:33:00,POAI
1.085,1.085,1.085,1.085,400,2021-08-31 18:34:00,POAI
1.09,1.09,1.085,1.085,1600,2021-08-31 18:36:00,POAI
1.0888,1.09,1.0888,1.0899,4400,2021-08-31 18:40:00,POAI
1.085,1.085,1.0801,1.085,2300,2021-08-31 18:41:00,POAI
1.08,1.085,1.08,1.085,510,2021-08-31 18:42:00,POAI
1.0801,1.09,1.08,1.09,11757,2021-08-31 18:43:00,POAI
1.0882,1.09,1.085,1.085,1100,2021-08-31 18:44:00,POAI
1.08,1.08,1.08,1.08,800,2021-08-31 18:46:00,POAI
1.081,1.081,1.081,1.081,400,2021-08-31 18:50:00,POAI
1.09,1.09,1.09,1.09,600,2021-08-31 18:51:00,POAI
1.085,1.085,1.085,1.085,100,2021-08-31 18:52:00,POAI
1.085,1.085,1.085,1.085,100,2021-08-31 18:55:00,POAI
1.0879,1.0879,1.0879,1.0879,180,2021-08-31 18:56:00,POAI
1.09,1.09,1.09,1.09,100,2021-08-31 19:00:00,POAI
1.08,1.08,1.08,1.08,500,2021-08-31 19:02:00,POAI
1.08,1.08,1.08,1.08,1400,2021-08-31 19:05:00,POAI
1.0801,1.0801,1.0801,1.0801,100,2021-08-31 19:06:00,POAI
1.0899,1.09,1.085,1.09,10661,2021-08-31 19:10:00,POAI
1.08,1.08,1.08,1.08,150,2021-08-31 19:13:00,POAI
1.085,1.085,1.085,1.085,100,2021-08-31 19:15:00,POAI
1.085,1.085,1.085,1.085,990,2021-08-31 19:18:00,POAI
1.09,1.09,1.0822,1.0822,3073,2021-08-31 19:19:00,POAI
1.08,1.09,1.08,1.09,4700,2021-08-31 19:20:00,POAI
1.08,1.08,1.08,1.08,300,2021-08-31 19:24:00,POAI
1.08,1.08,1.08,1.08,400,2021-08-31 19:39:00,POAI
1.08,1.085,1.08,1.085,1100,2021-08-31 19:41:00,POAI
1.09,1.09,1.08,1.08,10297,2021-08-31 19:45:00,POAI
1.085,1.085,1.085,1.085,100,2021-08-31 19:46:00,POAI
1.08,1.08,1.08,1.08,600,2021-08-31 19:47:00,POAI
1.08,1.08,1.08,1.08,900,2021-08-31 19:48:00,POAI
1.09,1.09,1.09,1.09,100,2021-08-31 19:49:00,POAI
1.085,1.09,1.085,1.09,5650,2021-08-31 19:52:00,POAI
1.085,1.085,1.08,1.085,8700,2021-08-31 19:53:00,POAI
1.082,1.085,1.082,1.085,2980,2021-08-31 19:55:00,POAI
1.08,1.08,1.07,1.08,36674,2021-08-31 19:56:00,POAI
1.085,1.085,1.085,1.085,200,2021-08-31 19:57:00,POAI
1.08,1.09,1.08,1.085,6250,2021-08-31 19:58:00,POAI
1.085,1.0852,1.08,1.08,5436,2021-08-31 19:59:00,POAI
1.07,1.07,1.07,1.07,3555,2021-08-31 20:00:00,POAI
1.06,1.06,1.06,1.06,614,2021-08-31 20:16:00,POAI
1.06,1.06,1.06,1.06,3778,2021-08-31 20:49:00,POAI
1.06,1.06,1.06,1.06,900,2021-08-31 21:00:00,POAI
1.07,1.07,1.07,1.07,9000,2021-08-31 21:18:00,POAI
1.07,1.07,1.07,1.07,1900,2021-08-31 21:19:00,POAI
1.07,1.07,1.07,1.07,9000,2021-08-31 21:29:00,POAI
1.05,1.05,1.05,1.05,134,2021-08-31 22:06:00,POAI
1.07,1.07,1.07,1.07,100,2021-08-31 22:30:00,POAI
