open,high,low,close,volume,datetime,symbol
27.78,28.05,27.78,28.05,1105,2021-08-02 13:30:00,RBNC
28.15,28.25,28.15,28.25,719,2021-08-02 13:36:00,RBNC
28.25,28.25,28.17,28.17,1182,2021-08-02 13:37:00,RBNC
28.25,28.25,28.25,28.25,607,2021-08-02 13:38:00,RBNC
28.25,28.25,28.25,28.25,301,2021-08-02 13:40:00,RBNC
28.25,28.25,28.25,28.25,301,2021-08-02 13:42:00,RBNC
28.25,28.25,28.25,28.25,302,2021-08-02 13:43:00,RBNC
28.25,28.25,28.25,28.25,100,2021-08-02 13:44:00,RBNC
28.25,28.25,28.2,28.2,2867,2021-08-02 13:45:00,RBNC
28.25,28.25,28.25,28.25,325,2021-08-02 13:46:00,RBNC
28.25,28.25,28.25,28.25,202,2021-08-02 13:47:00,RBNC
28.25,28.25,28.25,28.25,400,2021-08-02 13:48:00,RBNC
28.33,28.515,28.33,28.515,500,2021-08-02 13:49:00,RBNC
28.51,28.51,28.48,28.48,400,2021-08-02 13:50:00,RBNC
28.43,28.43,28.43,28.43,100,2021-08-02 13:52:00,RBNC
28.35,28.41,28.35,28.41,300,2021-08-02 13:54:00,RBNC
28.41,28.41,28.395,28.395,200,2021-08-02 14:02:00,RBNC
28.35,28.35,28.35,28.35,400,2021-08-02 14:03:00,RBNC
28.37,28.43,28.37,28.43,700,2021-08-02 14:05:00,RBNC
28.43,28.43,28.43,28.43,128,2021-08-02 14:16:00,RBNC
28.42,28.42,28.42,28.42,100,2021-08-02 14:17:00,RBNC
28.42,28.43,28.42,28.43,300,2021-08-02 14:18:00,RBNC
28.38,28.38,28.27,28.27,200,2021-08-02 14:19:00,RBNC
28.3,28.3,28.3,28.3,200,2021-08-02 14:23:00,RBNC
28.21,28.22,28.18,28.22,1250,2021-08-02 14:31:00,RBNC
28.178,28.178,28.178,28.178,100,2021-08-02 14:37:00,RBNC
28.28,28.28,28.26,28.26,200,2021-08-02 14:42:00,RBNC
28.17,28.17,28.17,28.17,204,2021-08-02 14:51:00,RBNC
28.05,28.05,28.05,28.05,100,2021-08-02 14:57:00,RBNC
28.07,28.07,28.07,28.07,100,2021-08-02 15:04:00,RBNC
27.97,27.97,27.97,27.97,100,2021-08-02 15:18:00,RBNC
27.88,27.88,27.88,27.88,100,2021-08-02 15:36:00,RBNC
27.87,27.87,27.87,27.87,100,2021-08-02 15:47:00,RBNC
27.75,27.75,27.75,27.75,100,2021-08-02 15:58:00,RBNC
27.88,27.88,27.88,27.88,100,2021-08-02 16:38:00,RBNC
27.77,27.77,27.77,27.77,100,2021-08-02 16:46:00,RBNC
27.76,27.76,27.76,27.76,100,2021-08-02 16:58:00,RBNC
27.63,27.63,27.63,27.63,500,2021-08-02 17:02:00,RBNC
27.84,27.84,27.82,27.82,300,2021-08-02 17:32:00,RBNC
27.75,27.75,27.75,27.75,100,2021-08-02 17:47:00,RBNC
27.79,27.79,27.79,27.79,300,2021-08-02 18:05:00,RBNC
27.73,27.73,27.73,27.73,100,2021-08-02 18:24:00,RBNC
27.73,27.73,27.73,27.73,100,2021-08-02 18:31:00,RBNC
27.64,27.71,27.55,27.69,2202,2021-08-02 18:47:00,RBNC
27.67,27.67,27.67,27.67,200,2021-08-02 18:50:00,RBNC
27.64,27.64,27.6,27.6,700,2021-08-02 18:59:00,RBNC
27.62,27.62,27.62,27.62,101,2021-08-02 19:00:00,RBNC
27.615,27.615,27.615,27.615,100,2021-08-02 19:01:00,RBNC
27.615,27.615,27.615,27.615,100,2021-08-02 19:03:00,RBNC
27.61,27.61,27.61,27.61,203,2021-08-02 19:05:00,RBNC
27.615,27.615,27.615,27.615,233,2021-08-02 19:06:00,RBNC
27.56,27.56,27.56,27.56,100,2021-08-02 19:08:00,RBNC
27.54,27.61,27.53,27.6,1504,2021-08-02 19:09:00,RBNC
27.56,27.56,27.56,27.56,100,2021-08-02 19:19:00,RBNC
27.57,27.59,27.56,27.59,406,2021-08-02 19:20:00,RBNC
27.61,27.61,27.61,27.61,200,2021-08-02 19:24:00,RBNC
27.6,27.6,27.6,27.6,302,2021-08-02 19:29:00,RBNC
27.62,27.62,27.62,27.62,100,2021-08-02 19:37:00,RBNC
27.62,27.62,27.62,27.62,400,2021-08-02 19:38:00,RBNC
27.59,27.59,27.59,27.59,100,2021-08-02 19:39:00,RBNC
27.6,27.61,27.54,27.54,1100,2021-08-02 19:42:00,RBNC
27.5,27.5,27.5,27.5,832,2021-08-02 19:50:00,RBNC
27.47,27.49,27.47,27.49,300,2021-08-02 19:51:00,RBNC
27.45,27.45,27.45,27.45,100,2021-08-02 19:52:00,RBNC
27.45,27.45,27.39,27.39,700,2021-08-02 19:54:00,RBNC
27.395,27.395,27.395,27.395,242,2021-08-02 19:55:00,RBNC
27.39,27.39,27.39,27.39,137,2021-08-02 19:58:00,RBNC
27.37,27.42,27.37,27.42,641,2021-08-02 19:59:00,RBNC
27.47,27.47,27.47,27.47,2155,2021-08-02 20:00:00,RBNC
27.68,27.68,27.5,27.5,791,2021-08-03 13:30:00,RBNC
27.5,27.5,27.5,27.5,100,2021-08-03 13:31:00,RBNC
27.44,27.49,27.38,27.49,700,2021-08-03 13:37:00,RBNC
27.275,27.4,27.275,27.4,850,2021-08-03 13:49:00,RBNC
27.37,27.37,27.37,27.37,100,2021-08-03 13:51:00,RBNC
27.265,27.265,27.11,27.175,1303,2021-08-03 13:52:00,RBNC
27.2,27.2,27.2,27.2,100,2021-08-03 13:53:00,RBNC
27.19,27.3,27.19,27.3,200,2021-08-03 13:54:00,RBNC
27.45,27.45,27.42,27.42,200,2021-08-03 14:00:00,RBNC
27.42,27.42,27.41,27.41,200,2021-08-03 14:01:00,RBNC
27.4,27.4,27.4,27.4,100,2021-08-03 14:02:00,RBNC
27.38,27.38,27.38,27.38,100,2021-08-03 14:23:00,RBNC
27.4,27.4,27.4,27.4,100,2021-08-03 14:24:00,RBNC
27.49,27.5,27.49,27.5,469,2021-08-03 14:30:00,RBNC
27.56,27.56,27.56,27.56,100,2021-08-03 14:36:00,RBNC
27.56,27.56,27.56,27.56,167,2021-08-03 14:44:00,RBNC
27.57,27.6,27.54,27.54,1066,2021-08-03 14:45:00,RBNC
27.685,27.685,27.66,27.66,300,2021-08-03 14:46:00,RBNC
27.68,27.68,27.68,27.68,100,2021-08-03 14:47:00,RBNC
27.79,27.79,27.79,27.79,388,2021-08-03 15:01:00,RBNC
27.75,27.75,27.75,27.75,100,2021-08-03 15:07:00,RBNC
27.74,27.74,27.74,27.74,100,2021-08-03 15:19:00,RBNC
27.75,27.75,27.75,27.75,100,2021-08-03 15:20:00,RBNC
27.74,27.74,27.74,27.74,100,2021-08-03 15:21:00,RBNC
27.8,27.8,27.8,27.8,200,2021-08-03 15:25:00,RBNC
27.8,27.8,27.8,27.8,200,2021-08-03 15:26:00,RBNC
27.78,27.79,27.78,27.79,300,2021-08-03 15:28:00,RBNC
27.86,27.86,27.86,27.86,100,2021-08-03 15:31:00,RBNC
27.9,27.99,27.89,27.99,1200,2021-08-03 15:39:00,RBNC
27.96,28.08,27.96,28.08,300,2021-08-03 15:40:00,RBNC
28.0,28.0,28.0,28.0,200,2021-08-03 15:42:00,RBNC
27.95,27.95,27.95,27.95,100,2021-08-03 15:44:00,RBNC
27.95,27.95,27.87,27.87,200,2021-08-03 16:10:00,RBNC
27.87,27.87,27.87,27.87,100,2021-08-03 16:22:00,RBNC
27.75,27.75,27.75,27.75,475,2021-08-03 16:55:00,RBNC
27.875,27.875,27.875,27.875,100,2021-08-03 16:56:00,RBNC
27.92,27.92,27.92,27.92,100,2021-08-03 16:59:00,RBNC
27.88,27.88,27.88,27.88,100,2021-08-03 17:06:00,RBNC
27.83,27.83,27.83,27.83,135,2021-08-03 17:09:00,RBNC
27.93,27.93,27.93,27.93,100,2021-08-03 17:17:00,RBNC
27.9,27.9,27.9,27.9,100,2021-08-03 17:23:00,RBNC
27.89,27.89,27.89,27.89,200,2021-08-03 17:50:00,RBNC
28.0,28.0,28.0,28.0,100,2021-08-03 17:51:00,RBNC
28.055,28.055,28.055,28.055,100,2021-08-03 17:57:00,RBNC
28.05,28.05,28.05,28.05,100,2021-08-03 18:09:00,RBNC
28.06,28.06,28.06,28.06,100,2021-08-03 18:14:00,RBNC
28.07,28.07,28.07,28.07,100,2021-08-03 18:20:00,RBNC
28.1,28.14,28.1,28.14,1056,2021-08-03 18:21:00,RBNC
28.18,28.19,28.18,28.19,200,2021-08-03 18:22:00,RBNC
28.16,28.16,28.16,28.16,100,2021-08-03 18:23:00,RBNC
28.15,28.15,28.15,28.15,200,2021-08-03 18:27:00,RBNC
28.11,28.11,28.06,28.09,1383,2021-08-03 18:28:00,RBNC
28.09,28.09,28.09,28.09,214,2021-08-03 18:29:00,RBNC
28.09,28.14,28.09,28.14,452,2021-08-03 18:30:00,RBNC
28.19,28.19,28.19,28.19,100,2021-08-03 19:02:00,RBNC
28.18,28.18,28.18,28.18,100,2021-08-03 19:07:00,RBNC
28.16,28.16,28.13,28.13,471,2021-08-03 19:08:00,RBNC
28.09,28.12,28.09,28.12,300,2021-08-03 19:12:00,RBNC
28.12,28.12,28.12,28.12,200,2021-08-03 19:32:00,RBNC
28.03,28.03,28.03,28.03,200,2021-08-03 19:46:00,RBNC
28.07,28.07,28.07,28.07,100,2021-08-03 19:57:00,RBNC
28.01,28.01,27.99,27.99,200,2021-08-03 19:59:00,RBNC
28.04,28.04,28.04,28.04,1969,2021-08-03 20:00:00,RBNC
27.78,27.78,27.61,27.74,639,2021-08-04 13:30:00,RBNC
27.67,27.67,27.67,27.67,100,2021-08-04 13:32:00,RBNC
27.63,27.63,27.63,27.63,200,2021-08-04 13:38:00,RBNC
27.835,27.835,27.65,27.65,200,2021-08-04 13:43:00,RBNC
27.6538,27.6538,27.62,27.62,400,2021-08-04 13:45:00,RBNC
27.6362,27.6362,27.6362,27.6362,100,2021-08-04 13:55:00,RBNC
27.95,27.95,27.95,27.95,100,2021-08-04 14:15:00,RBNC
27.9175,27.9175,27.9175,27.9175,189,2021-08-04 14:27:00,RBNC
28.11,28.11,28.06,28.1,500,2021-08-04 14:28:00,RBNC
27.92,27.96,27.92,27.96,282,2021-08-04 14:31:00,RBNC
27.91,27.99,27.91,27.98,500,2021-08-04 14:35:00,RBNC
28.12,28.12,28.12,28.12,100,2021-08-04 14:47:00,RBNC
28.0,28.0,27.99,27.99,200,2021-08-04 15:00:00,RBNC
28.01,28.12,28.01,28.12,202,2021-08-04 15:19:00,RBNC
28.13,28.13,28.13,28.13,204,2021-08-04 15:22:00,RBNC
28.1,28.1,27.99,27.99,200,2021-08-04 15:25:00,RBNC
28.1,28.1,28.1,28.1,102,2021-08-04 15:33:00,RBNC
28.1025,28.1025,28.05,28.05,200,2021-08-04 15:35:00,RBNC
28.02,28.02,28.02,28.02,102,2021-08-04 15:36:00,RBNC
28.02,28.02,28.02,28.02,100,2021-08-04 15:39:00,RBNC
27.93,27.93,27.93,27.93,100,2021-08-04 15:42:00,RBNC
27.82,27.82,27.82,27.82,100,2021-08-04 16:14:00,RBNC
27.91,27.91,27.88,27.88,302,2021-08-04 16:28:00,RBNC
27.85,27.85,27.8,27.8,400,2021-08-04 16:42:00,RBNC
27.82,27.82,27.82,27.82,200,2021-08-04 17:08:00,RBNC
27.87,27.87,27.87,27.87,100,2021-08-04 17:16:00,RBNC
27.84,27.84,27.84,27.84,100,2021-08-04 17:18:00,RBNC
27.84,27.84,27.84,27.84,100,2021-08-04 17:19:00,RBNC
27.86,27.86,27.86,27.86,100,2021-08-04 17:20:00,RBNC
27.9,27.9,27.9,27.9,100,2021-08-04 17:22:00,RBNC
27.9,27.91,27.88,27.88,300,2021-08-04 17:32:00,RBNC
27.89,27.89,27.89,27.89,211,2021-08-04 17:37:00,RBNC
27.85,27.85,27.8,27.8,400,2021-08-04 17:43:00,RBNC
27.8,27.8,27.8,27.8,100,2021-08-04 17:49:00,RBNC
27.809,27.85,27.731,27.85,1000,2021-08-04 18:10:00,RBNC
27.61,27.75,27.61,27.75,200,2021-08-04 18:38:00,RBNC
27.77,27.77,27.73,27.73,300,2021-08-04 18:42:00,RBNC
27.72,27.72,27.72,27.72,100,2021-08-04 18:43:00,RBNC
27.66,27.66,27.66,27.66,100,2021-08-04 18:57:00,RBNC
27.6,27.6,27.6,27.6,111,2021-08-04 19:17:00,RBNC
27.6,27.6,27.6,27.6,100,2021-08-04 19:18:00,RBNC
27.705,27.705,27.705,27.705,100,2021-08-04 19:27:00,RBNC
27.73,27.73,27.73,27.73,100,2021-08-04 19:28:00,RBNC
27.72,27.72,27.72,27.72,100,2021-08-04 19:29:00,RBNC
27.66,27.66,27.66,27.66,100,2021-08-04 19:50:00,RBNC
27.66,27.66,27.64,27.64,200,2021-08-04 19:52:00,RBNC
27.57,27.57,27.57,27.57,100,2021-08-04 19:53:00,RBNC
27.48,27.48,27.42,27.42,300,2021-08-04 19:54:00,RBNC
27.475,27.475,27.39,27.39,500,2021-08-04 19:55:00,RBNC
27.46,27.46,27.44,27.44,200,2021-08-04 19:56:00,RBNC
27.41,27.43,27.41,27.43,200,2021-08-04 19:57:00,RBNC
27.44,27.44,27.42,27.42,300,2021-08-04 19:58:00,RBNC
27.42,27.53,27.42,27.45,400,2021-08-04 19:59:00,RBNC
27.51,27.51,27.51,27.51,3195,2021-08-04 20:00:00,RBNC
27.69,27.69,27.69,27.69,458,2021-08-05 13:30:00,RBNC
27.88,27.92,27.88,27.92,400,2021-08-05 13:40:00,RBNC
27.97,27.97,27.97,27.97,100,2021-08-05 13:41:00,RBNC
28.03,28.03,28.03,28.03,100,2021-08-05 14:02:00,RBNC
27.97,27.97,27.97,27.97,100,2021-08-05 14:07:00,RBNC
28.25,28.25,28.25,28.25,300,2021-08-05 14:43:00,RBNC
28.17,28.17,28.17,28.17,100,2021-08-05 14:48:00,RBNC
28.17,28.17,28.17,28.17,100,2021-08-05 15:01:00,RBNC
28.18,28.18,28.18,28.18,100,2021-08-05 15:02:00,RBNC
28.25,28.25,28.25,28.25,100,2021-08-05 15:08:00,RBNC
28.25,28.25,28.25,28.25,161,2021-08-05 15:23:00,RBNC
28.19,28.19,28.18,28.18,200,2021-08-05 15:36:00,RBNC
28.25,28.25,28.25,28.25,400,2021-08-05 15:59:00,RBNC
28.25,28.25,28.25,28.25,200,2021-08-05 16:00:00,RBNC
28.25,28.25,28.25,28.25,100,2021-08-05 16:05:00,RBNC
28.2,28.2,28.2,28.2,108,2021-08-05 16:20:00,RBNC
28.2,28.2,28.2,28.2,100,2021-08-05 16:29:00,RBNC
28.25,28.25,28.25,28.25,200,2021-08-05 17:17:00,RBNC
28.25,28.25,28.25,28.25,172,2021-08-05 17:27:00,RBNC
28.2,28.2,28.2,28.2,208,2021-08-05 17:34:00,RBNC
28.12,28.12,28.12,28.12,200,2021-08-05 18:36:00,RBNC
28.16,28.16,28.16,28.16,100,2021-08-05 19:05:00,RBNC
28.17,28.17,28.17,28.17,204,2021-08-05 19:25:00,RBNC
28.18,28.18,28.18,28.18,102,2021-08-05 19:27:00,RBNC
28.15,28.15,28.12,28.12,308,2021-08-05 19:31:00,RBNC
28.21,28.24,28.21,28.24,300,2021-08-05 19:59:00,RBNC
28.25,28.25,28.25,28.25,2035,2021-08-05 20:00:00,RBNC
28.25,28.25,28.25,28.25,196,2021-08-05 20:01:00,RBNC
28.25,28.34,28.2,28.25,7523,2021-08-06 13:30:00,RBNC
28.41,28.41,28.41,28.41,100,2021-08-06 13:33:00,RBNC
28.59,28.59,28.59,28.59,100,2021-08-06 13:34:00,RBNC
28.6,28.6,28.6,28.6,300,2021-08-06 13:35:00,RBNC
28.59,28.6,28.565,28.59,1201,2021-08-06 13:38:00,RBNC
28.6,28.6,28.6,28.6,300,2021-08-06 13:39:00,RBNC
28.6,28.6,28.59,28.6,700,2021-08-06 13:40:00,RBNC
28.6,28.6,28.57,28.6,2400,2021-08-06 13:41:00,RBNC
28.55,28.55,28.55,28.55,200,2021-08-06 13:42:00,RBNC
28.53,28.53,28.53,28.53,100,2021-08-06 13:43:00,RBNC
28.49,28.5,28.49,28.5,300,2021-08-06 13:45:00,RBNC
28.48,28.48,28.48,28.48,100,2021-08-06 13:46:00,RBNC
28.5,28.5,28.5,28.5,970,2021-08-06 13:47:00,RBNC
28.5,28.5,28.5,28.5,473,2021-08-06 13:49:00,RBNC
28.5,28.5,28.49,28.49,500,2021-08-06 13:50:00,RBNC
28.41,28.41,28.41,28.41,100,2021-08-06 13:51:00,RBNC
28.65,28.65,28.65,28.65,100,2021-08-06 14:00:00,RBNC
28.76,28.76,28.76,28.76,200,2021-08-06 14:15:00,RBNC
28.86,28.86,28.86,28.86,355,2021-08-06 14:27:00,RBNC
28.86,28.86,28.86,28.86,101,2021-08-06 14:49:00,RBNC
28.86,28.86,28.86,28.86,1530,2021-08-06 14:55:00,RBNC
28.86,28.86,28.86,28.86,677,2021-08-06 14:56:00,RBNC
28.86,28.99,28.855,28.99,6951,2021-08-06 14:58:00,RBNC
29.0,29.0,28.99,28.99,401,2021-08-06 14:59:00,RBNC
28.99,28.99,28.99,28.99,100,2021-08-06 15:00:00,RBNC
29.0,29.0,28.99,29.0,702,2021-08-06 15:01:00,RBNC
29.0,29.0,29.0,29.0,100,2021-08-06 15:05:00,RBNC
28.99,28.99,28.99,28.99,201,2021-08-06 15:07:00,RBNC
28.99,28.99,28.99,28.99,100,2021-08-06 15:09:00,RBNC
29.0,29.0,28.99,29.0,2284,2021-08-06 15:11:00,RBNC
29.11,29.11,29.11,29.11,100,2021-08-06 15:12:00,RBNC
29.055,29.055,28.94,28.94,1000,2021-08-06 15:13:00,RBNC
29.03,29.03,29.03,29.03,300,2021-08-06 15:14:00,RBNC
28.91,28.91,28.9,28.9,300,2021-08-06 15:17:00,RBNC
28.91,28.91,28.74,28.74,1700,2021-08-06 15:19:00,RBNC
29.03,29.03,28.84,29.02,400,2021-08-06 15:20:00,RBNC
28.99,28.99,28.99,28.99,100,2021-08-06 15:23:00,RBNC
28.99,28.99,28.99,28.99,100,2021-08-06 15:24:00,RBNC
29.12,29.12,29.12,29.12,102,2021-08-06 15:26:00,RBNC
29.1,29.17,29.1,29.17,700,2021-08-06 15:41:00,RBNC
29.15,29.15,29.12,29.14,2100,2021-08-06 15:45:00,RBNC
29.2,29.21,29.2,29.21,200,2021-08-06 15:46:00,RBNC
29.185,29.185,29.185,29.185,1000,2021-08-06 15:50:00,RBNC
29.14,29.14,29.045,29.045,1305,2021-08-06 15:51:00,RBNC
29.0,29.0,29.0,29.0,100,2021-08-06 15:53:00,RBNC
29.09,29.09,29.01,29.01,500,2021-08-06 15:54:00,RBNC
29.01,29.08,29.0,29.0,600,2021-08-06 15:55:00,RBNC
29.025,29.05,29.0,29.025,600,2021-08-06 15:56:00,RBNC
29.03,29.07,29.03,29.05,1000,2021-08-06 15:57:00,RBNC
29.01,29.09,29.01,29.09,200,2021-08-06 15:58:00,RBNC
29.05,29.08,29.01,29.01,378,2021-08-06 15:59:00,RBNC
29.02,29.02,29.02,29.02,100,2021-08-06 16:00:00,RBNC
29.01,29.01,29.01,29.01,100,2021-08-06 16:01:00,RBNC
29.02,29.02,29.02,29.02,100,2021-08-06 16:02:00,RBNC
29.05,29.05,29.05,29.05,300,2021-08-06 16:03:00,RBNC
29.09,29.09,29.03,29.03,300,2021-08-06 16:05:00,RBNC
29.04,29.045,29.03,29.03,333,2021-08-06 16:06:00,RBNC
29.05,29.09,29.05,29.09,202,2021-08-06 16:07:00,RBNC
29.06,29.08,29.06,29.07,453,2021-08-06 16:08:00,RBNC
29.03,29.03,29.03,29.03,269,2021-08-06 16:09:00,RBNC
29.02,29.07,29.02,29.07,300,2021-08-06 16:10:00,RBNC
29.01,29.01,29.01,29.01,100,2021-08-06 16:11:00,RBNC
29.08,29.09,29.03,29.05,1300,2021-08-06 16:12:00,RBNC
29.0,29.01,29.0,29.01,225,2021-08-06 16:14:00,RBNC
29.045,29.045,29.045,29.045,102,2021-08-06 16:15:00,RBNC
29.01,29.01,29.01,29.01,100,2021-08-06 16:16:00,RBNC
29.01,29.01,29.01,29.01,200,2021-08-06 16:21:00,RBNC
29.08,29.08,29.08,29.08,100,2021-08-06 16:27:00,RBNC
29.09,29.09,29.03,29.03,900,2021-08-06 16:28:00,RBNC
28.98,29.0,28.98,29.0,400,2021-08-06 16:29:00,RBNC
29.0,29.0,29.0,29.0,100,2021-08-06 16:41:00,RBNC
29.03,29.0325,29.01,29.03,801,2021-08-06 16:43:00,RBNC
29.03,29.03,29.03,29.03,200,2021-08-06 16:47:00,RBNC
29.02,29.04,29.02,29.04,200,2021-08-06 16:48:00,RBNC
29.02,29.02,28.99,29.0,2322,2021-08-06 16:50:00,RBNC
29.03,29.03,29.02,29.02,302,2021-08-06 16:56:00,RBNC
29.0,29.0,29.0,29.0,200,2021-08-06 17:11:00,RBNC
29.0,29.0,29.0,29.0,100,2021-08-06 17:27:00,RBNC
29.05,29.05,29.05,29.05,280,2021-08-06 17:31:00,RBNC
29.0,29.0,29.0,29.0,100,2021-08-06 17:52:00,RBNC
28.98,28.98,28.98,28.98,100,2021-08-06 18:00:00,RBNC
29.0,29.0,29.0,29.0,500,2021-08-06 18:21:00,RBNC
29.0,29.0,29.0,29.0,100,2021-08-06 18:28:00,RBNC
29.0,29.0,29.0,29.0,100,2021-08-06 18:37:00,RBNC
29.0,29.0,29.0,29.0,400,2021-08-06 18:51:00,RBNC
28.96,28.96,28.96,28.96,200,2021-08-06 18:52:00,RBNC
29.0,29.0,28.98,28.98,600,2021-08-06 18:53:00,RBNC
28.9,28.9,28.9,28.9,100,2021-08-06 18:58:00,RBNC
28.96,28.96,28.96,28.96,200,2021-08-06 19:01:00,RBNC
29.0,29.0,29.0,29.0,300,2021-08-06 19:14:00,RBNC
29.0,29.0,29.0,29.0,191,2021-08-06 19:22:00,RBNC
29.0,29.0,29.0,29.0,200,2021-08-06 19:23:00,RBNC
29.0,29.0,29.0,29.0,1002,2021-08-06 19:24:00,RBNC
29.0,29.0,29.0,29.0,800,2021-08-06 19:25:00,RBNC
29.0,29.0,28.98,29.0,5135,2021-08-06 19:26:00,RBNC
29.0,29.0,29.0,29.0,454,2021-08-06 19:28:00,RBNC
29.0,29.0,28.98,29.0,605,2021-08-06 19:29:00,RBNC
29.0,29.0,29.0,29.0,844,2021-08-06 19:30:00,RBNC
29.0,29.0,29.0,29.0,3333,2021-08-06 19:32:00,RBNC
29.0,29.0,29.0,29.0,2734,2021-08-06 19:33:00,RBNC
29.0,29.0,29.0,29.0,5639,2021-08-06 19:34:00,RBNC
29.0,29.0,29.0,29.0,500,2021-08-06 19:35:00,RBNC
29.0,29.0,29.0,29.0,260,2021-08-06 19:36:00,RBNC
28.96,28.96,28.96,28.96,100,2021-08-06 19:43:00,RBNC
28.99,29.0,28.99,29.0,500,2021-08-06 19:46:00,RBNC
28.99,29.0,28.99,29.0,500,2021-08-06 19:49:00,RBNC
28.97,28.97,28.96,28.97,400,2021-08-06 19:50:00,RBNC
28.97,28.97,28.97,28.97,100,2021-08-06 19:52:00,RBNC
29.0,29.0,29.0,29.0,100,2021-08-06 19:55:00,RBNC
29.0,29.0,29.0,29.0,1968,2021-08-06 19:58:00,RBNC
29.01,29.13,29.01,29.12,1795,2021-08-06 19:59:00,RBNC
29.05,29.05,29.05,29.05,3002,2021-08-06 20:00:00,RBNC
29.04,29.04,29.04,29.04,318,2021-08-09 13:30:00,RBNC
29.08,29.08,29.08,29.08,100,2021-08-09 13:56:00,RBNC
29.0208,29.0208,29.0208,29.0208,170,2021-08-09 14:01:00,RBNC
29.0201,29.0201,29.0201,29.0201,150,2021-08-09 14:06:00,RBNC
29.2,29.2,29.2,29.2,127,2021-08-09 14:07:00,RBNC
28.92,28.92,28.92,28.92,100,2021-08-09 14:09:00,RBNC
29.0,29.0,28.86,28.86,500,2021-08-09 14:20:00,RBNC
29.02,29.02,29.02,29.02,100,2021-08-09 14:24:00,RBNC
29.0,29.0,29.0,29.0,100,2021-08-09 14:30:00,RBNC
29.25,29.25,29.25,29.25,100,2021-08-09 14:42:00,RBNC
29.235,29.235,29.235,29.235,100,2021-08-09 14:48:00,RBNC
29.34,29.34,29.34,29.34,100,2021-08-09 14:57:00,RBNC
29.32,29.32,29.32,29.32,100,2021-08-09 15:17:00,RBNC
29.31,29.32,29.31,29.32,400,2021-08-09 15:32:00,RBNC
29.37,29.37,29.37,29.37,100,2021-08-09 15:33:00,RBNC
29.38,29.38,29.38,29.38,100,2021-08-09 15:38:00,RBNC
29.39,29.39,29.39,29.39,100,2021-08-09 15:44:00,RBNC
29.4,29.4,29.4,29.4,100,2021-08-09 16:00:00,RBNC
29.35,29.35,29.35,29.35,100,2021-08-09 16:02:00,RBNC
29.38,29.38,29.37,29.38,300,2021-08-09 16:40:00,RBNC
29.41,29.41,29.41,29.41,100,2021-08-09 16:41:00,RBNC
29.44,29.44,29.44,29.44,100,2021-08-09 16:46:00,RBNC
29.55,29.55,29.55,29.55,100,2021-08-09 17:11:00,RBNC
29.59,29.59,29.59,29.59,100,2021-08-09 17:13:00,RBNC
29.56,29.56,29.56,29.56,100,2021-08-09 17:15:00,RBNC
29.65,29.65,29.65,29.65,500,2021-08-09 17:22:00,RBNC
29.65,29.65,29.65,29.65,100,2021-08-09 17:47:00,RBNC
29.5887,29.5887,29.5887,29.5887,100,2021-08-09 17:55:00,RBNC
29.65,29.65,29.65,29.65,101,2021-08-09 18:00:00,RBNC
29.65,29.65,29.65,29.65,102,2021-08-09 18:12:00,RBNC
29.65,29.65,29.65,29.65,200,2021-08-09 18:19:00,RBNC
29.65,29.65,29.65,29.65,100,2021-08-09 18:20:00,RBNC
29.6358,29.6358,29.6358,29.6358,100,2021-08-09 18:24:00,RBNC
29.65,29.65,29.65,29.65,327,2021-08-09 18:49:00,RBNC
29.63,29.63,29.62,29.62,200,2021-08-09 18:52:00,RBNC
29.6,29.6,29.6,29.6,100,2021-08-09 18:53:00,RBNC
29.63,29.63,29.63,29.63,100,2021-08-09 19:09:00,RBNC
29.65,29.65,29.65,29.65,1580,2021-08-09 19:12:00,RBNC
29.65,29.65,29.64,29.64,1001,2021-08-09 19:16:00,RBNC
29.64,29.65,29.64,29.65,203,2021-08-09 19:17:00,RBNC
29.585,29.585,29.53,29.53,1039,2021-08-09 19:24:00,RBNC
29.59,29.59,29.59,29.59,100,2021-08-09 19:25:00,RBNC
29.56,29.56,29.56,29.56,100,2021-08-09 19:30:00,RBNC
29.56,29.56,29.56,29.56,100,2021-08-09 19:37:00,RBNC
29.51,29.51,29.51,29.51,306,2021-08-09 19:40:00,RBNC
29.46,29.46,29.46,29.46,100,2021-08-09 19:46:00,RBNC
29.385,29.385,29.385,29.385,100,2021-08-09 19:52:00,RBNC
29.35,29.35,29.31,29.31,200,2021-08-09 19:53:00,RBNC
29.35,29.36,29.35,29.36,664,2021-08-09 19:56:00,RBNC
29.36,29.4,29.34,29.4,635,2021-08-09 19:59:00,RBNC
29.35,29.35,29.35,29.35,1111,2021-08-09 20:00:00,RBNC
28.495,29.39,28.495,29.3,561,2021-08-10 13:30:00,RBNC
29.33,29.33,29.33,29.33,100,2021-08-10 13:34:00,RBNC
29.34,29.34,29.29,29.29,200,2021-08-10 13:35:00,RBNC
29.35,29.35,29.35,29.35,100,2021-08-10 13:37:00,RBNC
29.35,29.35,29.35,29.35,100,2021-08-10 13:38:00,RBNC
29.37,29.37,29.36,29.36,204,2021-08-10 13:44:00,RBNC
29.01,29.05,29.0,29.0002,400,2021-08-10 14:02:00,RBNC
29.23,29.23,29.23,29.23,300,2021-08-10 14:24:00,RBNC
29.34,29.34,29.34,29.34,100,2021-08-10 14:29:00,RBNC
29.33,29.34,29.33,29.33,400,2021-08-10 14:30:00,RBNC
29.365,29.38,29.27,29.27,1200,2021-08-10 14:31:00,RBNC
29.42,29.42,29.26,29.26,400,2021-08-10 14:33:00,RBNC
29.29,29.33,29.25,29.33,1965,2021-08-10 14:34:00,RBNC
29.34,29.55,29.3,29.31,869,2021-08-10 14:35:00,RBNC
29.32,29.32,29.31,29.31,400,2021-08-10 14:37:00,RBNC
29.455,29.455,29.3,29.31,1477,2021-08-10 14:38:00,RBNC
29.31,29.31,29.31,29.31,100,2021-08-10 14:39:00,RBNC
29.42,29.42,29.42,29.42,100,2021-08-10 14:41:00,RBNC
29.5,29.5,29.4,29.4,400,2021-08-10 14:42:00,RBNC
29.36,29.36,29.32,29.32,500,2021-08-10 14:43:00,RBNC
29.44,29.44,29.28,29.405,500,2021-08-10 14:45:00,RBNC
29.3,29.3,29.3,29.3,100,2021-08-10 14:46:00,RBNC
29.475,29.475,29.29,29.32,500,2021-08-10 15:09:00,RBNC
29.3,29.42,29.3,29.42,200,2021-08-10 15:10:00,RBNC
29.44,29.52,29.41,29.52,300,2021-08-10 15:11:00,RBNC
29.42,29.42,29.42,29.42,100,2021-08-10 15:12:00,RBNC
29.33,29.33,29.33,29.33,100,2021-08-10 15:14:00,RBNC
29.6,29.6,29.6,29.6,100,2021-08-10 15:15:00,RBNC
29.53,29.53,29.32,29.32,400,2021-08-10 15:16:00,RBNC
29.31,29.31,29.31,29.31,100,2021-08-10 15:17:00,RBNC
29.52,29.52,29.4,29.4,200,2021-08-10 15:19:00,RBNC
29.54,29.54,29.46,29.47,600,2021-08-10 15:37:00,RBNC
29.61,29.61,29.53,29.53,798,2021-08-10 15:42:00,RBNC
29.61,29.61,29.61,29.61,100,2021-08-10 15:43:00,RBNC
29.58,29.58,29.38,29.38,300,2021-08-10 15:45:00,RBNC
29.58,29.58,29.58,29.58,200,2021-08-10 15:46:00,RBNC
29.545,29.545,29.545,29.545,100,2021-08-10 15:54:00,RBNC
29.6,29.65,29.6,29.65,2215,2021-08-10 15:59:00,RBNC
29.62,29.62,29.62,29.62,200,2021-08-10 16:00:00,RBNC
29.59,29.59,29.59,29.59,100,2021-08-10 16:06:00,RBNC
29.57,29.57,29.57,29.57,100,2021-08-10 16:16:00,RBNC
29.57,29.57,29.57,29.57,100,2021-08-10 16:18:00,RBNC
29.6,29.6,29.6,29.6,200,2021-08-10 16:33:00,RBNC
29.58,29.58,29.58,29.58,100,2021-08-10 16:41:00,RBNC
29.59,29.59,29.59,29.59,100,2021-08-10 16:46:00,RBNC
29.61,29.62,29.61,29.62,200,2021-08-10 16:47:00,RBNC
29.65,29.65,29.65,29.65,1060,2021-08-10 16:59:00,RBNC
29.67,29.67,29.67,29.67,100,2021-08-10 17:00:00,RBNC
29.65,29.65,29.65,29.65,1802,2021-08-10 17:01:00,RBNC
29.64,29.64,29.64,29.64,200,2021-08-10 17:19:00,RBNC
29.71,29.71,29.68,29.68,200,2021-08-10 17:37:00,RBNC
29.61,29.61,29.61,29.61,100,2021-08-10 17:46:00,RBNC
29.62,29.62,29.62,29.62,100,2021-08-10 18:20:00,RBNC
29.74,29.74,29.74,29.74,100,2021-08-10 18:30:00,RBNC
29.75,29.75,29.72,29.72,604,2021-08-10 18:54:00,RBNC
29.74,29.74,29.74,29.74,100,2021-08-10 18:55:00,RBNC
29.6,29.6,29.6,29.6,100,2021-08-10 19:11:00,RBNC
29.585,29.59,29.58,29.58,400,2021-08-10 19:12:00,RBNC
29.625,29.625,29.54,29.54,392,2021-08-10 19:14:00,RBNC
29.54,29.54,29.54,29.54,100,2021-08-10 19:15:00,RBNC
29.5,29.5,29.5,29.5,100,2021-08-10 19:20:00,RBNC
29.54,29.54,29.54,29.54,100,2021-08-10 19:32:00,RBNC
29.49,29.49,29.49,29.49,100,2021-08-10 19:42:00,RBNC
29.57,29.57,29.53,29.53,700,2021-08-10 19:52:00,RBNC
29.61,29.61,29.61,29.61,200,2021-08-10 19:54:00,RBNC
29.52,29.52,29.52,29.52,100,2021-08-10 19:58:00,RBNC
29.51,29.51,29.51,29.51,101,2021-08-10 19:59:00,RBNC
29.66,29.66,29.66,29.66,1469,2021-08-10 20:00:00,RBNC
29.72,29.72,29.49,29.49,235,2021-08-11 13:30:00,RBNC
29.5,29.5,29.5,29.5,200,2021-08-11 13:33:00,RBNC
29.47,29.47,29.37,29.44,700,2021-08-11 13:34:00,RBNC
29.37,29.37,29.34,29.34,300,2021-08-11 13:35:00,RBNC
29.33,29.33,29.33,29.33,130,2021-08-11 13:37:00,RBNC
29.41,29.41,29.41,29.41,100,2021-08-11 13:38:00,RBNC
29.43,29.43,29.43,29.43,408,2021-08-11 13:39:00,RBNC
29.51,29.51,29.51,29.51,100,2021-08-11 13:55:00,RBNC
29.46,29.51,29.46,29.51,202,2021-08-11 14:03:00,RBNC
29.48,29.48,29.46,29.46,223,2021-08-11 14:33:00,RBNC
29.65,29.65,29.65,29.65,267,2021-08-11 15:05:00,RBNC
29.71,29.71,29.71,29.71,100,2021-08-11 15:27:00,RBNC
29.71,29.71,29.71,29.71,100,2021-08-11 15:37:00,RBNC
29.71,29.71,29.71,29.71,200,2021-08-11 15:39:00,RBNC
29.86,29.86,29.85,29.85,200,2021-08-11 16:07:00,RBNC
29.84,29.84,29.84,29.84,100,2021-08-11 16:55:00,RBNC
29.77,29.77,29.77,29.77,100,2021-08-11 17:25:00,RBNC
29.76,29.76,29.71,29.71,1070,2021-08-11 17:26:00,RBNC
29.77,29.77,29.77,29.77,100,2021-08-11 17:27:00,RBNC
29.65,29.65,29.6401,29.6401,1300,2021-08-11 17:36:00,RBNC
29.755,29.755,29.755,29.755,195,2021-08-11 17:37:00,RBNC
29.86,29.86,29.86,29.86,100,2021-08-11 17:38:00,RBNC
29.78,29.78,29.78,29.78,200,2021-08-11 17:42:00,RBNC
29.79,29.83,29.78,29.83,300,2021-08-11 18:09:00,RBNC
29.88,29.89,29.815,29.87,1400,2021-08-11 18:18:00,RBNC
29.82,29.82,29.82,29.82,200,2021-08-11 18:19:00,RBNC
29.86,29.86,29.86,29.86,100,2021-08-11 18:20:00,RBNC
29.72,29.74,29.72,29.74,200,2021-08-11 18:22:00,RBNC
29.8,29.8,29.8,29.8,100,2021-08-11 18:23:00,RBNC
29.88,29.88,29.88,29.88,100,2021-08-11 18:24:00,RBNC
29.85,29.88,29.85,29.88,450,2021-08-11 18:37:00,RBNC
29.88,29.88,29.87,29.87,200,2021-08-11 18:38:00,RBNC
29.86,29.86,29.84,29.84,248,2021-08-11 18:46:00,RBNC
29.88,29.88,29.88,29.88,100,2021-08-11 18:54:00,RBNC
29.87,29.87,29.87,29.87,300,2021-08-11 18:56:00,RBNC
29.87,29.87,29.87,29.87,128,2021-08-11 18:59:00,RBNC
29.87,29.89,29.87,29.875,493,2021-08-11 19:00:00,RBNC
29.865,29.865,29.865,29.865,100,2021-08-11 19:02:00,RBNC
29.865,29.865,29.865,29.865,100,2021-08-11 19:03:00,RBNC
29.84,29.84,29.84,29.84,200,2021-08-11 19:14:00,RBNC
29.88,29.88,29.88,29.88,100,2021-08-11 19:16:00,RBNC
29.88,29.88,29.88,29.88,100,2021-08-11 19:17:00,RBNC
29.89,29.89,29.89,29.89,100,2021-08-11 19:18:00,RBNC
29.89,29.89,29.89,29.89,200,2021-08-11 19:19:00,RBNC
29.875,29.88,29.875,29.88,400,2021-08-11 19:23:00,RBNC
29.86,29.88,29.86,29.88,200,2021-08-11 19:24:00,RBNC
29.9,29.9,29.87,29.9,10019,2021-08-11 19:28:00,RBNC
29.9,29.95,29.9,29.94,3138,2021-08-11 19:29:00,RBNC
29.95,29.95,29.95,29.95,300,2021-08-11 19:31:00,RBNC
29.94,29.94,29.94,29.94,200,2021-08-11 19:32:00,RBNC
29.94,29.94,29.94,29.94,100,2021-08-11 19:33:00,RBNC
29.93,29.95,29.925,29.95,486,2021-08-11 19:34:00,RBNC
29.95,29.95,29.95,29.95,200,2021-08-11 19:35:00,RBNC
29.94,29.95,29.92,29.94,579,2021-08-11 19:36:00,RBNC
29.97,29.97,29.97,29.97,100,2021-08-11 19:38:00,RBNC
29.93,29.94,29.93,29.94,200,2021-08-11 19:39:00,RBNC
29.88,29.92,29.88,29.92,300,2021-08-11 19:53:00,RBNC
29.92,29.92,29.92,29.92,100,2021-08-11 19:54:00,RBNC
29.89,29.89,29.89,29.89,100,2021-08-11 19:55:00,RBNC
29.925,29.94,29.925,29.93,1134,2021-08-11 19:57:00,RBNC
29.95,29.96,29.93,29.94,1000,2021-08-11 19:58:00,RBNC
29.96,29.99,29.93,29.97,2046,2021-08-11 19:59:00,RBNC
29.99,29.99,29.99,29.99,1967,2021-08-11 20:00:00,RBNC
29.56,29.99,29.56,29.99,906,2021-08-12 13:30:00,RBNC
29.95,29.96,29.95,29.96,200,2021-08-12 13:36:00,RBNC
29.94,29.94,29.87,29.87,400,2021-08-12 13:39:00,RBNC
29.91,29.91,29.91,29.91,100,2021-08-12 13:40:00,RBNC
29.95,29.95,29.95,29.95,500,2021-08-12 13:42:00,RBNC
29.91,29.91,29.9,29.9,500,2021-08-12 13:47:00,RBNC
29.895,29.93,29.895,29.93,608,2021-08-12 13:51:00,RBNC
29.91,29.91,29.91,29.91,100,2021-08-12 13:57:00,RBNC
29.88,29.88,29.86,29.86,600,2021-08-12 13:59:00,RBNC
29.86,29.87,29.8,29.84,900,2021-08-12 14:00:00,RBNC
29.82,29.82,29.82,29.82,100,2021-08-12 14:19:00,RBNC
29.74,29.74,29.74,29.74,100,2021-08-12 14:22:00,RBNC
29.75,29.76,29.75,29.76,500,2021-08-12 14:54:00,RBNC
29.81,29.81,29.81,29.81,204,2021-08-12 15:00:00,RBNC
29.81,29.82,29.81,29.82,350,2021-08-12 15:01:00,RBNC
29.84,29.84,29.84,29.84,100,2021-08-12 15:02:00,RBNC
29.92,29.92,29.92,29.92,400,2021-08-12 15:25:00,RBNC
29.95,29.95,29.95,29.95,100,2021-08-12 15:42:00,RBNC
29.96,29.96,29.96,29.96,100,2021-08-12 16:21:00,RBNC
29.96,29.96,29.96,29.96,700,2021-08-12 16:26:00,RBNC
29.96,29.96,29.96,29.96,300,2021-08-12 16:27:00,RBNC
29.96,29.96,29.96,29.96,100,2021-08-12 16:33:00,RBNC
29.96,29.96,29.96,29.96,100,2021-08-12 17:03:00,RBNC
29.96,29.96,29.96,29.96,100,2021-08-12 17:16:00,RBNC
29.96,29.96,29.96,29.96,400,2021-08-12 17:17:00,RBNC
29.96,29.96,29.96,29.96,200,2021-08-12 17:39:00,RBNC
29.94,29.96,29.94,29.96,1000,2021-08-12 17:46:00,RBNC
29.97,29.97,29.97,29.97,100,2021-08-12 18:15:00,RBNC
29.97,29.97,29.97,29.97,200,2021-08-12 18:32:00,RBNC
29.97,29.97,29.97,29.97,200,2021-08-12 18:34:00,RBNC
29.97,29.97,29.97,29.97,400,2021-08-12 18:35:00,RBNC
29.97,29.97,29.97,29.97,100,2021-08-12 18:37:00,RBNC
29.97,29.98,29.9602,29.9652,4502,2021-08-12 18:39:00,RBNC
29.98,29.98,29.98,29.98,100,2021-08-12 18:40:00,RBNC
29.98,29.98,29.98,29.98,1519,2021-08-12 18:41:00,RBNC
29.98,29.98,29.98,29.98,900,2021-08-12 18:42:00,RBNC
29.97,29.98,29.96,29.96,402,2021-08-12 18:43:00,RBNC
29.97,29.97,29.97,29.97,940,2021-08-12 18:44:00,RBNC
29.97,29.98,29.96,29.98,601,2021-08-12 18:55:00,RBNC
29.98,29.98,29.9675,29.98,854,2021-08-12 18:56:00,RBNC
29.97,29.97,29.97,29.97,100,2021-08-12 18:59:00,RBNC
29.98,29.98,29.95,29.97,349,2021-08-12 19:00:00,RBNC
29.98,29.98,29.98,29.98,100,2021-08-12 19:14:00,RBNC
29.94,29.94,29.94,29.94,100,2021-08-12 19:23:00,RBNC
29.95,29.95,29.93,29.93,220,2021-08-12 19:35:00,RBNC
29.96,29.96,29.96,29.96,200,2021-08-12 19:39:00,RBNC
29.97,29.98,29.97,29.98,272,2021-08-12 19:40:00,RBNC
29.92,29.96,29.92,29.96,1700,2021-08-12 19:58:00,RBNC
29.96,29.98,29.96,29.98,1039,2021-08-12 19:59:00,RBNC
29.97,29.97,29.97,29.97,4348,2021-08-12 20:00:00,RBNC
29.97,29.97,29.97,29.97,101,2021-08-12 20:01:00,RBNC
30.0,30.0,29.97,29.97,413,2021-08-13 13:30:00,RBNC
29.91,29.92,29.91,29.92,700,2021-08-13 13:31:00,RBNC
29.93,29.93,29.93,29.93,200,2021-08-13 13:32:00,RBNC
29.92,29.92,29.92,29.92,200,2021-08-13 13:35:00,RBNC
29.851,29.851,29.851,29.851,100,2021-08-13 13:44:00,RBNC
29.8501,29.8501,29.85,29.85,325,2021-08-13 13:45:00,RBNC
29.9262,29.9262,29.9262,29.9262,112,2021-08-13 14:00:00,RBNC
29.76,29.76,29.74,29.74,200,2021-08-13 14:25:00,RBNC
29.84,29.84,29.84,29.84,261,2021-08-13 14:48:00,RBNC
29.89,29.89,29.83,29.83,200,2021-08-13 14:49:00,RBNC
29.83,29.83,29.83,29.83,100,2021-08-13 14:52:00,RBNC
29.8,29.8,29.8,29.8,200,2021-08-13 14:53:00,RBNC
29.78,29.8,29.78,29.8,1101,2021-08-13 14:56:00,RBNC
29.82,29.85,29.82,29.84,800,2021-08-13 14:57:00,RBNC
29.85,29.85,29.85,29.85,1473,2021-08-13 15:01:00,RBNC
29.86,29.86,29.86,29.86,295,2021-08-13 15:02:00,RBNC
29.8527,29.8527,29.8527,29.8527,100,2021-08-13 15:03:00,RBNC
29.8,29.8,29.8,29.8,200,2021-08-13 15:08:00,RBNC
29.81,29.81,29.81,29.81,100,2021-08-13 15:36:00,RBNC
29.81,29.81,29.81,29.81,100,2021-08-13 15:51:00,RBNC
29.86,29.87,29.86,29.87,400,2021-08-13 16:05:00,RBNC
29.83,29.83,29.83,29.83,100,2021-08-13 16:30:00,RBNC
29.83,29.83,29.83,29.83,173,2021-08-13 16:37:00,RBNC
29.82,29.82,29.82,29.82,100,2021-08-13 17:15:00,RBNC
29.845,29.845,29.84,29.84,600,2021-08-13 17:28:00,RBNC
29.85,29.85,29.85,29.85,300,2021-08-13 17:29:00,RBNC
29.86,29.86,29.86,29.86,100,2021-08-13 17:35:00,RBNC
29.91,29.91,29.91,29.91,100,2021-08-13 17:44:00,RBNC
29.84,29.84,29.84,29.84,100,2021-08-13 17:53:00,RBNC
29.84,29.84,29.84,29.84,100,2021-08-13 18:23:00,RBNC
29.83,29.86,29.82,29.86,1927,2021-08-13 18:24:00,RBNC
29.82,29.91,29.82,29.91,200,2021-08-13 18:25:00,RBNC
29.87,29.87,29.87,29.87,100,2021-08-13 18:27:00,RBNC
29.91,29.91,29.91,29.91,100,2021-08-13 18:28:00,RBNC
29.84,29.84,29.84,29.84,179,2021-08-13 18:36:00,RBNC
29.89,29.89,29.89,29.89,100,2021-08-13 18:37:00,RBNC
29.83,29.83,29.83,29.83,135,2021-08-13 18:50:00,RBNC
29.92,29.92,29.92,29.92,100,2021-08-13 18:53:00,RBNC
29.92,29.92,29.9,29.91,1500,2021-08-13 18:59:00,RBNC
29.91,29.91,29.91,29.91,177,2021-08-13 19:00:00,RBNC
29.95,29.95,29.95,29.95,200,2021-08-13 19:01:00,RBNC
29.92,29.95,29.83,29.95,1650,2021-08-13 19:30:00,RBNC
29.92,29.92,29.9,29.92,1924,2021-08-13 19:37:00,RBNC
29.915,29.96,29.915,29.925,400,2021-08-13 19:38:00,RBNC
29.89,29.89,29.89,29.89,100,2021-08-13 19:40:00,RBNC
29.89,29.89,29.89,29.89,100,2021-08-13 19:41:00,RBNC
29.89,29.925,29.89,29.925,200,2021-08-13 19:42:00,RBNC
29.89,29.96,29.89,29.96,200,2021-08-13 19:43:00,RBNC
29.89,29.89,29.89,29.89,100,2021-08-13 19:44:00,RBNC
29.96,29.96,29.89,29.89,200,2021-08-13 19:45:00,RBNC
29.89,29.89,29.89,29.89,100,2021-08-13 19:46:00,RBNC
29.89,29.89,29.89,29.89,100,2021-08-13 19:47:00,RBNC
29.89,29.96,29.89,29.96,500,2021-08-13 19:48:00,RBNC
29.93,29.97,29.93,29.97,600,2021-08-13 19:50:00,RBNC
29.95,29.95,29.95,29.95,100,2021-08-13 19:51:00,RBNC
29.96,29.96,29.91,29.91,200,2021-08-13 19:52:00,RBNC
29.9,29.97,29.9,29.97,300,2021-08-13 19:53:00,RBNC
29.9,29.9,29.9,29.9,100,2021-08-13 19:55:00,RBNC
29.9,29.9,29.9,29.9,200,2021-08-13 19:56:00,RBNC
29.9,30.0,29.9,30.0,19133,2021-08-13 19:57:00,RBNC
29.99,29.99,29.97,29.99,3300,2021-08-13 19:58:00,RBNC
29.99,30.0,29.92,29.99,3718,2021-08-13 19:59:00,RBNC
29.91,29.91,29.91,29.91,2261,2021-08-13 20:00:00,RBNC
29.7,29.7,29.7,29.7,295,2021-08-16 13:30:00,RBNC
29.62,29.62,29.59,29.59,200,2021-08-16 13:37:00,RBNC
29.5,29.5,29.5,29.5,100,2021-08-16 13:39:00,RBNC
29.41,29.41,29.41,29.41,190,2021-08-16 13:42:00,RBNC
29.4121,29.4121,29.4121,29.4121,100,2021-08-16 13:43:00,RBNC
29.48,29.48,29.48,29.48,100,2021-08-16 14:06:00,RBNC
29.59,29.59,29.59,29.59,100,2021-08-16 14:07:00,RBNC
29.65,29.81,29.65,29.81,400,2021-08-16 14:11:00,RBNC
29.6,29.6,29.6,29.6,100,2021-08-16 14:28:00,RBNC
29.69,29.69,29.69,29.69,100,2021-08-16 15:01:00,RBNC
29.69,29.69,29.69,29.69,100,2021-08-16 15:03:00,RBNC
29.655,29.655,29.655,29.655,100,2021-08-16 15:07:00,RBNC
29.69,29.69,29.655,29.655,300,2021-08-16 15:18:00,RBNC
29.655,29.655,29.655,29.655,300,2021-08-16 15:20:00,RBNC
29.66,29.69,29.63,29.66,1500,2021-08-16 15:21:00,RBNC
29.675,29.675,29.675,29.675,278,2021-08-16 15:22:00,RBNC
29.655,29.655,29.65,29.65,400,2021-08-16 15:23:00,RBNC
29.62,29.62,29.62,29.62,400,2021-08-16 15:30:00,RBNC
29.68,29.68,29.68,29.68,200,2021-08-16 15:31:00,RBNC
29.67,29.67,29.67,29.67,100,2021-08-16 15:32:00,RBNC
29.685,29.685,29.66,29.66,602,2021-08-16 15:33:00,RBNC
29.7,29.7,29.7,29.7,100,2021-08-16 15:34:00,RBNC
29.68,29.68,29.67,29.675,400,2021-08-16 15:36:00,RBNC
29.65,29.65,29.65,29.65,300,2021-08-16 15:37:00,RBNC
29.6259,29.6259,29.6259,29.6259,194,2021-08-16 15:39:00,RBNC
29.65,29.65,29.65,29.65,108,2021-08-16 15:40:00,RBNC
29.67,29.67,29.65,29.65,329,2021-08-16 15:41:00,RBNC
29.66,29.66,29.66,29.66,100,2021-08-16 15:42:00,RBNC
29.67,29.67,29.67,29.67,100,2021-08-16 15:43:00,RBNC
29.65,29.65,29.65,29.65,100,2021-08-16 15:59:00,RBNC
29.64,29.64,29.64,29.64,100,2021-08-16 16:11:00,RBNC
29.61,29.65,29.61,29.65,329,2021-08-16 16:40:00,RBNC
29.65,29.65,29.65,29.65,100,2021-08-16 16:43:00,RBNC
29.62,29.62,29.62,29.62,200,2021-08-16 16:55:00,RBNC
29.63,29.63,29.63,29.63,200,2021-08-16 17:06:00,RBNC
29.65,29.65,29.65,29.65,201,2021-08-16 17:11:00,RBNC
29.6,29.6,29.6,29.6,200,2021-08-16 17:30:00,RBNC
29.65,29.65,29.65,29.65,100,2021-08-16 17:54:00,RBNC
29.65,29.65,29.65,29.65,100,2021-08-16 17:55:00,RBNC
29.67,29.67,29.67,29.67,218,2021-08-16 18:04:00,RBNC
29.67,29.67,29.67,29.67,130,2021-08-16 18:06:00,RBNC
29.58,29.61,29.57,29.61,606,2021-08-16 18:20:00,RBNC
29.62,29.62,29.62,29.62,100,2021-08-16 18:21:00,RBNC
29.57,29.57,29.57,29.57,200,2021-08-16 18:50:00,RBNC
29.68,29.68,29.68,29.68,204,2021-08-16 19:13:00,RBNC
29.64,29.64,29.64,29.64,100,2021-08-16 19:15:00,RBNC
29.63,29.63,29.63,29.63,100,2021-08-16 19:16:00,RBNC
29.585,29.585,29.585,29.585,100,2021-08-16 19:26:00,RBNC
29.63,29.63,29.63,29.63,100,2021-08-16 19:37:00,RBNC
29.58,29.58,29.58,29.58,100,2021-08-16 19:41:00,RBNC
29.59,29.59,29.5675,29.5675,200,2021-08-16 19:42:00,RBNC
29.5,29.54,29.5,29.54,568,2021-08-16 19:49:00,RBNC
29.51,29.51,29.51,29.51,100,2021-08-16 19:58:00,RBNC
29.51,29.51,29.51,29.51,100,2021-08-16 19:59:00,RBNC
29.52,29.52,29.52,29.52,1249,2021-08-16 20:00:00,RBNC
29.53,29.53,29.53,29.53,1016,2021-08-16 20:05:00,RBNC
28.945,29.37,28.945,29.37,289,2021-08-17 13:30:00,RBNC
29.1918,29.1918,29.1918,29.1918,340,2021-08-17 13:37:00,RBNC
29.23,29.23,29.23,29.23,100,2021-08-17 13:46:00,RBNC
29.2,29.2,29.2,29.2,100,2021-08-17 13:59:00,RBNC
29.23,29.23,29.23,29.23,100,2021-08-17 14:10:00,RBNC
29.47,29.48,29.47,29.48,200,2021-08-17 14:32:00,RBNC
29.46,29.46,29.42,29.42,200,2021-08-17 14:33:00,RBNC
29.4,29.4,29.4,29.4,200,2021-08-17 14:37:00,RBNC
29.3,29.3,29.3,29.3,100,2021-08-17 14:48:00,RBNC
29.2,29.2,29.2,29.2,100,2021-08-17 15:01:00,RBNC
29.08,29.08,29.08,29.08,202,2021-08-17 15:10:00,RBNC
29.08,29.08,29.08,29.08,100,2021-08-17 15:12:00,RBNC
29.05,29.05,29.05,29.05,100,2021-08-17 15:14:00,RBNC
29.13,29.13,29.12,29.12,400,2021-08-17 15:18:00,RBNC
29.22,29.22,29.22,29.22,100,2021-08-17 15:19:00,RBNC
29.22,29.22,29.21,29.21,500,2021-08-17 15:34:00,RBNC
29.26,29.26,29.26,29.26,100,2021-08-17 15:59:00,RBNC
29.19,29.27,29.19,29.27,300,2021-08-17 16:02:00,RBNC
29.17,29.17,29.17,29.17,200,2021-08-17 16:18:00,RBNC
29.16,29.16,29.16,29.16,100,2021-08-17 16:39:00,RBNC
29.01,29.01,29.01,29.01,100,2021-08-17 16:44:00,RBNC
28.97,29.05,28.97,29.05,600,2021-08-17 17:08:00,RBNC
29.08,29.08,29.08,29.08,400,2021-08-17 17:14:00,RBNC
29.1,29.1,29.1,29.1,100,2021-08-17 17:48:00,RBNC
29.15,29.17,29.15,29.17,332,2021-08-17 18:01:00,RBNC
29.18,29.18,29.18,29.18,100,2021-08-17 18:29:00,RBNC
29.14,29.14,29.14,29.14,491,2021-08-17 18:45:00,RBNC
29.24,29.24,29.24,29.24,100,2021-08-17 18:46:00,RBNC
29.26,29.26,29.26,29.26,100,2021-08-17 18:52:00,RBNC
29.26,29.26,29.26,29.26,100,2021-08-17 19:29:00,RBNC
29.26,29.26,29.26,29.26,100,2021-08-17 19:32:00,RBNC
29.26,29.26,29.26,29.26,100,2021-08-17 19:35:00,RBNC
29.23,29.23,29.21,29.23,302,2021-08-17 19:38:00,RBNC
29.2,29.2,29.2,29.2,100,2021-08-17 19:40:00,RBNC
29.2,29.22,29.2,29.22,300,2021-08-17 19:44:00,RBNC
29.23,29.23,29.23,29.23,100,2021-08-17 19:49:00,RBNC
29.29,29.29,29.29,29.29,300,2021-08-17 19:50:00,RBNC
29.27,29.27,29.27,29.27,100,2021-08-17 19:57:00,RBNC
29.26,29.26,29.26,29.26,100,2021-08-17 19:59:00,RBNC
29.25,29.25,29.25,29.25,1482,2021-08-17 20:00:00,RBNC
29.25,29.25,29.25,29.25,699,2021-08-17 20:01:00,RBNC
29.09,29.09,29.09,29.09,275,2021-08-18 13:30:00,RBNC
29.15,29.15,29.15,29.15,100,2021-08-18 13:50:00,RBNC
29.06,29.06,29.06,29.06,100,2021-08-18 13:52:00,RBNC
29.1825,29.1825,29.13,29.13,200,2021-08-18 14:03:00,RBNC
29.2253,29.2253,29.2253,29.2253,443,2021-08-18 14:09:00,RBNC
29.2994,29.2994,29.23,29.23,200,2021-08-18 14:21:00,RBNC
29.34,29.34,29.34,29.34,100,2021-08-18 14:25:00,RBNC
29.4,29.4,29.31,29.31,200,2021-08-18 14:26:00,RBNC
29.42,29.42,29.42,29.42,140,2021-08-18 14:27:00,RBNC
29.42,29.43,29.42,29.43,200,2021-08-18 14:28:00,RBNC
29.52,29.52,29.52,29.52,205,2021-08-18 14:29:00,RBNC
29.37,29.37,29.37,29.37,100,2021-08-18 14:43:00,RBNC
29.37,29.37,29.37,29.37,100,2021-08-18 14:54:00,RBNC
29.37,29.37,29.37,29.37,100,2021-08-18 15:16:00,RBNC
29.36,29.36,29.36,29.36,100,2021-08-18 15:27:00,RBNC
29.2,29.2,29.2,29.2,100,2021-08-18 15:44:00,RBNC
29.22,29.22,29.22,29.22,100,2021-08-18 16:02:00,RBNC
29.24,29.24,29.24,29.24,100,2021-08-18 16:03:00,RBNC
29.28,29.28,29.28,29.28,100,2021-08-18 16:05:00,RBNC
29.32,29.32,29.28,29.28,200,2021-08-18 16:19:00,RBNC
29.26,29.26,29.26,29.26,100,2021-08-18 16:20:00,RBNC
29.165,29.165,29.165,29.165,100,2021-08-18 16:30:00,RBNC
29.1175,29.1175,29.0801,29.0801,1100,2021-08-18 16:35:00,RBNC
29.08,29.08,29.08,29.08,200,2021-08-18 16:42:00,RBNC
29.07,29.07,29.07,29.07,100,2021-08-18 16:44:00,RBNC
29.15,29.15,29.15,29.15,100,2021-08-18 16:47:00,RBNC
29.15,29.15,29.12,29.12,200,2021-08-18 16:48:00,RBNC
29.12,29.12,29.11,29.11,300,2021-08-18 16:49:00,RBNC
29.16,29.16,29.16,29.16,100,2021-08-18 16:51:00,RBNC
29.17,29.17,29.17,29.17,100,2021-08-18 16:53:00,RBNC
29.12,29.12,29.12,29.12,200,2021-08-18 16:55:00,RBNC
29.1,29.1,29.1,29.1,100,2021-08-18 16:58:00,RBNC
29.08,29.08,29.08,29.08,100,2021-08-18 17:06:00,RBNC
29.08,29.1,29.08,29.1,200,2021-08-18 17:07:00,RBNC
29.13,29.13,29.13,29.13,200,2021-08-18 17:08:00,RBNC
29.15,29.15,29.15,29.15,100,2021-08-18 17:19:00,RBNC
29.17,29.18,29.15,29.17,502,2021-08-18 17:20:00,RBNC
29.15,29.15,29.14,29.14,300,2021-08-18 17:21:00,RBNC
29.17,29.17,29.14,29.14,300,2021-08-18 17:22:00,RBNC
29.16,29.17,29.145,29.145,401,2021-08-18 17:23:00,RBNC
29.15,29.15,29.15,29.15,100,2021-08-18 17:28:00,RBNC
29.15,29.15,29.15,29.15,200,2021-08-18 17:31:00,RBNC
29.18,29.19,29.15,29.15,900,2021-08-18 17:33:00,RBNC
29.19,29.19,29.15,29.15,300,2021-08-18 17:37:00,RBNC
29.15,29.15,29.15,29.15,100,2021-08-18 17:49:00,RBNC
29.16,29.16,29.16,29.16,100,2021-08-18 17:54:00,RBNC
29.17,29.17,29.17,29.17,101,2021-08-18 17:59:00,RBNC
29.16,29.16,29.16,29.16,100,2021-08-18 18:01:00,RBNC
29.1225,29.1225,29.1225,29.1225,100,2021-08-18 18:10:00,RBNC
29.065,29.14,29.065,29.065,300,2021-08-18 18:12:00,RBNC
28.99,28.99,28.99,28.99,100,2021-08-18 18:15:00,RBNC
29.04,29.04,29.04,29.04,100,2021-08-18 18:20:00,RBNC
29.13,29.13,29.13,29.13,102,2021-08-18 18:29:00,RBNC
29.13,29.13,29.13,29.13,100,2021-08-18 18:31:00,RBNC
29.15,29.15,29.15,29.15,805,2021-08-18 18:33:00,RBNC
29.15,29.15,29.13,29.15,1337,2021-08-18 18:34:00,RBNC
29.15,29.15,29.14,29.15,3566,2021-08-18 18:35:00,RBNC
29.16,29.16,29.14,29.16,1100,2021-08-18 18:36:00,RBNC
29.16,29.16,29.15,29.15,511,2021-08-18 18:37:00,RBNC
29.16,29.16,29.14,29.15,792,2021-08-18 18:39:00,RBNC
29.15,29.15,29.15,29.15,161,2021-08-18 18:40:00,RBNC
29.13,29.14,29.13,29.14,200,2021-08-18 18:42:00,RBNC
29.17,29.17,29.17,29.17,200,2021-08-18 18:45:00,RBNC
29.09,29.09,29.09,29.09,100,2021-08-18 18:55:00,RBNC
29.02,29.02,28.98,28.98,1806,2021-08-18 19:12:00,RBNC
28.9875,28.9875,28.9875,28.9875,100,2021-08-18 19:14:00,RBNC
29.01,29.01,29.01,29.01,300,2021-08-18 19:18:00,RBNC
28.94,28.94,28.94,28.94,100,2021-08-18 19:27:00,RBNC
28.89,28.89,28.89,28.89,100,2021-08-18 19:28:00,RBNC
28.88,28.92,28.88,28.92,200,2021-08-18 19:29:00,RBNC
28.85,28.85,28.8375,28.8375,400,2021-08-18 19:36:00,RBNC
28.89,28.89,28.88,28.88,200,2021-08-18 19:39:00,RBNC
28.92,28.93,28.92,28.93,401,2021-08-18 19:41:00,RBNC
28.93,28.95,28.92,28.95,901,2021-08-18 19:42:00,RBNC
28.9955,28.9955,28.9955,28.9955,300,2021-08-18 19:45:00,RBNC
28.81,28.81,28.81,28.81,100,2021-08-18 19:51:00,RBNC
28.82,28.82,28.82,28.82,100,2021-08-18 19:54:00,RBNC
28.78,28.78,28.78,28.78,200,2021-08-18 19:56:00,RBNC
28.75,28.75,28.7,28.7,300,2021-08-18 19:57:00,RBNC
28.715,28.72,28.71,28.71,300,2021-08-18 19:58:00,RBNC
28.72,28.72,28.62,28.71,1975,2021-08-18 19:59:00,RBNC
28.76,28.76,28.76,28.76,2542,2021-08-18 20:00:00,RBNC
28.62,29.105,28.42,28.42,1188,2021-08-19 13:30:00,RBNC
28.5,28.55,28.5,28.55,200,2021-08-19 13:38:00,RBNC
28.55,28.58,28.55,28.58,400,2021-08-19 13:45:00,RBNC
28.8,28.8,28.8,28.8,100,2021-08-19 13:46:00,RBNC
28.66,28.66,28.66,28.66,100,2021-08-19 13:50:00,RBNC
28.51,28.51,28.51,28.51,100,2021-08-19 14:05:00,RBNC
28.5,28.5,28.5,28.5,300,2021-08-19 14:14:00,RBNC
28.68,28.68,28.68,28.68,100,2021-08-19 14:15:00,RBNC
28.26,28.26,28.26,28.26,100,2021-08-19 14:46:00,RBNC
28.19,28.19,28.19,28.19,100,2021-08-19 14:50:00,RBNC
28.29,28.29,28.29,28.29,385,2021-08-19 14:58:00,RBNC
28.15,28.15,28.09,28.09,300,2021-08-19 15:19:00,RBNC
28.04,28.04,28.04,28.04,100,2021-08-19 15:24:00,RBNC
28.01,28.01,28.01,28.01,100,2021-08-19 15:26:00,RBNC
27.92,28.01,27.92,28.01,200,2021-08-19 15:27:00,RBNC
27.98,27.98,27.98,27.98,100,2021-08-19 15:28:00,RBNC
28.07,28.13,28.06,28.13,400,2021-08-19 15:43:00,RBNC
28.2,28.2,28.2,28.2,100,2021-08-19 15:45:00,RBNC
28.24,28.24,28.24,28.24,100,2021-08-19 15:47:00,RBNC
28.19,28.25,28.19,28.25,400,2021-08-19 15:48:00,RBNC
28.23,28.23,28.23,28.23,100,2021-08-19 15:56:00,RBNC
28.32,28.32,28.32,28.32,100,2021-08-19 15:59:00,RBNC
28.24,28.24,28.24,28.24,100,2021-08-19 16:10:00,RBNC
28.24,28.29,28.23,28.29,671,2021-08-19 16:11:00,RBNC
28.41,28.41,28.41,28.41,100,2021-08-19 16:12:00,RBNC
28.3,28.3,28.3,28.3,100,2021-08-19 16:21:00,RBNC
28.29,28.3,28.29,28.3,200,2021-08-19 16:22:00,RBNC
28.51,28.51,28.51,28.51,400,2021-08-19 16:29:00,RBNC
28.35,28.35,28.35,28.35,100,2021-08-19 16:48:00,RBNC
28.37,28.37,28.37,28.37,300,2021-08-19 16:59:00,RBNC
28.12,28.12,28.11,28.11,200,2021-08-19 17:26:00,RBNC
28.11,28.11,28.1,28.11,587,2021-08-19 17:27:00,RBNC
28.13,28.19,28.13,28.19,500,2021-08-19 17:28:00,RBNC
27.94,27.94,27.94,27.94,100,2021-08-19 18:06:00,RBNC
27.96,27.96,27.96,27.96,192,2021-08-19 18:09:00,RBNC
28.02,28.02,28.02,28.02,100,2021-08-19 18:19:00,RBNC
27.93,27.93,27.93,27.93,100,2021-08-19 18:34:00,RBNC
28.09,28.09,28.09,28.09,100,2021-08-19 18:37:00,RBNC
28.01,28.01,28.01,28.01,100,2021-08-19 18:40:00,RBNC
28.04,28.04,28.04,28.04,100,2021-08-19 18:41:00,RBNC
28.06,28.06,28.06,28.06,200,2021-08-19 18:53:00,RBNC
28.1,28.1,28.1,28.1,200,2021-08-19 19:03:00,RBNC
28.1,28.1,28.1,28.1,500,2021-08-19 19:04:00,RBNC
28.1,28.1,28.1,28.1,300,2021-08-19 19:05:00,RBNC
28.1,28.1,28.1,28.1,802,2021-08-19 19:07:00,RBNC
28.1,28.1,28.1,28.1,400,2021-08-19 19:08:00,RBNC
28.1,28.1,28.1,28.1,200,2021-08-19 19:09:00,RBNC
28.1,28.12,28.1,28.12,300,2021-08-19 19:10:00,RBNC
28.12,28.12,28.12,28.12,500,2021-08-19 19:11:00,RBNC
28.12,28.12,28.12,28.12,100,2021-08-19 19:12:00,RBNC
28.09,28.12,28.08,28.12,802,2021-08-19 19:13:00,RBNC
28.08,28.08,28.08,28.08,204,2021-08-19 19:14:00,RBNC
28.12,28.12,28.11,28.11,1200,2021-08-19 19:16:00,RBNC
28.12,28.12,28.12,28.12,200,2021-08-19 19:17:00,RBNC
28.12,28.12,28.12,28.12,500,2021-08-19 19:18:00,RBNC
28.12,28.12,28.12,28.12,138,2021-08-19 19:19:00,RBNC
28.18,28.18,28.18,28.18,100,2021-08-19 19:21:00,RBNC
28.2,28.2,28.18,28.18,800,2021-08-19 19:28:00,RBNC
28.31,28.31,28.31,28.31,100,2021-08-19 19:29:00,RBNC
28.21,28.22,28.21,28.22,200,2021-08-19 19:34:00,RBNC
28.11,28.11,28.09,28.1,1241,2021-08-19 19:46:00,RBNC
28.1,28.1,28.09,28.09,300,2021-08-19 19:47:00,RBNC
28.1,28.19,28.1,28.19,2037,2021-08-19 19:48:00,RBNC
28.15,28.15,28.09,28.09,200,2021-08-19 19:53:00,RBNC
28.14,28.14,28.14,28.14,100,2021-08-19 19:54:00,RBNC
28.105,28.185,28.1,28.185,600,2021-08-19 19:59:00,RBNC
28.23,28.23,28.23,28.23,5529,2021-08-19 20:00:00,RBNC
28.22,28.22,28.0,28.0,2415,2021-08-20 13:30:00,RBNC
28.13,28.135,28.13,28.135,200,2021-08-20 13:37:00,RBNC
28.16,28.16,28.16,28.16,100,2021-08-20 13:41:00,RBNC
28.19,28.19,28.19,28.19,100,2021-08-20 13:44:00,RBNC
28.2,28.2,28.2,28.2,100,2021-08-20 13:45:00,RBNC
28.27,28.27,28.27,28.27,300,2021-08-20 14:03:00,RBNC
28.24,28.26,28.24,28.26,200,2021-08-20 14:06:00,RBNC
28.23,28.24,28.23,28.24,200,2021-08-20 14:09:00,RBNC
28.255,28.255,28.255,28.255,200,2021-08-20 14:20:00,RBNC
28.26,28.26,28.26,28.26,100,2021-08-20 14:21:00,RBNC
28.33,28.33,28.33,28.33,100,2021-08-20 14:22:00,RBNC
28.27,28.27,28.27,28.27,100,2021-08-20 14:31:00,RBNC
28.31,28.31,28.31,28.31,100,2021-08-20 14:32:00,RBNC
28.3,28.34,28.3,28.34,300,2021-08-20 14:33:00,RBNC
28.265,28.265,28.265,28.265,100,2021-08-20 14:37:00,RBNC
28.24,28.24,28.24,28.24,200,2021-08-20 15:09:00,RBNC
28.27,28.27,28.27,28.27,100,2021-08-20 15:14:00,RBNC
28.31,28.31,28.31,28.31,100,2021-08-20 15:15:00,RBNC
28.37,28.37,28.37,28.37,190,2021-08-20 15:18:00,RBNC
28.39,28.39,28.39,28.39,300,2021-08-20 15:19:00,RBNC
28.56,28.56,28.56,28.56,100,2021-08-20 15:20:00,RBNC
28.53,28.53,28.53,28.53,100,2021-08-20 15:40:00,RBNC
28.65,28.65,28.65,28.65,100,2021-08-20 15:48:00,RBNC
28.66,28.84,28.66,28.84,435,2021-08-20 16:04:00,RBNC
28.74,28.74,28.74,28.74,100,2021-08-20 16:28:00,RBNC
28.785,28.785,28.785,28.785,300,2021-08-20 16:32:00,RBNC
28.84,28.84,28.84,28.84,200,2021-08-20 16:35:00,RBNC
28.86,28.86,28.86,28.86,100,2021-08-20 16:44:00,RBNC
28.96,28.96,28.91,28.91,300,2021-08-20 16:49:00,RBNC
28.9,28.9,28.88,28.88,400,2021-08-20 16:58:00,RBNC
28.805,28.805,28.805,28.805,100,2021-08-20 17:09:00,RBNC
28.71,28.71,28.71,28.71,100,2021-08-20 17:11:00,RBNC
28.745,28.745,28.745,28.745,100,2021-08-20 17:15:00,RBNC
28.75,28.75,28.75,28.75,100,2021-08-20 17:16:00,RBNC
28.72,28.72,28.72,28.72,200,2021-08-20 17:17:00,RBNC
28.81,28.81,28.81,28.81,200,2021-08-20 17:21:00,RBNC
28.72,28.72,28.72,28.72,100,2021-08-20 17:33:00,RBNC
28.73,28.73,28.73,28.73,100,2021-08-20 17:34:00,RBNC
28.765,28.765,28.765,28.765,300,2021-08-20 17:51:00,RBNC
28.67,28.67,28.67,28.67,100,2021-08-20 18:02:00,RBNC
28.77,28.77,28.745,28.745,400,2021-08-20 18:05:00,RBNC
28.77,28.77,28.77,28.77,100,2021-08-20 18:06:00,RBNC
28.78,28.78,28.78,28.78,200,2021-08-20 18:17:00,RBNC
28.8,28.8,28.8,28.8,100,2021-08-20 18:25:00,RBNC
28.61,28.61,28.61,28.61,100,2021-08-20 18:34:00,RBNC
28.71,28.71,28.71,28.71,300,2021-08-20 18:36:00,RBNC
28.65,28.7,28.65,28.7,200,2021-08-20 18:38:00,RBNC
28.74,28.74,28.74,28.74,179,2021-08-20 18:45:00,RBNC
28.66,28.66,28.66,28.66,100,2021-08-20 18:55:00,RBNC
28.65,28.65,28.65,28.65,100,2021-08-20 18:57:00,RBNC
28.7,28.7,28.635,28.635,200,2021-08-20 19:02:00,RBNC
28.65,28.65,28.65,28.65,100,2021-08-20 19:09:00,RBNC
28.66,28.66,28.66,28.66,100,2021-08-20 19:11:00,RBNC
28.63,28.63,28.63,28.63,100,2021-08-20 19:25:00,RBNC
28.75,28.75,28.75,28.75,300,2021-08-20 19:29:00,RBNC
28.71,28.71,28.71,28.71,100,2021-08-20 19:35:00,RBNC
28.73,28.73,28.73,28.73,100,2021-08-20 19:36:00,RBNC
28.64,28.64,28.64,28.64,100,2021-08-20 19:40:00,RBNC
28.64,28.64,28.64,28.64,100,2021-08-20 19:41:00,RBNC
28.59,28.59,28.59,28.59,100,2021-08-20 19:42:00,RBNC
28.53,28.53,28.53,28.53,100,2021-08-20 19:43:00,RBNC
28.5,28.57,28.5,28.57,300,2021-08-20 19:44:00,RBNC
28.59,28.59,28.59,28.59,300,2021-08-20 19:45:00,RBNC
28.59,28.59,28.59,28.59,100,2021-08-20 19:46:00,RBNC
28.52,28.52,28.51,28.51,200,2021-08-20 19:47:00,RBNC
28.52,28.52,28.51,28.51,300,2021-08-20 19:48:00,RBNC
28.51,28.51,28.51,28.51,200,2021-08-20 19:49:00,RBNC
28.51,28.55,28.51,28.51,300,2021-08-20 19:50:00,RBNC
28.51,28.51,28.51,28.51,700,2021-08-20 19:51:00,RBNC
28.51,28.59,28.51,28.55,1029,2021-08-20 19:52:00,RBNC
28.53,28.53,28.53,28.53,100,2021-08-20 19:53:00,RBNC
28.51,28.56,28.51,28.51,402,2021-08-20 19:54:00,RBNC
28.51,28.51,28.51,28.51,400,2021-08-20 19:55:00,RBNC
28.55,28.55,28.55,28.55,100,2021-08-20 19:56:00,RBNC
28.53,28.53,28.53,28.53,200,2021-08-20 19:57:00,RBNC
28.55,28.55,28.55,28.55,100,2021-08-20 19:58:00,RBNC
28.55,28.59,28.54,28.54,1083,2021-08-20 19:59:00,RBNC
28.55,28.55,28.55,28.55,35908,2021-08-20 20:00:00,RBNC
28.54,28.77,28.54,28.77,363,2021-08-23 13:30:00,RBNC
28.85,28.85,28.85,28.85,100,2021-08-23 13:35:00,RBNC
28.87,28.97,28.87,28.97,741,2021-08-23 14:01:00,RBNC
28.83,28.83,28.83,28.83,150,2021-08-23 14:23:00,RBNC
28.88,28.88,28.88,28.88,400,2021-08-23 14:51:00,RBNC
28.96,28.96,28.96,28.96,100,2021-08-23 15:03:00,RBNC
28.94,28.94,28.94,28.94,201,2021-08-23 16:10:00,RBNC
28.98,29.0,28.98,29.0,500,2021-08-23 16:15:00,RBNC
29.0,29.07,29.0,29.07,1511,2021-08-23 16:16:00,RBNC
29.07,29.07,29.07,29.07,100,2021-08-23 16:19:00,RBNC
29.16,29.2,29.16,29.2,300,2021-08-23 16:36:00,RBNC
29.17,29.17,29.17,29.17,102,2021-08-23 16:38:00,RBNC
29.14,29.14,29.12,29.12,304,2021-08-23 16:48:00,RBNC
29.08,29.08,29.08,29.08,100,2021-08-23 16:52:00,RBNC
29.07,29.07,29.07,29.07,200,2021-08-23 16:58:00,RBNC
29.14,29.14,29.14,29.14,100,2021-08-23 17:14:00,RBNC
29.14,29.14,29.14,29.14,100,2021-08-23 17:26:00,RBNC
29.22,29.22,29.22,29.22,344,2021-08-23 17:34:00,RBNC
29.235,29.235,29.235,29.235,200,2021-08-23 17:35:00,RBNC
29.19,29.19,29.19,29.19,100,2021-08-23 17:42:00,RBNC
29.11,29.11,29.11,29.11,200,2021-08-23 18:20:00,RBNC
29.1,29.1,29.1,29.1,100,2021-08-23 18:35:00,RBNC
29.14,29.24,29.14,29.24,200,2021-08-23 18:48:00,RBNC
29.14,29.14,29.13,29.13,200,2021-08-23 18:50:00,RBNC
29.29,29.29,29.19,29.19,400,2021-08-23 19:06:00,RBNC
29.31,29.31,29.23,29.23,200,2021-08-23 19:14:00,RBNC
29.31,29.31,29.31,29.31,100,2021-08-23 19:17:00,RBNC
29.25,29.31,29.25,29.31,200,2021-08-23 19:19:00,RBNC
29.31,29.33,29.23,29.23,700,2021-08-23 19:21:00,RBNC
29.23,29.23,29.23,29.23,100,2021-08-23 19:22:00,RBNC
29.31,29.33,29.26,29.31,700,2021-08-23 19:27:00,RBNC
29.24,29.24,29.24,29.24,100,2021-08-23 19:30:00,RBNC
29.29,29.29,29.29,29.29,100,2021-08-23 19:32:00,RBNC
29.28,29.28,29.28,29.28,100,2021-08-23 19:39:00,RBNC
29.28,29.29,29.18,29.18,400,2021-08-23 19:46:00,RBNC
29.29,29.36,29.28,29.36,400,2021-08-23 19:47:00,RBNC
29.37,29.37,29.31,29.32,502,2021-08-23 19:48:00,RBNC
29.31,29.31,29.31,29.31,100,2021-08-23 19:49:00,RBNC
29.28,29.28,29.21,29.21,200,2021-08-23 19:51:00,RBNC
29.32,29.33,29.27,29.28,500,2021-08-23 19:57:00,RBNC
29.33,29.38,29.27,29.29,1268,2021-08-23 19:58:00,RBNC
29.35,29.36,29.25,29.35,1700,2021-08-23 19:59:00,RBNC
29.33,29.33,29.33,29.33,2830,2021-08-23 20:00:00,RBNC
29.24,29.3,29.19,29.3,1194,2021-08-24 14:02:00,RBNC
29.0624,29.0624,29.0624,29.0624,100,2021-08-24 14:48:00,RBNC
29.41,29.41,29.41,29.41,100,2021-08-24 15:04:00,RBNC
29.405,29.405,29.35,29.38,600,2021-08-24 15:05:00,RBNC
29.29,29.29,29.29,29.29,100,2021-08-24 15:34:00,RBNC
29.29,29.29,29.29,29.29,100,2021-08-24 15:38:00,RBNC
29.3,29.3,29.29,29.3,300,2021-08-24 15:40:00,RBNC
29.3,29.36,29.3,29.36,200,2021-08-24 15:41:00,RBNC
29.2401,29.2401,29.2401,29.2401,5500,2021-08-24 15:58:00,RBNC
29.28,29.33,29.27,29.33,1000,2021-08-24 15:59:00,RBNC
29.41,29.41,29.41,29.41,102,2021-08-24 16:04:00,RBNC
29.28,29.4,29.27,29.4,494,2021-08-24 16:06:00,RBNC
29.42,29.42,29.36,29.36,202,2021-08-24 16:09:00,RBNC
29.41,29.41,29.33,29.33,202,2021-08-24 16:10:00,RBNC
29.4,29.41,29.4,29.41,202,2021-08-24 16:11:00,RBNC
29.4,29.4,29.38,29.38,204,2021-08-24 16:15:00,RBNC
29.39,29.39,29.39,29.39,202,2021-08-24 16:23:00,RBNC
29.46,29.46,29.44,29.44,200,2021-08-24 17:16:00,RBNC
29.49,29.49,29.49,29.49,100,2021-08-24 17:26:00,RBNC
29.35,29.35,29.35,29.35,187,2021-08-24 18:15:00,RBNC
29.28,29.28,29.28,29.28,100,2021-08-24 18:22:00,RBNC
29.19,29.19,29.19,29.19,100,2021-08-24 18:32:00,RBNC
29.13,29.13,29.13,29.13,200,2021-08-24 18:35:00,RBNC
29.16,29.17,29.16,29.17,300,2021-08-24 18:53:00,RBNC
29.16,29.16,29.16,29.16,100,2021-08-24 19:28:00,RBNC
29.21,29.21,29.21,29.21,100,2021-08-24 19:31:00,RBNC
29.05,29.24,29.05,29.24,200,2021-08-24 19:33:00,RBNC
29.14,29.14,29.14,29.14,100,2021-08-24 19:37:00,RBNC
29.13,29.13,29.13,29.13,100,2021-08-24 19:41:00,RBNC
29.14,29.14,29.14,29.14,100,2021-08-24 19:45:00,RBNC
29.12,29.12,29.12,29.12,100,2021-08-24 19:50:00,RBNC
29.13,29.13,29.13,29.13,200,2021-08-24 19:52:00,RBNC
29.13,29.13,29.13,29.13,100,2021-08-24 19:54:00,RBNC
29.17,29.17,29.11,29.13,300,2021-08-24 19:55:00,RBNC
29.05,29.05,29.05,29.05,100,2021-08-24 19:56:00,RBNC
29.07,29.07,29.07,29.07,100,2021-08-24 19:57:00,RBNC
29.06,29.06,29.06,29.06,200,2021-08-24 19:58:00,RBNC
29.05,29.05,29.05,29.05,100,2021-08-24 19:59:00,RBNC
29.11,29.11,29.11,29.11,2933,2021-08-24 20:00:00,RBNC
29.29,29.29,29.29,29.29,100,2021-08-25 13:30:00,RBNC
29.1073,29.1073,29.1073,29.1073,1635,2021-08-25 14:01:00,RBNC
29.24,29.25,29.24,29.24,600,2021-08-25 14:02:00,RBNC
29.2,29.2,29.185,29.185,200,2021-08-25 14:06:00,RBNC
29.23,29.23,29.23,29.23,100,2021-08-25 14:39:00,RBNC
29.16,29.16,29.16,29.16,220,2021-08-25 14:44:00,RBNC
29.13,29.13,29.13,29.13,100,2021-08-25 15:20:00,RBNC
29.16,29.16,29.16,29.16,352,2021-08-25 15:30:00,RBNC
29.2,29.2,29.2,29.2,100,2021-08-25 15:52:00,RBNC
29.25,29.25,29.21,29.24,484,2021-08-25 15:59:00,RBNC
29.24,29.24,29.24,29.24,100,2021-08-25 16:01:00,RBNC
29.25,29.25,29.25,29.25,304,2021-08-25 16:02:00,RBNC
29.25,29.25,29.23,29.23,401,2021-08-25 16:07:00,RBNC
29.25,29.25,29.25,29.25,189,2021-08-25 16:09:00,RBNC
29.25,29.25,29.25,29.25,100,2021-08-25 16:10:00,RBNC
29.25,29.25,29.25,29.25,100,2021-08-25 16:18:00,RBNC
29.25,29.25,29.25,29.25,100,2021-08-25 16:21:00,RBNC
29.28,29.28,29.28,29.28,100,2021-08-25 16:22:00,RBNC
29.27,29.27,29.27,29.27,100,2021-08-25 16:45:00,RBNC
29.28,29.29,29.28,29.29,400,2021-08-25 17:17:00,RBNC
29.29,29.29,29.26,29.28,1097,2021-08-25 17:18:00,RBNC
29.29,29.29,29.29,29.29,267,2021-08-25 17:20:00,RBNC
29.29,29.29,29.28,29.28,763,2021-08-25 17:21:00,RBNC
29.27,29.3,29.27,29.3,1498,2021-08-25 17:22:00,RBNC
29.35,29.35,29.31,29.31,1200,2021-08-25 17:28:00,RBNC
29.4,29.41,29.4,29.41,241,2021-08-25 17:29:00,RBNC
29.3,29.3,29.3,29.3,199,2021-08-25 17:30:00,RBNC
29.3,29.3,29.3,29.3,300,2021-08-25 17:33:00,RBNC
29.3,29.3,29.3,29.3,100,2021-08-25 17:34:00,RBNC
29.3,29.3,29.3,29.3,1084,2021-08-25 17:36:00,RBNC
29.3,29.3,29.3,29.3,200,2021-08-25 17:45:00,RBNC
29.24,29.24,29.24,29.24,100,2021-08-25 18:02:00,RBNC
29.27,29.27,29.27,29.27,100,2021-08-25 18:03:00,RBNC
29.3,29.3,29.3,29.3,100,2021-08-25 18:10:00,RBNC
29.1,29.1,29.1,29.1,100,2021-08-25 19:12:00,RBNC
29.06,29.06,29.06,29.06,102,2021-08-25 19:13:00,RBNC
29.05,29.06,29.05,29.06,200,2021-08-25 19:32:00,RBNC
28.98,28.98,28.98,28.98,300,2021-08-25 19:39:00,RBNC
28.98,28.98,28.98,28.98,100,2021-08-25 19:40:00,RBNC
28.99,29.04,28.99,29.04,200,2021-08-25 19:42:00,RBNC
28.99,29.05,28.99,29.05,400,2021-08-25 19:50:00,RBNC
28.98,29.01,28.94,29.01,500,2021-08-25 19:54:00,RBNC
29.02,29.02,29.01,29.01,200,2021-08-25 19:55:00,RBNC
28.94,28.94,28.94,28.94,400,2021-08-25 19:56:00,RBNC
28.99,28.99,28.93,28.93,400,2021-08-25 19:58:00,RBNC
28.91,28.91,28.89,28.89,400,2021-08-25 19:59:00,RBNC
28.89,28.89,28.89,28.89,5355,2021-08-25 20:00:00,RBNC
28.95,28.98,28.93,28.93,1097,2021-08-26 13:30:00,RBNC
28.905,28.905,28.905,28.905,100,2021-08-26 14:08:00,RBNC
28.91,28.91,28.91,28.91,100,2021-08-26 14:13:00,RBNC
28.94,28.95,28.94,28.95,300,2021-08-26 14:17:00,RBNC
28.95,28.95,28.93,28.93,200,2021-08-26 14:18:00,RBNC
28.91,28.91,28.91,28.91,161,2021-08-26 14:25:00,RBNC
28.81,28.81,28.81,28.81,200,2021-08-26 14:27:00,RBNC
28.8,28.8,28.8,28.8,100,2021-08-26 14:38:00,RBNC
28.76,28.76,28.76,28.76,100,2021-08-26 14:49:00,RBNC
28.88,28.88,28.88,28.88,100,2021-08-26 15:24:00,RBNC
28.905,28.905,28.905,28.905,400,2021-08-26 15:38:00,RBNC
28.88,28.88,28.88,28.88,100,2021-08-26 15:41:00,RBNC
28.84,28.84,28.84,28.84,200,2021-08-26 15:42:00,RBNC
28.83,28.83,28.83,28.83,100,2021-08-26 15:54:00,RBNC
28.76,28.76,28.65,28.71,971,2021-08-26 16:14:00,RBNC
28.82,28.82,28.82,28.82,100,2021-08-26 16:18:00,RBNC
28.82,28.82,28.82,28.82,100,2021-08-26 16:19:00,RBNC
28.81,28.81,28.79,28.79,200,2021-08-26 16:29:00,RBNC
28.8,28.81,28.8,28.8,501,2021-08-26 16:30:00,RBNC
28.86,28.86,28.86,28.86,200,2021-08-26 16:34:00,RBNC
28.93,28.93,28.93,28.93,200,2021-08-26 17:18:00,RBNC
28.9,28.9,28.85,28.85,200,2021-08-26 17:21:00,RBNC
28.9,28.9,28.9,28.9,400,2021-08-26 17:40:00,RBNC
28.87,28.87,28.87,28.87,100,2021-08-26 18:01:00,RBNC
28.9,28.9,28.9,28.9,200,2021-08-26 18:22:00,RBNC
28.85,28.85,28.795,28.795,400,2021-08-26 18:54:00,RBNC
28.8,28.8,28.8,28.8,200,2021-08-26 19:23:00,RBNC
28.705,28.705,28.705,28.705,100,2021-08-26 19:37:00,RBNC
28.71,28.71,28.65,28.65,200,2021-08-26 19:45:00,RBNC
28.71,28.71,28.71,28.71,100,2021-08-26 19:46:00,RBNC
28.675,28.675,28.675,28.675,100,2021-08-26 19:48:00,RBNC
28.68,28.7,28.67,28.69,698,2021-08-26 19:49:00,RBNC
28.685,28.685,28.66,28.66,234,2021-08-26 19:50:00,RBNC
28.62,28.62,28.61,28.61,200,2021-08-26 19:56:00,RBNC
28.58,28.58,28.58,28.58,100,2021-08-26 19:59:00,RBNC
28.56,28.56,28.56,28.56,4696,2021-08-26 20:00:00,RBNC
28.95,28.95,28.95,28.95,100,2021-08-27 13:40:00,RBNC
29.32,29.32,29.0627,29.0627,500,2021-08-27 14:01:00,RBNC
29.29,29.29,29.29,29.29,100,2021-08-27 14:11:00,RBNC
29.2584,29.2584,29.2584,29.2584,340,2021-08-27 14:16:00,RBNC
29.25,29.25,29.235,29.235,620,2021-08-27 14:47:00,RBNC
29.34,29.34,29.34,29.34,100,2021-08-27 14:48:00,RBNC
29.38,29.38,29.38,29.38,300,2021-08-27 15:04:00,RBNC
29.45,29.45,29.45,29.45,100,2021-08-27 15:09:00,RBNC
29.46,29.5,29.46,29.47,600,2021-08-27 15:25:00,RBNC
29.49,29.49,29.49,29.49,100,2021-08-27 15:26:00,RBNC
29.49,29.49,29.3,29.37,1090,2021-08-27 15:30:00,RBNC
29.35,29.35,29.35,29.35,206,2021-08-27 15:31:00,RBNC
29.41,29.41,29.41,29.41,200,2021-08-27 15:38:00,RBNC
29.49,29.49,29.49,29.49,100,2021-08-27 16:13:00,RBNC
29.5,29.5,29.49,29.49,1323,2021-08-27 16:14:00,RBNC
29.49,29.5,29.48,29.5,900,2021-08-27 16:15:00,RBNC
29.57,29.57,29.57,29.57,100,2021-08-27 16:16:00,RBNC
29.57,29.57,29.57,29.57,100,2021-08-27 16:25:00,RBNC
29.69,29.69,29.69,29.69,100,2021-08-27 16:57:00,RBNC
29.685,29.685,29.685,29.685,100,2021-08-27 17:19:00,RBNC
29.7,29.7,29.57,29.57,1175,2021-08-27 17:56:00,RBNC
29.575,29.66,29.42,29.43,6279,2021-08-27 18:19:00,RBNC
29.67,29.7,29.67,29.7,857,2021-08-27 18:20:00,RBNC
29.69,29.7,29.69,29.7,1069,2021-08-27 18:34:00,RBNC
29.7,29.7,29.7,29.7,100,2021-08-27 18:35:00,RBNC
29.68,29.68,29.68,29.68,100,2021-08-27 18:52:00,RBNC
29.7,29.7,29.685,29.685,735,2021-08-27 19:05:00,RBNC
29.72,29.72,29.72,29.72,100,2021-08-27 19:06:00,RBNC
29.77,29.77,29.77,29.77,100,2021-08-27 19:07:00,RBNC
29.765,29.765,29.765,29.765,100,2021-08-27 19:09:00,RBNC
29.788,29.788,29.788,29.788,212,2021-08-27 19:11:00,RBNC
29.79,29.79,29.79,29.79,400,2021-08-27 19:12:00,RBNC
29.8,29.8,29.8,29.8,100,2021-08-27 19:23:00,RBNC
29.79,29.79,29.79,29.79,100,2021-08-27 19:29:00,RBNC
29.77,29.77,29.77,29.77,100,2021-08-27 19:32:00,RBNC
29.76,29.76,29.76,29.76,100,2021-08-27 19:33:00,RBNC
29.79,29.79,29.79,29.79,100,2021-08-27 19:35:00,RBNC
29.885,29.885,29.885,29.885,100,2021-08-27 19:36:00,RBNC
29.87,29.87,29.75,29.75,200,2021-08-27 19:44:00,RBNC
29.875,29.875,29.875,29.875,100,2021-08-27 19:48:00,RBNC
29.86,29.86,29.86,29.86,100,2021-08-27 19:49:00,RBNC
29.81,29.81,29.7,29.7,2900,2021-08-27 19:51:00,RBNC
29.66,29.77,29.66,29.67,700,2021-08-27 19:52:00,RBNC
29.72,29.72,29.72,29.72,100,2021-08-27 19:53:00,RBNC
29.67,29.67,29.62,29.62,400,2021-08-27 19:55:00,RBNC
29.655,29.655,29.655,29.655,100,2021-08-27 19:57:00,RBNC
29.655,29.655,29.655,29.655,100,2021-08-27 19:58:00,RBNC
29.69,29.7,29.69,29.7,400,2021-08-27 19:59:00,RBNC
29.72,29.72,29.72,29.72,8657,2021-08-27 20:00:00,RBNC
29.6704,29.6704,29.6704,29.6704,1018,2021-08-27 20:03:00,RBNC
29.78,29.78,29.55,29.55,351,2021-08-30 13:30:00,RBNC
29.4,29.4,29.03,29.4,400,2021-08-30 13:40:00,RBNC
29.4,29.4,29.4,29.4,200,2021-08-30 14:52:00,RBNC
29.13,29.13,29.13,29.13,200,2021-08-30 15:32:00,RBNC
29.19,29.19,29.19,29.19,100,2021-08-30 15:41:00,RBNC
29.29,29.34,29.29,29.34,300,2021-08-30 16:05:00,RBNC
29.315,29.315,29.315,29.315,100,2021-08-30 16:10:00,RBNC
29.365,29.365,29.365,29.365,100,2021-08-30 16:36:00,RBNC
29.47,29.47,29.47,29.47,140,2021-08-30 17:02:00,RBNC
29.33,29.33,29.33,29.33,100,2021-08-30 17:22:00,RBNC
29.28,29.28,29.28,29.28,100,2021-08-30 18:06:00,RBNC
29.02,29.02,29.02,29.02,100,2021-08-30 18:47:00,RBNC
29.225,29.225,29.225,29.225,100,2021-08-30 19:04:00,RBNC
28.95,28.95,28.82,28.92,500,2021-08-30 19:57:00,RBNC
28.82,28.8438,28.82,28.8438,302,2021-08-30 19:58:00,RBNC
28.885,28.885,28.84,28.85,1164,2021-08-30 19:59:00,RBNC
28.89,28.89,28.89,28.89,4604,2021-08-30 20:00:00,RBNC
28.89,28.89,28.89,28.89,233,2021-08-30 20:01:00,RBNC
28.85,28.85,28.85,28.85,297,2021-08-30 20:04:00,RBNC
29.18,29.18,29.18,29.18,100,2021-08-31 13:42:00,RBNC
29.12,29.12,29.12,29.12,100,2021-08-31 13:45:00,RBNC
29.04,29.04,29.04,29.04,100,2021-08-31 13:58:00,RBNC
28.9593,28.9593,28.9593,28.9593,585,2021-08-31 14:02:00,RBNC
29.08,29.08,29.08,29.08,100,2021-08-31 14:15:00,RBNC
29.01,29.01,29.0,29.0,200,2021-08-31 14:21:00,RBNC
29.06,29.06,29.06,29.06,100,2021-08-31 14:31:00,RBNC
29.17,29.17,29.17,29.17,200,2021-08-31 14:47:00,RBNC
29.2,29.28,28.99,29.155,4281,2021-08-31 14:55:00,RBNC
29.195,29.27,29.195,29.27,700,2021-08-31 14:56:00,RBNC
29.21,29.21,29.21,29.21,100,2021-08-31 14:59:00,RBNC
29.15,29.15,29.14,29.14,600,2021-08-31 15:02:00,RBNC
29.08,29.08,29.08,29.08,334,2021-08-31 15:16:00,RBNC
29.31,29.31,29.31,29.31,200,2021-08-31 15:21:00,RBNC
29.3,29.3,29.3,29.3,100,2021-08-31 15:28:00,RBNC
29.38,29.38,29.38,29.38,100,2021-08-31 16:01:00,RBNC
29.11,29.11,29.08,29.08,400,2021-08-31 19:09:00,RBNC
29.01,29.01,29.01,29.01,100,2021-08-31 19:51:00,RBNC
29.08,29.08,29.08,29.08,200,2021-08-31 19:52:00,RBNC
29.05,29.05,29.05,29.05,100,2021-08-31 19:58:00,RBNC
29.04,29.07,28.99,28.99,800,2021-08-31 19:59:00,RBNC
29.0,29.0,29.0,29.0,2908,2021-08-31 20:00:00,RBNC
