open,high,low,close,volume,datetime,symbol
11.2234,11.2234,11.2234,11.2234,100,2021-08-02 12:00:00,ZENV
11.14,11.14,11.14,11.14,1852,2021-08-02 13:30:00,ZENV
11.1493,11.15,11.1493,11.15,207,2021-08-02 13:31:00,ZENV
11.15,11.22,11.15,11.22,987,2021-08-02 13:32:00,ZENV
11.22,11.22,11.185,11.2125,1683,2021-08-02 13:33:00,ZENV
11.22,11.25,11.22,11.25,500,2021-08-02 13:34:00,ZENV
11.25,11.25,11.25,11.25,100,2021-08-02 13:35:00,ZENV
11.225,11.25,11.225,11.25,600,2021-08-02 13:36:00,ZENV
11.25,11.25,11.2,11.2,5000,2021-08-02 13:37:00,ZENV
11.2,11.2,11.2,11.2,100,2021-08-02 13:38:00,ZENV
11.215,11.25,11.215,11.25,700,2021-08-02 13:39:00,ZENV
11.25,11.25,11.24,11.24,300,2021-08-02 13:40:00,ZENV
11.24,11.28,11.24,11.28,3188,2021-08-02 13:41:00,ZENV
11.37,11.37,11.37,11.37,200,2021-08-02 13:42:00,ZENV
11.37,11.37,11.37,11.37,300,2021-08-02 13:43:00,ZENV
11.37,11.4,11.32,11.39,500,2021-08-02 13:44:00,ZENV
11.41,11.42,11.41,11.42,1100,2021-08-02 13:45:00,ZENV
11.42,11.49,11.41,11.49,2748,2021-08-02 13:46:00,ZENV
11.46,11.5,11.46,11.5,900,2021-08-02 13:47:00,ZENV
11.48,11.49,11.48,11.49,400,2021-08-02 13:48:00,ZENV
11.48,11.48,11.48,11.48,300,2021-08-02 13:49:00,ZENV
11.48,11.48,11.48,11.48,200,2021-08-02 13:50:00,ZENV
11.49,11.49,11.48,11.48,400,2021-08-02 13:51:00,ZENV
11.49,11.49,11.49,11.49,200,2021-08-02 13:52:00,ZENV
11.49,11.6495,11.49,11.523,1900,2021-08-02 13:53:00,ZENV
11.565,11.565,11.565,11.565,100,2021-08-02 13:54:00,ZENV
11.6,11.6,11.53,11.53,1450,2021-08-02 13:55:00,ZENV
11.53,11.53,11.5,11.5,289,2021-08-02 13:56:00,ZENV
11.475,11.475,11.475,11.475,150,2021-08-02 13:58:00,ZENV
11.5,11.5,11.5,11.5,400,2021-08-02 13:59:00,ZENV
11.475,11.475,11.475,11.475,100,2021-08-02 14:01:00,ZENV
11.5,11.5,11.5,11.5,700,2021-08-02 14:02:00,ZENV
11.6782,11.6782,11.6782,11.6782,100,2021-08-02 14:06:00,ZENV
11.68,11.68,11.67,11.67,1100,2021-08-02 14:07:00,ZENV
11.67,11.67,11.67,11.67,100,2021-08-02 14:09:00,ZENV
11.68,11.68,11.68,11.68,100,2021-08-02 14:11:00,ZENV
11.67,11.67,11.67,11.67,100,2021-08-02 14:13:00,ZENV
11.51,11.63,11.5,11.63,800,2021-08-02 14:14:00,ZENV
11.64,11.64,11.64,11.64,100,2021-08-02 14:16:00,ZENV
11.64,11.64,11.64,11.64,100,2021-08-02 14:17:00,ZENV
11.575,11.64,11.575,11.64,200,2021-08-02 14:19:00,ZENV
11.575,11.64,11.575,11.64,306,2021-08-02 14:20:00,ZENV
11.64,11.64,11.64,11.64,300,2021-08-02 14:23:00,ZENV
11.652,11.652,11.652,11.652,100,2021-08-02 14:27:00,ZENV
11.6799,11.6799,11.66,11.66,200,2021-08-02 14:28:00,ZENV
11.68,11.68,11.68,11.68,100,2021-08-02 14:31:00,ZENV
11.6959,11.6959,11.6959,11.6959,3000,2021-08-02 14:32:00,ZENV
11.7,11.72,11.685,11.72,700,2021-08-02 14:35:00,ZENV
11.75,11.78,11.725,11.78,2252,2021-08-02 14:36:00,ZENV
11.77,11.77,11.77,11.77,100,2021-08-02 14:37:00,ZENV
11.77,11.78,11.7544,11.78,300,2021-08-02 14:38:00,ZENV
11.78,11.78,11.78,11.78,100,2021-08-02 14:39:00,ZENV
11.78,11.78,11.78,11.78,100,2021-08-02 14:40:00,ZENV
11.8,11.83,11.8,11.83,1830,2021-08-02 14:41:00,ZENV
11.84,11.84,11.84,11.84,2200,2021-08-02 14:43:00,ZENV
11.87,11.87,11.87,11.87,200,2021-08-02 14:45:00,ZENV
11.862,11.862,11.862,11.862,100,2021-08-02 14:46:00,ZENV
11.87,11.87,11.87,11.87,100,2021-08-02 14:47:00,ZENV
11.855,11.855,11.85,11.85,1100,2021-08-02 14:48:00,ZENV
11.85,11.85,11.85,11.85,100,2021-08-02 14:50:00,ZENV
11.87,11.87,11.87,11.87,100,2021-08-02 14:52:00,ZENV
11.87,11.87,11.87,11.87,100,2021-08-02 14:53:00,ZENV
11.8342,11.8342,11.8342,11.8342,200,2021-08-02 14:54:00,ZENV
11.85,11.85,11.85,11.85,100,2021-08-02 14:55:00,ZENV
11.83,11.8312,11.82,11.82,2100,2021-08-02 14:56:00,ZENV
11.84,11.84,11.77,11.77,1838,2021-08-02 15:01:00,ZENV
11.7779,11.7779,11.7779,11.7779,250,2021-08-02 15:02:00,ZENV
11.82,11.82,11.795,11.795,200,2021-08-02 15:07:00,ZENV
11.82,11.82,11.82,11.82,700,2021-08-02 15:08:00,ZENV
11.82,11.82,11.82,11.82,300,2021-08-02 15:09:00,ZENV
11.82,11.82,11.82,11.82,400,2021-08-02 15:10:00,ZENV
11.82,11.82,11.82,11.82,400,2021-08-02 15:11:00,ZENV
11.82,11.82,11.82,11.82,600,2021-08-02 15:12:00,ZENV
11.82,11.82,11.7701,11.7701,1061,2021-08-02 15:13:00,ZENV
11.82,11.82,11.82,11.82,400,2021-08-02 15:14:00,ZENV
11.82,11.82,11.82,11.82,400,2021-08-02 15:15:00,ZENV
11.82,11.82,11.82,11.82,600,2021-08-02 15:16:00,ZENV
11.82,11.82,11.78,11.8,500,2021-08-02 15:17:00,ZENV
11.8,11.8,11.8,11.8,700,2021-08-02 15:18:00,ZENV
11.8,11.8,11.8,11.8,400,2021-08-02 15:19:00,ZENV
11.81,11.81,11.8,11.81,600,2021-08-02 15:20:00,ZENV
11.81,11.81,11.81,11.81,360,2021-08-02 15:21:00,ZENV
11.81,11.81,11.8,11.81,600,2021-08-02 15:22:00,ZENV
11.81,11.81,11.795,11.81,600,2021-08-02 15:23:00,ZENV
11.81,11.81,11.8,11.81,700,2021-08-02 15:24:00,ZENV
11.805,11.805,11.805,11.805,400,2021-08-02 15:25:00,ZENV
11.81,11.81,11.8,11.805,700,2021-08-02 15:26:00,ZENV
11.805,11.81,11.8,11.81,500,2021-08-02 15:27:00,ZENV
11.8,11.81,11.8,11.805,600,2021-08-02 15:28:00,ZENV
11.8,11.805,11.8,11.8,500,2021-08-02 15:29:00,ZENV
11.81,11.81,11.81,11.81,100,2021-08-02 15:30:00,ZENV
11.77,11.77,11.77,11.77,100,2021-08-02 15:31:00,ZENV
11.81,11.81,11.81,11.81,100,2021-08-02 15:32:00,ZENV
11.77,11.8,11.77,11.785,550,2021-08-02 15:33:00,ZENV
11.82,11.82,11.681,11.681,5200,2021-08-02 15:35:00,ZENV
11.685,11.685,11.68,11.68,200,2021-08-02 15:36:00,ZENV
11.59,11.64,11.59,11.64,270,2021-08-02 15:39:00,ZENV
11.59,11.63,11.59,11.63,300,2021-08-02 15:41:00,ZENV
11.63,11.64,11.6206,11.64,1000,2021-08-02 15:42:00,ZENV
11.66,11.66,11.66,11.66,100,2021-08-02 15:43:00,ZENV
11.65,11.65,11.65,11.65,200,2021-08-02 15:44:00,ZENV
11.64,11.64,11.64,11.64,100,2021-08-02 15:45:00,ZENV
11.62,11.68,11.62,11.68,1260,2021-08-02 15:49:00,ZENV
11.65,11.65,11.51,11.6,1700,2021-08-02 15:52:00,ZENV
11.61,11.65,11.61,11.64,4600,2021-08-02 15:53:00,ZENV
11.64,11.69,11.64,11.69,2667,2021-08-02 15:54:00,ZENV
11.64,11.64,11.64,11.64,100,2021-08-02 15:55:00,ZENV
11.655,11.655,11.655,11.655,1000,2021-08-02 15:57:00,ZENV
11.655,11.655,11.655,11.655,100,2021-08-02 15:58:00,ZENV
11.64,11.64,11.64,11.64,100,2021-08-02 15:59:00,ZENV
11.6,11.6,11.58,11.58,800,2021-08-02 16:04:00,ZENV
11.58,11.58,11.58,11.58,100,2021-08-02 16:05:00,ZENV
11.58,11.58,11.58,11.58,100,2021-08-02 16:06:00,ZENV
11.58,11.58,11.58,11.58,400,2021-08-02 16:07:00,ZENV
11.57,11.57,11.57,11.57,100,2021-08-02 16:08:00,ZENV
11.5001,11.5001,11.5001,11.5001,900,2021-08-02 16:09:00,ZENV
11.51,11.51,11.51,11.51,100,2021-08-02 16:11:00,ZENV
11.59,11.59,11.59,11.59,100,2021-08-02 16:13:00,ZENV
11.51,11.51,11.51,11.51,100,2021-08-02 16:14:00,ZENV
11.55,11.55,11.5,11.5,550,2021-08-02 16:15:00,ZENV
11.62,11.62,11.62,11.62,100,2021-08-02 16:17:00,ZENV
11.5,11.5,11.5,11.5,100,2021-08-02 16:18:00,ZENV
11.59,11.59,11.5095,11.5095,500,2021-08-02 16:21:00,ZENV
11.51,11.55,11.5,11.55,950,2021-08-02 16:22:00,ZENV
11.53,11.53,11.53,11.53,100,2021-08-02 16:26:00,ZENV
11.53,11.53,11.53,11.53,100,2021-08-02 16:28:00,ZENV
11.53,11.59,11.53,11.59,200,2021-08-02 16:32:00,ZENV
11.54,11.54,11.53,11.53,200,2021-08-02 16:33:00,ZENV
11.67,11.67,11.67,11.67,100,2021-08-02 16:34:00,ZENV
11.66,11.66,11.66,11.66,100,2021-08-02 16:36:00,ZENV
11.65,11.65,11.65,11.65,100,2021-08-02 16:39:00,ZENV
11.58,11.58,11.58,11.58,100,2021-08-02 16:40:00,ZENV
11.6,11.66,11.55,11.55,500,2021-08-02 16:41:00,ZENV
11.62,11.62,11.6,11.6,300,2021-08-02 16:42:00,ZENV
11.6,11.6,11.6,11.6,300,2021-08-02 16:43:00,ZENV
11.6,11.6,11.6,11.6,200,2021-08-02 16:46:00,ZENV
11.68,11.68,11.68,11.68,100,2021-08-02 16:52:00,ZENV
11.68,11.68,11.68,11.68,100,2021-08-02 16:55:00,ZENV
11.58,11.62,11.54,11.62,2876,2021-08-02 16:56:00,ZENV
11.58,11.58,11.58,11.58,200,2021-08-02 16:57:00,ZENV
11.67,11.67,11.625,11.66,1200,2021-08-02 16:58:00,ZENV
11.7,11.7,11.7,11.7,100,2021-08-02 16:59:00,ZENV
11.69,11.69,11.69,11.69,100,2021-08-02 17:01:00,ZENV
11.7,11.7,11.6,11.64,600,2021-08-02 17:03:00,ZENV
11.69,11.69,11.69,11.69,100,2021-08-02 17:04:00,ZENV
11.7,11.7,11.7,11.7,100,2021-08-02 17:05:00,ZENV
11.7,11.7,11.7,11.7,100,2021-08-02 17:07:00,ZENV
11.58,11.58,11.58,11.58,100,2021-08-02 17:08:00,ZENV
11.7,11.7,11.64,11.64,400,2021-08-02 17:09:00,ZENV
11.58,11.7,11.58,11.7,200,2021-08-02 17:11:00,ZENV
11.59,11.59,11.59,11.59,200,2021-08-02 17:12:00,ZENV
11.7,11.7,11.7,11.7,100,2021-08-02 17:13:00,ZENV
11.67,11.67,11.67,11.67,100,2021-08-02 17:15:00,ZENV
11.67,11.67,11.625,11.625,300,2021-08-02 17:17:00,ZENV
11.59,11.63,11.59,11.6,1900,2021-08-02 17:18:00,ZENV
11.635,11.67,11.635,11.65,1800,2021-08-02 17:19:00,ZENV
11.65,11.66,11.64,11.66,1342,2021-08-02 17:20:00,ZENV
11.61,11.61,11.59,11.6,2200,2021-08-02 17:21:00,ZENV
11.58,11.58,11.58,11.58,100,2021-08-02 17:22:00,ZENV
11.58,11.58,11.58,11.58,100,2021-08-02 17:26:00,ZENV
11.58,11.58,11.58,11.58,100,2021-08-02 17:27:00,ZENV
11.58,11.58,11.58,11.58,400,2021-08-02 17:28:00,ZENV
11.58,11.58,11.58,11.58,200,2021-08-02 17:33:00,ZENV
11.65,11.65,11.64,11.64,600,2021-08-02 17:36:00,ZENV
11.64,11.665,11.64,11.665,1400,2021-08-02 17:37:00,ZENV
11.66,11.6605,11.66,11.6605,314,2021-08-02 17:38:00,ZENV
11.66,11.66,11.66,11.66,700,2021-08-02 17:40:00,ZENV
11.65,11.65,11.64,11.65,2000,2021-08-02 17:41:00,ZENV
11.65,11.66,11.59,11.66,2200,2021-08-02 17:42:00,ZENV
11.65,11.66,11.59,11.65,3100,2021-08-02 17:43:00,ZENV
11.65,11.73,11.65,11.65,2586,2021-08-02 17:44:00,ZENV
11.69,11.7,11.66,11.681,3280,2021-08-02 17:52:00,ZENV
11.66,11.66,11.66,11.66,100,2021-08-02 17:55:00,ZENV
11.66,11.66,11.66,11.66,4000,2021-08-02 17:59:00,ZENV
11.66,11.66,11.66,11.66,3187,2021-08-02 18:00:00,ZENV
11.6401,11.6401,11.6401,11.6401,300,2021-08-02 18:04:00,ZENV
11.69,11.69,11.665,11.665,200,2021-08-02 18:05:00,ZENV
11.66,11.69,11.64,11.665,450,2021-08-02 18:06:00,ZENV
11.665,11.665,11.665,11.665,100,2021-08-02 18:07:00,ZENV
11.64,11.64,11.64,11.64,100,2021-08-02 18:09:00,ZENV
11.665,11.665,11.665,11.665,100,2021-08-02 18:13:00,ZENV
11.64,11.64,11.64,11.64,100,2021-08-02 18:15:00,ZENV
11.64,11.64,11.64,11.64,100,2021-08-02 18:17:00,ZENV
11.6401,11.6401,11.6401,11.6401,200,2021-08-02 18:25:00,ZENV
11.64,11.64,11.64,11.64,1519,2021-08-02 18:28:00,ZENV
11.64,11.64,11.64,11.64,100,2021-08-02 18:32:00,ZENV
11.64,11.64,11.64,11.64,100,2021-08-02 18:34:00,ZENV
11.69,11.69,11.69,11.69,444,2021-08-02 18:35:00,ZENV
11.64,11.64,11.64,11.64,300,2021-08-02 18:37:00,ZENV
11.65,11.65,11.65,11.65,100,2021-08-02 18:40:00,ZENV
11.65,11.65,11.65,11.65,100,2021-08-02 18:42:00,ZENV
11.65,11.65,11.65,11.65,100,2021-08-02 18:44:00,ZENV
11.64,11.64,11.64,11.64,100,2021-08-02 18:45:00,ZENV
11.65,11.65,11.65,11.65,100,2021-08-02 18:46:00,ZENV
11.64,11.64,11.64,11.64,100,2021-08-02 18:47:00,ZENV
11.65,11.65,11.65,11.65,700,2021-08-02 18:50:00,ZENV
11.66,11.67,11.66,11.67,1400,2021-08-02 18:51:00,ZENV
11.67,11.67,11.67,11.67,100,2021-08-02 18:52:00,ZENV
11.69,11.7272,11.69,11.7272,1118,2021-08-02 18:53:00,ZENV
11.73,11.73,11.73,11.73,100,2021-08-02 18:55:00,ZENV
11.695,11.74,11.695,11.74,200,2021-08-02 18:56:00,ZENV
11.74,11.81,11.74,11.81,526,2021-08-02 18:58:00,ZENV
11.67,11.67,11.67,11.67,200,2021-08-02 18:59:00,ZENV
11.76,11.76,11.76,11.76,100,2021-08-02 19:00:00,ZENV
11.795,11.795,11.795,11.795,100,2021-08-02 19:01:00,ZENV
11.8999,11.8999,11.785,11.785,300,2021-08-02 19:03:00,ZENV
11.78,11.78,11.78,11.78,100,2021-08-02 19:05:00,ZENV
11.86,11.86,11.68,11.68,200,2021-08-02 19:06:00,ZENV
11.88,11.88,11.88,11.88,100,2021-08-02 19:08:00,ZENV
11.69,11.78,11.675,11.675,3220,2021-08-02 19:09:00,ZENV
11.68,11.68,11.68,11.68,100,2021-08-02 19:10:00,ZENV
11.685,11.7,11.68,11.7,1000,2021-08-02 19:11:00,ZENV
11.69,11.7,11.69,11.69,2100,2021-08-02 19:12:00,ZENV
11.7,11.795,11.7,11.73,500,2021-08-02 19:13:00,ZENV
11.72,11.75,11.72,11.75,600,2021-08-02 19:14:00,ZENV
11.79,11.79,11.79,11.79,100,2021-08-02 19:15:00,ZENV
11.795,11.795,11.75,11.79,6832,2021-08-02 19:17:00,ZENV
11.75,11.79,11.75,11.79,300,2021-08-02 19:18:00,ZENV
11.79,11.79,11.79,11.79,100,2021-08-02 19:20:00,ZENV
11.72,11.72,11.72,11.72,100,2021-08-02 19:21:00,ZENV
11.74,11.74,11.73,11.73,700,2021-08-02 19:22:00,ZENV
11.71,11.71,11.71,11.71,100,2021-08-02 19:24:00,ZENV
11.71,11.71,11.71,11.71,100,2021-08-02 19:26:00,ZENV
11.715,11.75,11.715,11.75,5840,2021-08-02 19:28:00,ZENV
11.75,11.75,11.75,11.75,300,2021-08-02 19:29:00,ZENV
11.79,11.79,11.79,11.79,500,2021-08-02 19:31:00,ZENV
11.84,11.84,11.79,11.8175,2350,2021-08-02 19:32:00,ZENV
11.86,11.86,11.86,11.86,100,2021-08-02 19:34:00,ZENV
11.76,11.79,11.76,11.765,1200,2021-08-02 19:35:00,ZENV
11.75,11.75,11.75,11.75,2420,2021-08-02 19:36:00,ZENV
11.75,11.76,11.75,11.76,300,2021-08-02 19:38:00,ZENV
11.75,11.75,11.75,11.75,3380,2021-08-02 19:39:00,ZENV
11.75,11.75,11.75,11.75,4635,2021-08-02 19:43:00,ZENV
11.75,11.75,11.75,11.75,1300,2021-08-02 19:44:00,ZENV
11.75,11.75,11.75,11.75,200,2021-08-02 19:46:00,ZENV
11.75,11.75,11.75,11.75,400,2021-08-02 19:47:00,ZENV
11.76,11.76,11.76,11.76,148,2021-08-02 19:48:00,ZENV
11.75,11.7598,11.74,11.74,2100,2021-08-02 19:49:00,ZENV
11.74,11.74,11.74,11.74,100,2021-08-02 19:50:00,ZENV
11.74,11.74,11.74,11.74,200,2021-08-02 19:51:00,ZENV
11.74,11.7599,11.74,11.75,9600,2021-08-02 19:52:00,ZENV
11.74,11.74,11.74,11.74,400,2021-08-02 19:53:00,ZENV
11.74,11.74,11.74,11.74,1080,2021-08-02 19:54:00,ZENV
11.74,11.74,11.74,11.74,1693,2021-08-02 19:55:00,ZENV
11.74,11.74,11.74,11.74,400,2021-08-02 19:56:00,ZENV
11.71,11.75,11.71,11.71,2697,2021-08-02 19:57:00,ZENV
11.75,11.75,11.72,11.72,1100,2021-08-02 19:58:00,ZENV
11.72,11.75,11.72,11.75,1304,2021-08-02 19:59:00,ZENV
11.6,11.6,11.6,11.6,5300,2021-08-02 20:00:00,ZENV
11.55,11.55,11.55,11.55,2010,2021-08-03 13:30:00,ZENV
11.86,11.86,11.86,11.86,100,2021-08-03 13:31:00,ZENV
11.86,11.86,11.86,11.86,100,2021-08-03 13:32:00,ZENV
11.5,11.86,11.5,11.86,300,2021-08-03 13:33:00,ZENV
11.665,11.8765,11.48,11.87,1100,2021-08-03 13:35:00,ZENV
11.84,11.84,11.84,11.84,100,2021-08-03 13:36:00,ZENV
11.74,11.86,11.74,11.86,500,2021-08-03 13:37:00,ZENV
11.86,11.86,11.745,11.745,200,2021-08-03 13:38:00,ZENV
11.785,11.8,11.785,11.8,200,2021-08-03 13:39:00,ZENV
11.785,11.785,11.785,11.785,100,2021-08-03 13:40:00,ZENV
11.88,11.88,11.88,11.88,100,2021-08-03 13:42:00,ZENV
11.785,11.785,11.785,11.785,100,2021-08-03 13:43:00,ZENV
11.89,11.89,11.785,11.785,369,2021-08-03 13:44:00,ZENV
11.88,11.89,11.88,11.89,200,2021-08-03 13:45:00,ZENV
11.83,11.83,11.83,11.83,100,2021-08-03 13:46:00,ZENV
11.83,11.83,11.79,11.79,200,2021-08-03 13:47:00,ZENV
11.84,11.84,11.7512,11.84,650,2021-08-03 13:48:00,ZENV
11.84,11.86,11.84,11.86,200,2021-08-03 13:49:00,ZENV
11.86,11.86,11.86,11.86,100,2021-08-03 13:50:00,ZENV
11.86,11.86,11.86,11.86,100,2021-08-03 13:51:00,ZENV
11.87,11.87,11.87,11.87,300,2021-08-03 13:52:00,ZENV
11.86,11.86,11.86,11.86,100,2021-08-03 13:53:00,ZENV
11.87,11.87,11.86,11.86,200,2021-08-03 13:54:00,ZENV
11.86,11.87,11.86,11.87,300,2021-08-03 13:55:00,ZENV
11.81,11.81,11.81,11.81,100,2021-08-03 13:56:00,ZENV
11.86,11.87,11.86,11.87,200,2021-08-03 13:57:00,ZENV
11.86,11.86,11.86,11.86,100,2021-08-03 13:58:00,ZENV
11.81,11.87,11.7613,11.81,700,2021-08-03 13:59:00,ZENV
11.86,11.86,11.86,11.86,100,2021-08-03 14:00:00,ZENV
11.87,11.87,11.81,11.87,300,2021-08-03 14:01:00,ZENV
11.86,11.86,11.81,11.81,200,2021-08-03 14:02:00,ZENV
11.87,11.87,11.87,11.87,200,2021-08-03 14:03:00,ZENV
11.86,11.86,11.74,11.805,2200,2021-08-03 14:04:00,ZENV
11.805,11.805,11.805,11.805,100,2021-08-03 14:05:00,ZENV
11.83,11.83,11.83,11.83,100,2021-08-03 14:06:00,ZENV
11.84,11.84,11.84,11.84,100,2021-08-03 14:07:00,ZENV
11.83,11.83,11.83,11.83,100,2021-08-03 14:08:00,ZENV
11.84,11.84,11.84,11.84,100,2021-08-03 14:09:00,ZENV
11.84,11.84,11.84,11.84,200,2021-08-03 14:10:00,ZENV
11.84,11.84,11.75,11.84,800,2021-08-03 14:11:00,ZENV
11.81,11.81,11.77,11.77,400,2021-08-03 14:12:00,ZENV
11.74,11.77,11.35,11.43,1497,2021-08-03 14:13:00,ZENV
11.504,11.504,11.504,11.504,300,2021-08-03 14:14:00,ZENV
11.71,11.75,11.4,11.4,500,2021-08-03 14:16:00,ZENV
11.49,11.68,11.2707,11.68,1800,2021-08-03 14:18:00,ZENV
11.6,11.6,11.6,11.6,100,2021-08-03 14:19:00,ZENV
11.68,11.68,11.68,11.68,100,2021-08-03 14:20:00,ZENV
11.6,11.6,11.6,11.6,100,2021-08-03 14:21:00,ZENV
11.68,11.68,11.68,11.68,100,2021-08-03 14:22:00,ZENV
11.6,11.62,11.5,11.62,1200,2021-08-03 14:23:00,ZENV
11.56,11.56,11.56,11.56,100,2021-08-03 14:24:00,ZENV
11.6,11.6,11.6,11.6,100,2021-08-03 14:25:00,ZENV
11.6,11.6,11.5,11.6,1399,2021-08-03 14:26:00,ZENV
11.55,11.55,11.55,11.55,100,2021-08-03 14:27:00,ZENV
11.665,11.665,11.665,11.665,100,2021-08-03 14:30:00,ZENV
11.665,11.72,11.665,11.72,300,2021-08-03 14:32:00,ZENV
11.72,11.72,11.72,11.72,100,2021-08-03 14:33:00,ZENV
11.66,11.66,11.66,11.66,100,2021-08-03 14:34:00,ZENV
11.71,11.71,11.71,11.71,100,2021-08-03 14:35:00,ZENV
11.71,11.71,11.71,11.71,100,2021-08-03 14:36:00,ZENV
11.71,11.71,11.71,11.71,100,2021-08-03 14:39:00,ZENV
11.71,11.71,11.71,11.71,200,2021-08-03 14:40:00,ZENV
11.71,11.71,11.69,11.69,300,2021-08-03 14:44:00,ZENV
11.69,11.69,11.69,11.69,377,2021-08-03 14:45:00,ZENV
11.71,11.71,11.71,11.71,100,2021-08-03 14:47:00,ZENV
11.71,11.71,11.71,11.71,100,2021-08-03 14:48:00,ZENV
11.71,11.71,11.71,11.71,100,2021-08-03 14:49:00,ZENV
11.71,11.71,11.71,11.71,100,2021-08-03 14:50:00,ZENV
11.71,11.71,11.71,11.71,100,2021-08-03 14:51:00,ZENV
11.71,11.71,11.71,11.71,100,2021-08-03 14:52:00,ZENV
11.71,11.71,11.71,11.71,200,2021-08-03 14:54:00,ZENV
11.71,11.71,11.71,11.71,100,2021-08-03 14:55:00,ZENV
11.71,11.71,11.71,11.71,100,2021-08-03 14:56:00,ZENV
11.6704,11.6704,11.6704,11.6704,500,2021-08-03 14:57:00,ZENV
11.71,11.71,11.71,11.71,100,2021-08-03 14:58:00,ZENV
11.71,11.71,11.71,11.71,200,2021-08-03 14:59:00,ZENV
11.71,11.71,11.71,11.71,200,2021-08-03 15:00:00,ZENV
11.69,11.69,11.67,11.67,300,2021-08-03 15:01:00,ZENV
11.71,11.71,11.71,11.71,100,2021-08-03 15:04:00,ZENV
11.71,11.71,11.71,11.71,100,2021-08-03 15:05:00,ZENV
11.71,11.71,11.71,11.71,100,2021-08-03 15:06:00,ZENV
11.71,11.71,11.71,11.71,200,2021-08-03 15:07:00,ZENV
11.71,11.71,11.71,11.71,100,2021-08-03 15:08:00,ZENV
11.71,11.71,11.71,11.71,100,2021-08-03 15:09:00,ZENV
11.64,11.71,11.64,11.71,200,2021-08-03 15:11:00,ZENV
11.71,11.71,11.71,11.71,100,2021-08-03 15:12:00,ZENV
11.71,11.71,11.71,11.71,100,2021-08-03 15:13:00,ZENV
11.71,11.71,11.71,11.71,100,2021-08-03 15:14:00,ZENV
11.71,11.71,11.71,11.71,100,2021-08-03 15:16:00,ZENV
11.71,11.71,11.71,11.71,100,2021-08-03 15:18:00,ZENV
11.71,11.71,11.71,11.71,100,2021-08-03 15:20:00,ZENV
11.71,11.71,11.71,11.71,100,2021-08-03 15:21:00,ZENV
11.71,11.71,11.71,11.71,100,2021-08-03 15:23:00,ZENV
11.71,11.71,11.71,11.71,100,2021-08-03 15:26:00,ZENV
11.71,11.71,11.71,11.71,100,2021-08-03 15:27:00,ZENV
11.7,11.7,11.7,11.7,100,2021-08-03 15:28:00,ZENV
11.7,11.7,11.7,11.7,100,2021-08-03 15:29:00,ZENV
11.71,11.71,11.71,11.71,100,2021-08-03 15:30:00,ZENV
11.71,11.71,11.71,11.71,100,2021-08-03 15:31:00,ZENV
11.71,11.71,11.71,11.71,100,2021-08-03 15:35:00,ZENV
11.71,11.71,11.71,11.71,100,2021-08-03 15:40:00,ZENV
11.71,11.71,11.71,11.71,100,2021-08-03 15:41:00,ZENV
11.71,11.71,11.71,11.71,100,2021-08-03 15:43:00,ZENV
11.71,11.71,11.71,11.71,100,2021-08-03 15:46:00,ZENV
11.71,11.71,11.71,11.71,100,2021-08-03 15:48:00,ZENV
11.71,11.71,11.71,11.71,100,2021-08-03 15:49:00,ZENV
11.71,11.71,11.71,11.71,100,2021-08-03 15:50:00,ZENV
11.71,11.71,11.71,11.71,200,2021-08-03 15:51:00,ZENV
11.71,11.71,11.71,11.71,100,2021-08-03 15:52:00,ZENV
11.68,11.68,11.68,11.68,853,2021-08-03 15:54:00,ZENV
11.71,11.71,11.71,11.71,100,2021-08-03 15:55:00,ZENV
11.71,11.71,11.71,11.71,100,2021-08-03 15:56:00,ZENV
11.71,11.71,11.71,11.71,200,2021-08-03 15:58:00,ZENV
11.71,11.71,11.71,11.71,100,2021-08-03 16:00:00,ZENV
11.71,11.71,11.71,11.71,100,2021-08-03 16:01:00,ZENV
11.71,11.71,11.71,11.71,100,2021-08-03 16:02:00,ZENV
11.71,11.71,11.71,11.71,100,2021-08-03 16:04:00,ZENV
11.71,11.71,11.71,11.71,200,2021-08-03 16:06:00,ZENV
11.71,11.71,11.71,11.71,100,2021-08-03 16:07:00,ZENV
11.71,11.71,11.71,11.71,100,2021-08-03 16:09:00,ZENV
11.71,11.71,11.71,11.71,100,2021-08-03 16:10:00,ZENV
11.71,11.71,11.71,11.71,100,2021-08-03 16:11:00,ZENV
11.7,11.71,11.7,11.71,200,2021-08-03 16:13:00,ZENV
11.7,11.7,11.7,11.7,100,2021-08-03 16:14:00,ZENV
11.7,11.7,11.7,11.7,100,2021-08-03 16:15:00,ZENV
11.7,11.71,11.7,11.71,200,2021-08-03 16:17:00,ZENV
11.7,11.7,11.7,11.7,100,2021-08-03 16:18:00,ZENV
11.71,11.71,11.71,11.71,200,2021-08-03 16:19:00,ZENV
11.71,11.71,11.71,11.71,100,2021-08-03 16:21:00,ZENV
11.71,11.71,11.71,11.71,200,2021-08-03 16:25:00,ZENV
11.71,11.71,11.71,11.71,100,2021-08-03 16:26:00,ZENV
11.71,11.71,11.71,11.71,100,2021-08-03 16:27:00,ZENV
11.71,11.71,11.71,11.71,100,2021-08-03 16:29:00,ZENV
11.71,11.71,11.71,11.71,100,2021-08-03 16:30:00,ZENV
11.71,11.71,11.71,11.71,100,2021-08-03 16:32:00,ZENV
11.71,11.71,11.71,11.71,100,2021-08-03 16:33:00,ZENV
11.71,11.71,11.71,11.71,100,2021-08-03 16:36:00,ZENV
11.71,11.71,11.71,11.71,100,2021-08-03 16:40:00,ZENV
11.71,11.71,11.71,11.71,100,2021-08-03 16:43:00,ZENV
11.71,11.71,11.71,11.71,200,2021-08-03 16:44:00,ZENV
11.71,11.71,11.71,11.71,100,2021-08-03 16:50:00,ZENV
11.7,11.7,11.7,11.7,100,2021-08-03 16:52:00,ZENV
11.71,11.71,11.71,11.71,100,2021-08-03 16:54:00,ZENV
11.71,11.71,11.71,11.71,200,2021-08-03 16:56:00,ZENV
11.665,11.71,11.665,11.71,400,2021-08-03 16:58:00,ZENV
11.71,11.71,11.71,11.71,100,2021-08-03 17:00:00,ZENV
11.71,11.71,11.71,11.71,100,2021-08-03 17:03:00,ZENV
11.71,11.71,11.71,11.71,100,2021-08-03 17:04:00,ZENV
11.695,11.695,11.695,11.695,200,2021-08-03 17:05:00,ZENV
11.71,11.71,11.695,11.695,300,2021-08-03 17:06:00,ZENV
11.7,11.7,11.6983,11.6983,300,2021-08-03 17:07:00,ZENV
11.69,11.7,11.69,11.7,600,2021-08-03 17:08:00,ZENV
11.695,11.704,11.695,11.704,470,2021-08-03 17:10:00,ZENV
11.71,11.71,11.71,11.71,100,2021-08-03 17:11:00,ZENV
11.71,11.71,11.71,11.71,100,2021-08-03 17:14:00,ZENV
11.71,11.71,11.7042,11.7042,239,2021-08-03 17:15:00,ZENV
11.71,11.71,11.7095,11.7095,522,2021-08-03 17:16:00,ZENV
11.71,11.71,11.71,11.71,100,2021-08-03 17:17:00,ZENV
11.71,11.71,11.71,11.71,100,2021-08-03 17:18:00,ZENV
11.71,11.71,11.71,11.71,100,2021-08-03 17:20:00,ZENV
11.71,11.71,11.71,11.71,100,2021-08-03 17:21:00,ZENV
11.71,11.71,11.71,11.71,200,2021-08-03 17:23:00,ZENV
11.71,11.71,11.695,11.71,3828,2021-08-03 17:25:00,ZENV
11.745,11.795,11.71,11.71,724,2021-08-03 17:26:00,ZENV
11.71,11.755,11.71,11.755,300,2021-08-03 17:27:00,ZENV
11.71,11.75,11.71,11.75,820,2021-08-03 17:28:00,ZENV
11.7104,11.7104,11.7104,11.7104,300,2021-08-03 17:29:00,ZENV
11.745,11.745,11.745,11.745,100,2021-08-03 17:31:00,ZENV
11.745,11.745,11.745,11.745,100,2021-08-03 17:33:00,ZENV
11.73,11.75,11.73,11.75,200,2021-08-03 17:36:00,ZENV
11.78,11.78,11.7792,11.78,300,2021-08-03 17:38:00,ZENV
11.78,11.78,11.78,11.78,100,2021-08-03 17:40:00,ZENV
11.78,11.8,11.775,11.78,950,2021-08-03 17:41:00,ZENV
11.78,11.78,11.78,11.78,200,2021-08-03 17:42:00,ZENV
11.78,11.79,11.78,11.79,500,2021-08-03 17:43:00,ZENV
11.8,11.8,11.79,11.79,4462,2021-08-03 17:44:00,ZENV
11.78,11.78,11.78,11.78,400,2021-08-03 17:45:00,ZENV
11.78,11.78,11.78,11.78,300,2021-08-03 17:46:00,ZENV
11.78,11.78,11.77,11.77,200,2021-08-03 17:47:00,ZENV
11.78,11.78,11.76,11.76,400,2021-08-03 17:49:00,ZENV
11.78,11.78,11.76,11.76,200,2021-08-03 17:50:00,ZENV
11.76,11.78,11.76,11.76,300,2021-08-03 17:51:00,ZENV
11.76,11.78,11.76,11.78,200,2021-08-03 17:52:00,ZENV
11.76,11.76,11.76,11.76,100,2021-08-03 17:53:00,ZENV
11.775,11.775,11.775,11.775,100,2021-08-03 17:54:00,ZENV
11.775,11.775,11.775,11.775,100,2021-08-03 17:55:00,ZENV
11.775,11.775,11.775,11.775,100,2021-08-03 17:57:00,ZENV
11.78,11.8,11.78,11.8,200,2021-08-03 18:00:00,ZENV
11.8,11.8,11.8,11.8,100,2021-08-03 18:02:00,ZENV
11.8,11.8,11.76,11.76,200,2021-08-03 18:03:00,ZENV
11.76,11.78,11.76,11.78,400,2021-08-03 18:04:00,ZENV
11.76,11.79,11.76,11.76,600,2021-08-03 18:05:00,ZENV
11.76,11.785,11.76,11.785,300,2021-08-03 18:06:00,ZENV
11.76,11.79,11.76,11.79,500,2021-08-03 18:07:00,ZENV
11.76,11.79,11.76,11.79,300,2021-08-03 18:08:00,ZENV
11.76,11.79,11.76,11.76,600,2021-08-03 18:09:00,ZENV
11.76,11.77,11.76,11.76,700,2021-08-03 18:10:00,ZENV
11.76,11.82,11.76,11.79,700,2021-08-03 18:11:00,ZENV
11.76,11.82,11.76,11.82,400,2021-08-03 18:12:00,ZENV
11.76,11.79,11.76,11.76,600,2021-08-03 18:13:00,ZENV
11.79,11.79,11.6496,11.6496,1300,2021-08-03 18:14:00,ZENV
11.6305,11.6305,11.6305,11.6305,360,2021-08-03 18:15:00,ZENV
11.67,11.67,11.67,11.67,200,2021-08-03 18:18:00,ZENV
11.67,11.67,11.67,11.67,100,2021-08-03 18:19:00,ZENV
11.67,11.67,11.67,11.67,100,2021-08-03 18:20:00,ZENV
11.675,11.675,11.65,11.675,700,2021-08-03 18:21:00,ZENV
11.675,11.675,11.675,11.675,200,2021-08-03 18:22:00,ZENV
11.71,11.71,11.71,11.71,100,2021-08-03 18:25:00,ZENV
11.685,11.685,11.685,11.685,100,2021-08-03 18:28:00,ZENV
11.71,11.71,11.71,11.71,100,2021-08-03 18:29:00,ZENV
11.71,11.71,11.71,11.71,200,2021-08-03 18:30:00,ZENV
11.71,11.71,11.71,11.71,100,2021-08-03 18:31:00,ZENV
11.71,11.71,11.71,11.71,100,2021-08-03 18:33:00,ZENV
11.71,11.71,11.71,11.71,200,2021-08-03 18:34:00,ZENV
11.81,11.81,11.81,11.81,100,2021-08-03 18:35:00,ZENV
11.81,11.81,11.81,11.81,100,2021-08-03 18:36:00,ZENV
11.81,11.82,11.81,11.82,200,2021-08-03 18:37:00,ZENV
11.79,11.79,11.79,11.79,100,2021-08-03 18:38:00,ZENV
11.79,11.79,11.79,11.79,100,2021-08-03 18:39:00,ZENV
11.82,11.82,11.82,11.82,200,2021-08-03 18:40:00,ZENV
11.81,11.81,11.81,11.81,400,2021-08-03 18:42:00,ZENV
11.81,11.81,11.77,11.77,300,2021-08-03 18:43:00,ZENV
11.77,11.77,11.77,11.77,100,2021-08-03 18:44:00,ZENV
11.77,11.81,11.76,11.81,400,2021-08-03 18:45:00,ZENV
11.81,11.81,11.76,11.76,699,2021-08-03 18:47:00,ZENV
11.81,11.81,11.76,11.76,200,2021-08-03 18:48:00,ZENV
11.76,11.785,11.76,11.785,400,2021-08-03 18:49:00,ZENV
11.785,11.785,11.76,11.785,500,2021-08-03 18:50:00,ZENV
11.76,11.775,11.76,11.76,600,2021-08-03 18:51:00,ZENV
11.76,11.76,11.76,11.76,300,2021-08-03 18:52:00,ZENV
11.695,11.695,11.695,11.695,200,2021-08-03 18:55:00,ZENV
11.73,11.73,11.73,11.73,100,2021-08-03 18:57:00,ZENV
11.7,11.7,11.7,11.7,100,2021-08-03 18:58:00,ZENV
11.74,11.79,11.74,11.79,200,2021-08-03 19:00:00,ZENV
11.79,11.79,11.79,11.79,100,2021-08-03 19:02:00,ZENV
11.8,11.8,11.8,11.8,100,2021-08-03 19:03:00,ZENV
11.81,11.81,11.81,11.81,500,2021-08-03 19:05:00,ZENV
11.81,11.81,11.81,11.81,400,2021-08-03 19:06:00,ZENV
11.81,11.82,11.81,11.82,400,2021-08-03 19:07:00,ZENV
11.81,11.82,11.81,11.82,300,2021-08-03 19:08:00,ZENV
11.82,11.82,11.82,11.82,200,2021-08-03 19:09:00,ZENV
11.82,11.82,11.795,11.795,400,2021-08-03 19:10:00,ZENV
11.81,11.82,11.77,11.795,700,2021-08-03 19:11:00,ZENV
11.82,11.82,11.82,11.82,100,2021-08-03 19:12:00,ZENV
11.82,11.82,11.795,11.795,400,2021-08-03 19:13:00,ZENV
11.78,11.795,11.77,11.79,600,2021-08-03 19:14:00,ZENV
11.77,11.79,11.77,11.79,1272,2021-08-03 19:15:00,ZENV
11.78,11.79,11.78,11.79,400,2021-08-03 19:16:00,ZENV
11.78,11.79,11.77,11.77,1500,2021-08-03 19:17:00,ZENV
11.72,11.79,11.72,11.79,1600,2021-08-03 19:19:00,ZENV
11.77,11.775,11.77,11.775,1100,2021-08-03 19:20:00,ZENV
11.76,11.76,11.74,11.75,700,2021-08-03 19:21:00,ZENV
11.75,11.75,11.75,11.75,200,2021-08-03 19:23:00,ZENV
11.75,11.75,11.75,11.75,200,2021-08-03 19:24:00,ZENV
11.75,11.79,11.72,11.79,1100,2021-08-03 19:25:00,ZENV
11.76,11.81,11.76,11.77,900,2021-08-03 19:26:00,ZENV
11.77,11.77,11.76,11.77,1200,2021-08-03 19:27:00,ZENV
11.765,11.79,11.765,11.77,700,2021-08-03 19:28:00,ZENV
11.76,11.7675,11.75,11.75,700,2021-08-03 19:29:00,ZENV
11.75,11.785,11.75,11.785,600,2021-08-03 19:30:00,ZENV
11.77,11.77,11.77,11.77,300,2021-08-03 19:31:00,ZENV
11.78,11.78,11.75,11.75,1400,2021-08-03 19:32:00,ZENV
11.76,11.76,11.76,11.76,300,2021-08-03 19:33:00,ZENV
11.755,11.755,11.755,11.755,200,2021-08-03 19:34:00,ZENV
11.76,11.76,11.74,11.76,2350,2021-08-03 19:36:00,ZENV
11.75,11.77,11.75,11.77,300,2021-08-03 19:37:00,ZENV
11.75,11.77,11.75,11.77,1100,2021-08-03 19:38:00,ZENV
11.79,11.82,11.77,11.82,900,2021-08-03 19:40:00,ZENV
11.82,11.82,11.76,11.79,1300,2021-08-03 19:41:00,ZENV
11.785,11.785,11.76,11.76,1100,2021-08-03 19:42:00,ZENV
11.75,11.765,11.75,11.765,700,2021-08-03 19:43:00,ZENV
11.765,11.79,11.765,11.79,200,2021-08-03 19:44:00,ZENV
11.79,11.79,11.75,11.75,2500,2021-08-03 19:45:00,ZENV
11.765,11.765,11.765,11.765,400,2021-08-03 19:46:00,ZENV
11.765,11.765,11.75,11.765,2100,2021-08-03 19:47:00,ZENV
11.765,11.765,11.755,11.755,300,2021-08-03 19:48:00,ZENV
11.765,11.77,11.75,11.75,1012,2021-08-03 19:49:00,ZENV
11.77,11.77,11.75,11.77,800,2021-08-03 19:50:00,ZENV
11.75,11.77,11.75,11.75,1500,2021-08-03 19:51:00,ZENV
11.75,11.77,11.74,11.75,2200,2021-08-03 19:52:00,ZENV
11.755,11.755,11.75,11.75,600,2021-08-03 19:53:00,ZENV
11.73,11.75,11.72,11.735,1690,2021-08-03 19:54:00,ZENV
11.735,11.75,11.7201,11.75,1305,2021-08-03 19:55:00,ZENV
11.75,11.78,11.75,11.78,1400,2021-08-03 19:56:00,ZENV
11.78,11.78,11.74,11.74,2710,2021-08-03 19:57:00,ZENV
11.78,11.78,11.755,11.755,1500,2021-08-03 19:58:00,ZENV
11.755,11.755,11.69,11.69,2800,2021-08-03 19:59:00,ZENV
11.63,11.63,11.63,11.63,3900,2021-08-03 20:00:00,ZENV
11.52,11.52,11.5,11.5,2966,2021-08-04 13:30:00,ZENV
11.59,11.59,11.59,11.59,200,2021-08-04 13:32:00,ZENV
11.59,11.6,11.5,11.515,1400,2021-08-04 13:33:00,ZENV
11.505,11.505,11.505,11.505,100,2021-08-04 13:34:00,ZENV
11.72,11.76,11.475,11.475,600,2021-08-04 13:35:00,ZENV
11.72,11.72,11.49,11.49,200,2021-08-04 13:36:00,ZENV
11.72,11.72,11.72,11.72,100,2021-08-04 13:37:00,ZENV
11.49,11.72,11.49,11.72,200,2021-08-04 13:38:00,ZENV
11.86,11.86,11.55,11.55,300,2021-08-04 13:39:00,ZENV
11.54,11.54,11.54,11.54,200,2021-08-04 13:41:00,ZENV
11.86,11.87,11.86,11.86,500,2021-08-04 13:43:00,ZENV
11.86,11.86,11.54,11.54,500,2021-08-04 13:44:00,ZENV
11.79,11.79,11.79,11.79,100,2021-08-04 13:48:00,ZENV
11.82,11.86,11.67,11.67,1100,2021-08-04 13:50:00,ZENV
11.85,11.87,11.7,11.85,1900,2021-08-04 13:51:00,ZENV
11.83,11.85,11.76,11.76,800,2021-08-04 13:52:00,ZENV
11.76,11.76,11.76,11.76,400,2021-08-04 13:53:00,ZENV
11.67,11.67,11.67,11.67,100,2021-08-04 13:54:00,ZENV
11.815,11.815,11.535,11.535,900,2021-08-04 13:57:00,ZENV
11.7,11.71,11.7,11.71,400,2021-08-04 13:58:00,ZENV
11.635,11.67,11.43,11.64,800,2021-08-04 13:59:00,ZENV
11.68,11.68,11.59,11.59,300,2021-08-04 14:00:00,ZENV
11.48,11.68,11.48,11.68,400,2021-08-04 14:01:00,ZENV
11.48,11.665,11.48,11.665,1200,2021-08-04 14:03:00,ZENV
11.65,11.65,11.455,11.5,4000,2021-08-04 14:04:00,ZENV
11.465,11.57,11.465,11.57,600,2021-08-04 14:05:00,ZENV
11.48,11.57,11.48,11.525,400,2021-08-04 14:06:00,ZENV
11.525,11.525,11.46,11.46,800,2021-08-04 14:07:00,ZENV
11.46,11.46,11.46,11.46,100,2021-08-04 14:08:00,ZENV
11.315,11.315,11.29,11.29,200,2021-08-04 14:10:00,ZENV
11.285,11.445,11.285,11.445,1000,2021-08-04 14:11:00,ZENV
11.42,11.42,11.42,11.42,100,2021-08-04 14:12:00,ZENV
11.42,11.42,11.42,11.42,200,2021-08-04 14:13:00,ZENV
11.41,11.41,11.41,11.41,100,2021-08-04 14:14:00,ZENV
11.365,11.365,11.365,11.365,200,2021-08-04 14:16:00,ZENV
11.29,11.355,11.29,11.355,5600,2021-08-04 14:18:00,ZENV
11.42,11.42,11.42,11.42,400,2021-08-04 14:19:00,ZENV
11.355,11.355,11.355,11.355,800,2021-08-04 14:20:00,ZENV
11.345,11.345,11.3402,11.345,800,2021-08-04 14:22:00,ZENV
11.345,11.345,11.345,11.345,100,2021-08-04 14:23:00,ZENV
11.36,11.36,11.36,11.36,100,2021-08-04 14:25:00,ZENV
11.36,11.52,11.36,11.52,500,2021-08-04 14:26:00,ZENV
11.405,11.405,11.405,11.405,100,2021-08-04 14:27:00,ZENV
11.45,11.52,11.45,11.52,200,2021-08-04 14:29:00,ZENV
11.52,11.52,11.52,11.52,100,2021-08-04 14:30:00,ZENV
11.52,11.52,11.52,11.52,100,2021-08-04 14:31:00,ZENV
11.38,11.59,11.38,11.58,800,2021-08-04 14:33:00,ZENV
11.56,11.56,11.385,11.45,300,2021-08-04 14:34:00,ZENV
11.2635,11.2635,11.2635,11.2635,1488,2021-08-04 14:35:00,ZENV
11.44,11.525,11.44,11.525,600,2021-08-04 14:36:00,ZENV
11.515,11.515,11.45,11.45,600,2021-08-04 14:37:00,ZENV
11.345,11.345,11.345,11.345,100,2021-08-04 14:39:00,ZENV
11.445,11.445,11.445,11.445,100,2021-08-04 14:40:00,ZENV
11.415,11.415,11.415,11.415,400,2021-08-04 14:41:00,ZENV
11.38,11.4,11.38,11.4,759,2021-08-04 14:42:00,ZENV
11.395,11.395,11.395,11.395,100,2021-08-04 14:43:00,ZENV
11.335,11.335,11.335,11.335,100,2021-08-04 14:44:00,ZENV
11.38,11.38,11.38,11.38,100,2021-08-04 14:46:00,ZENV
11.39,11.45,11.39,11.45,400,2021-08-04 14:47:00,ZENV
11.305,11.49,11.305,11.365,600,2021-08-04 14:48:00,ZENV
11.36,11.36,11.36,11.36,100,2021-08-04 14:50:00,ZENV
11.48,11.48,11.48,11.48,100,2021-08-04 14:51:00,ZENV
11.48,11.48,11.48,11.48,300,2021-08-04 14:52:00,ZENV
11.47,11.47,11.425,11.425,500,2021-08-04 14:54:00,ZENV
11.425,11.425,11.425,11.425,200,2021-08-04 14:56:00,ZENV
11.48,11.49,11.48,11.49,400,2021-08-04 14:58:00,ZENV
11.48,11.55,11.48,11.55,200,2021-08-04 14:59:00,ZENV
11.55,11.57,11.41,11.57,400,2021-08-04 15:00:00,ZENV
11.55,11.55,11.55,11.55,100,2021-08-04 15:02:00,ZENV
11.54,11.54,11.54,11.54,100,2021-08-04 15:03:00,ZENV
11.55,11.56,11.55,11.55,300,2021-08-04 15:04:00,ZENV
11.55,11.55,11.55,11.55,100,2021-08-04 15:05:00,ZENV
11.54,11.54,11.54,11.54,100,2021-08-04 15:06:00,ZENV
11.48,11.48,11.48,11.48,100,2021-08-04 15:07:00,ZENV
11.54,11.56,11.48,11.56,600,2021-08-04 15:09:00,ZENV
11.42,11.47,11.42,11.465,300,2021-08-04 15:10:00,ZENV
11.47,11.56,11.45,11.56,900,2021-08-04 15:11:00,ZENV
11.425,11.48,11.425,11.48,200,2021-08-04 15:14:00,ZENV
11.48,11.48,11.48,11.48,100,2021-08-04 15:15:00,ZENV
11.48,11.48,11.48,11.48,100,2021-08-04 15:16:00,ZENV
11.46,11.46,11.46,11.46,100,2021-08-04 15:19:00,ZENV
11.42,11.45,11.36,11.45,400,2021-08-04 15:21:00,ZENV
11.38,11.38,11.38,11.38,100,2021-08-04 15:22:00,ZENV
11.42,11.465,11.42,11.465,300,2021-08-04 15:23:00,ZENV
11.51,11.51,11.51,11.51,100,2021-08-04 15:24:00,ZENV
11.51,11.51,11.51,11.51,100,2021-08-04 15:26:00,ZENV
11.53,11.6,11.53,11.6,1000,2021-08-04 15:27:00,ZENV
11.59,11.59,11.48,11.48,300,2021-08-04 15:28:00,ZENV
11.49,11.56,11.49,11.56,200,2021-08-04 15:29:00,ZENV
11.49,11.56,11.48,11.56,300,2021-08-04 15:30:00,ZENV
11.56,11.56,11.56,11.56,100,2021-08-04 15:31:00,ZENV
11.56,11.56,11.55,11.55,1400,2021-08-04 15:35:00,ZENV
11.49,11.56,11.48,11.49,700,2021-08-04 15:36:00,ZENV
11.58,11.58,11.51,11.58,600,2021-08-04 15:37:00,ZENV
11.52,11.545,11.51,11.53,700,2021-08-04 15:40:00,ZENV
11.555,11.605,11.53,11.53,1400,2021-08-04 15:41:00,ZENV
11.54,11.6,11.54,11.6,500,2021-08-04 15:42:00,ZENV
11.53,11.565,11.53,11.53,300,2021-08-04 15:43:00,ZENV
11.57,11.57,11.565,11.565,300,2021-08-04 15:44:00,ZENV
11.565,11.565,11.565,11.565,200,2021-08-04 15:46:00,ZENV
11.56,11.56,11.56,11.56,100,2021-08-04 15:47:00,ZENV
11.56,11.56,11.56,11.56,200,2021-08-04 15:48:00,ZENV
11.555,11.555,11.555,11.555,100,2021-08-04 15:49:00,ZENV
11.55,11.55,11.55,11.55,100,2021-08-04 15:50:00,ZENV
11.55,11.55,11.55,11.55,200,2021-08-04 15:51:00,ZENV
11.55,11.55,11.55,11.55,100,2021-08-04 15:52:00,ZENV
11.55,11.55,11.55,11.55,200,2021-08-04 15:53:00,ZENV
11.55,11.55,11.55,11.55,100,2021-08-04 15:54:00,ZENV
11.555,11.555,11.555,11.555,200,2021-08-04 15:57:00,ZENV
11.6,11.6,11.6,11.6,100,2021-08-04 16:02:00,ZENV
11.62,11.62,11.62,11.62,100,2021-08-04 16:03:00,ZENV
11.62,11.62,11.62,11.62,100,2021-08-04 16:04:00,ZENV
11.6,11.6,11.6,11.6,100,2021-08-04 16:06:00,ZENV
11.6,11.62,11.6,11.62,400,2021-08-04 16:07:00,ZENV
11.6,11.6,11.6,11.6,500,2021-08-04 16:08:00,ZENV
11.6,11.6,11.6,11.6,100,2021-08-04 16:10:00,ZENV
11.67,11.67,11.6,11.6,200,2021-08-04 16:11:00,ZENV
11.66,11.66,11.58,11.58,476,2021-08-04 16:15:00,ZENV
11.65,11.65,11.65,11.65,100,2021-08-04 16:16:00,ZENV
11.65,11.65,11.65,11.65,300,2021-08-04 16:18:00,ZENV
11.66,11.66,11.65,11.65,500,2021-08-04 16:20:00,ZENV
11.64,11.64,11.64,11.64,100,2021-08-04 16:24:00,ZENV
11.64,11.65,11.64,11.65,376,2021-08-04 16:25:00,ZENV
11.6,11.6,11.6,11.6,100,2021-08-04 16:26:00,ZENV
11.65,11.65,11.65,11.65,100,2021-08-04 16:27:00,ZENV
11.64,11.65,11.64,11.65,800,2021-08-04 16:28:00,ZENV
11.66,11.66,11.6505,11.6505,200,2021-08-04 16:30:00,ZENV
11.65,11.65,11.65,11.65,550,2021-08-04 16:34:00,ZENV
11.65,11.65,11.65,11.65,300,2021-08-04 16:38:00,ZENV
11.71,11.71,11.65,11.71,400,2021-08-04 16:41:00,ZENV
11.65,11.65,11.65,11.65,100,2021-08-04 16:42:00,ZENV
11.65,11.665,11.65,11.665,384,2021-08-04 16:44:00,ZENV
11.63,11.65,11.63,11.65,726,2021-08-04 16:47:00,ZENV
11.63,11.66,11.63,11.66,300,2021-08-04 16:49:00,ZENV
11.67,11.67,11.65,11.65,400,2021-08-04 16:52:00,ZENV
11.585,11.65,11.585,11.65,200,2021-08-04 16:55:00,ZENV
11.65,11.65,11.65,11.65,300,2021-08-04 16:57:00,ZENV
11.65,11.65,11.65,11.65,400,2021-08-04 17:00:00,ZENV
11.65,11.65,11.65,11.65,400,2021-08-04 17:01:00,ZENV
11.64,11.64,11.64,11.64,100,2021-08-04 17:02:00,ZENV
11.64,11.64,11.64,11.64,276,2021-08-04 17:03:00,ZENV
11.63,11.63,11.63,11.63,600,2021-08-04 17:07:00,ZENV
11.63,11.63,11.63,11.63,100,2021-08-04 17:09:00,ZENV
11.63,11.63,11.63,11.63,400,2021-08-04 17:11:00,ZENV
11.63,11.63,11.63,11.63,100,2021-08-04 17:12:00,ZENV
11.63,11.63,11.63,11.63,100,2021-08-04 17:13:00,ZENV
11.62,11.62,11.62,11.62,300,2021-08-04 17:16:00,ZENV
11.71,11.73,11.66,11.73,400,2021-08-04 17:23:00,ZENV
11.695,11.695,11.66,11.66,900,2021-08-04 17:24:00,ZENV
11.695,11.695,11.66,11.66,1910,2021-08-04 17:26:00,ZENV
11.69,11.69,11.69,11.69,100,2021-08-04 17:27:00,ZENV
11.69,11.69,11.69,11.69,100,2021-08-04 17:28:00,ZENV
11.69,11.69,11.69,11.69,100,2021-08-04 17:29:00,ZENV
11.69,11.69,11.66,11.66,429,2021-08-04 17:31:00,ZENV
11.69,11.69,11.69,11.69,100,2021-08-04 17:34:00,ZENV
11.69,11.69,11.69,11.69,100,2021-08-04 17:35:00,ZENV
11.69,11.69,11.69,11.69,100,2021-08-04 17:36:00,ZENV
11.7,11.7,11.7,11.7,400,2021-08-04 17:37:00,ZENV
11.69,11.69,11.69,11.69,200,2021-08-04 17:38:00,ZENV
11.71,11.71,11.71,11.71,100,2021-08-04 17:43:00,ZENV
11.7,11.7,11.7,11.7,100,2021-08-04 17:44:00,ZENV
11.7,11.7,11.65,11.69,1400,2021-08-04 17:45:00,ZENV
11.685,11.685,11.685,11.685,100,2021-08-04 17:46:00,ZENV
11.71,11.71,11.71,11.71,100,2021-08-04 17:49:00,ZENV
11.7,11.7,11.7,11.7,100,2021-08-04 17:51:00,ZENV
11.72,11.74,11.715,11.715,10941,2021-08-04 17:52:00,ZENV
11.715,11.715,11.715,11.715,200,2021-08-04 17:53:00,ZENV
11.72,11.72,11.72,11.72,300,2021-08-04 17:54:00,ZENV
11.63,11.63,11.63,11.63,500,2021-08-04 18:01:00,ZENV
11.61,11.61,11.61,11.61,100,2021-08-04 18:02:00,ZENV
11.73,11.73,11.73,11.73,100,2021-08-04 18:07:00,ZENV
11.74,11.74,11.73,11.73,500,2021-08-04 18:11:00,ZENV
11.74,11.74,11.74,11.74,100,2021-08-04 18:12:00,ZENV
11.74,11.74,11.74,11.74,100,2021-08-04 18:13:00,ZENV
11.75,11.75,11.75,11.75,100,2021-08-04 18:18:00,ZENV
11.74,11.74,11.74,11.74,100,2021-08-04 18:19:00,ZENV
11.75,11.75,11.75,11.75,100,2021-08-04 18:20:00,ZENV
11.75,11.75,11.75,11.75,100,2021-08-04 18:21:00,ZENV
11.75,11.75,11.75,11.75,300,2021-08-04 18:22:00,ZENV
11.73,11.75,11.73,11.75,576,2021-08-04 18:28:00,ZENV
11.75,11.79,11.75,11.79,600,2021-08-04 18:32:00,ZENV
11.75,11.75,11.75,11.75,100,2021-08-04 18:33:00,ZENV
11.75,11.75,11.75,11.75,100,2021-08-04 18:34:00,ZENV
11.78,11.78,11.75,11.75,700,2021-08-04 18:35:00,ZENV
11.75,11.75,11.75,11.75,100,2021-08-04 18:36:00,ZENV
11.78,11.78,11.78,11.78,100,2021-08-04 18:37:00,ZENV
11.78,11.78,11.78,11.78,100,2021-08-04 18:39:00,ZENV
11.75,11.75,11.75,11.75,100,2021-08-04 18:46:00,ZENV
11.75,11.75,11.69,11.69,300,2021-08-04 18:47:00,ZENV
11.75,11.75,11.75,11.75,500,2021-08-04 18:48:00,ZENV
11.75,11.75,11.75,11.75,100,2021-08-04 18:49:00,ZENV
11.75,11.75,11.75,11.75,100,2021-08-04 18:50:00,ZENV
11.81,11.81,11.81,11.81,200,2021-08-04 18:51:00,ZENV
11.81,11.81,11.81,11.81,100,2021-08-04 18:52:00,ZENV
11.69,11.735,11.69,11.735,200,2021-08-04 18:59:00,ZENV
11.76,11.76,11.75,11.76,700,2021-08-04 19:01:00,ZENV
11.76,11.76,11.76,11.76,100,2021-08-04 19:02:00,ZENV
11.75,11.75,11.75,11.75,200,2021-08-04 19:03:00,ZENV
11.8,11.8,11.8,11.8,100,2021-08-04 19:10:00,ZENV
11.75,11.75,11.735,11.735,200,2021-08-04 19:11:00,ZENV
11.75,11.75,11.74,11.75,400,2021-08-04 19:12:00,ZENV
11.75,11.75,11.75,11.75,400,2021-08-04 19:16:00,ZENV
11.75,11.81,11.735,11.735,890,2021-08-04 19:20:00,ZENV
11.81,11.81,11.75,11.81,700,2021-08-04 19:24:00,ZENV
11.81,11.81,11.735,11.75,500,2021-08-04 19:29:00,ZENV
11.75,11.75,11.75,11.75,500,2021-08-04 19:30:00,ZENV
11.75,11.75,11.75,11.75,100,2021-08-04 19:31:00,ZENV
11.735,11.735,11.72,11.735,871,2021-08-04 19:35:00,ZENV
11.75,11.77,11.75,11.75,1300,2021-08-04 19:40:00,ZENV
11.765,11.765,11.765,11.765,300,2021-08-04 19:42:00,ZENV
11.76,11.76,11.76,11.76,300,2021-08-04 19:44:00,ZENV
11.7625,11.7625,11.76,11.76,300,2021-08-04 19:45:00,ZENV
11.7625,11.7625,11.76,11.76,300,2021-08-04 19:46:00,ZENV
11.765,11.765,11.76,11.765,300,2021-08-04 19:47:00,ZENV
11.76,11.76,11.76,11.76,300,2021-08-04 19:48:00,ZENV
11.7625,11.7625,11.76,11.76,300,2021-08-04 19:50:00,ZENV
11.765,11.765,11.765,11.765,200,2021-08-04 19:51:00,ZENV
11.78,11.8,11.78,11.8,1000,2021-08-04 19:53:00,ZENV
11.77,11.8,11.76,11.8,665,2021-08-04 19:54:00,ZENV
11.8,11.8,11.8,11.8,800,2021-08-04 19:55:00,ZENV
11.8097,11.86,11.8097,11.84,3463,2021-08-04 19:56:00,ZENV
11.84,11.85,11.83,11.83,1158,2021-08-04 19:57:00,ZENV
11.845,11.845,11.8,11.8,833,2021-08-04 19:58:00,ZENV
11.8,11.84,11.78,11.78,2120,2021-08-04 19:59:00,ZENV
11.65,11.65,11.65,11.65,2200,2021-08-04 20:00:00,ZENV
11.6,11.6,11.6,11.6,200,2021-08-05 13:30:00,ZENV
11.6,11.6,11.6,11.6,100,2021-08-05 13:31:00,ZENV
11.55,11.55,11.55,11.55,100,2021-08-05 13:32:00,ZENV
11.6,11.84,11.6,11.84,469,2021-08-05 13:33:00,ZENV
11.79,11.79,11.79,11.79,100,2021-08-05 13:34:00,ZENV
11.83,11.83,11.81,11.81,200,2021-08-05 13:35:00,ZENV
11.83,11.83,11.83,11.83,100,2021-08-05 13:36:00,ZENV
11.8,11.84,11.8,11.84,200,2021-08-05 13:37:00,ZENV
11.82,11.83,11.82,11.83,300,2021-08-05 13:38:00,ZENV
11.84,11.84,11.84,11.84,200,2021-08-05 13:39:00,ZENV
11.83,11.84,11.83,11.84,200,2021-08-05 13:42:00,ZENV
11.84,11.84,11.84,11.84,100,2021-08-05 13:43:00,ZENV
11.85,11.85,11.85,11.85,300,2021-08-05 13:44:00,ZENV
11.85,11.85,11.85,11.85,100,2021-08-05 13:45:00,ZENV
11.85,11.85,11.585,11.585,434,2021-08-05 13:46:00,ZENV
11.87,11.87,11.86,11.86,200,2021-08-05 13:47:00,ZENV
11.87,11.87,11.87,11.87,100,2021-08-05 13:48:00,ZENV
11.87,11.88,11.87,11.88,200,2021-08-05 13:49:00,ZENV
11.88,11.88,11.88,11.88,100,2021-08-05 13:50:00,ZENV
11.88,11.88,11.88,11.88,200,2021-08-05 13:51:00,ZENV
11.88,11.88,11.615,11.85,300,2021-08-05 13:52:00,ZENV
11.88,11.88,11.88,11.88,100,2021-08-05 13:53:00,ZENV
11.88,11.88,11.75,11.75,700,2021-08-05 13:54:00,ZENV
11.8,11.8,11.7,11.75,1000,2021-08-05 13:55:00,ZENV
11.8,11.8,11.8,11.8,100,2021-08-05 13:56:00,ZENV
11.84,11.84,11.84,11.84,100,2021-08-05 13:57:00,ZENV
11.84,11.84,11.84,11.84,100,2021-08-05 13:58:00,ZENV
11.75,11.79,11.75,11.79,600,2021-08-05 13:59:00,ZENV
11.548,11.548,11.548,11.548,133,2021-08-05 14:01:00,ZENV
11.56,11.74,11.56,11.74,680,2021-08-05 14:03:00,ZENV
11.62,11.62,11.6,11.6,427,2021-08-05 14:04:00,ZENV
11.68,11.68,11.68,11.68,400,2021-08-05 14:06:00,ZENV
11.65,11.65,11.65,11.65,1300,2021-08-05 14:09:00,ZENV
11.72,11.72,11.68,11.72,600,2021-08-05 14:14:00,ZENV
11.74,11.74,11.675,11.675,400,2021-08-05 14:15:00,ZENV
11.7,11.7,11.7,11.7,300,2021-08-05 14:16:00,ZENV
11.7,11.775,11.7,11.775,1600,2021-08-05 14:17:00,ZENV
11.82,11.82,11.82,11.82,200,2021-08-05 14:20:00,ZENV
11.685,11.685,11.57,11.57,700,2021-08-05 14:21:00,ZENV
11.71,11.71,11.71,11.71,100,2021-08-05 14:22:00,ZENV
11.52,11.68,11.42,11.45,16622,2021-08-05 14:23:00,ZENV
11.435,11.435,11.435,11.435,100,2021-08-05 14:24:00,ZENV
11.48,11.48,11.48,11.48,200,2021-08-05 14:25:00,ZENV
11.52,11.52,11.48,11.48,1900,2021-08-05 14:26:00,ZENV
11.44,11.44,11.44,11.44,877,2021-08-05 14:27:00,ZENV
11.395,11.395,11.395,11.395,100,2021-08-05 14:29:00,ZENV
11.455,11.455,11.435,11.435,1242,2021-08-05 14:32:00,ZENV
11.46,11.46,11.46,11.46,300,2021-08-05 14:33:00,ZENV
11.46,11.52,11.46,11.5183,900,2021-08-05 14:34:00,ZENV
11.485,11.485,11.485,11.485,200,2021-08-05 14:36:00,ZENV
11.485,11.485,11.485,11.485,100,2021-08-05 14:37:00,ZENV
11.4329,11.5,11.4329,11.5,374,2021-08-05 14:41:00,ZENV
11.5,11.5,11.5,11.5,100,2021-08-05 14:42:00,ZENV
11.5,11.5,11.4,11.4,300,2021-08-05 14:43:00,ZENV
11.48,11.49,11.48,11.49,200,2021-08-05 14:44:00,ZENV
11.5,11.52,11.41,11.41,4504,2021-08-05 14:45:00,ZENV
11.45,11.45,11.45,11.45,100,2021-08-05 14:48:00,ZENV
11.38,11.38,11.38,11.38,100,2021-08-05 14:49:00,ZENV
11.415,11.49,11.415,11.47,1200,2021-08-05 14:50:00,ZENV
11.5,11.5,11.5,11.5,100,2021-08-05 14:51:00,ZENV
11.5,11.5,11.5,11.5,100,2021-08-05 14:52:00,ZENV
11.5,11.5,11.47,11.485,300,2021-08-05 14:54:00,ZENV
11.5,11.5,11.485,11.485,300,2021-08-05 14:56:00,ZENV
11.5025,11.58,11.48,11.5,2700,2021-08-05 14:57:00,ZENV
11.48,11.5,11.46,11.5,800,2021-08-05 15:01:00,ZENV
11.55,11.55,11.48,11.48,1200,2021-08-05 15:03:00,ZENV
11.48,11.48,11.39,11.445,1396,2021-08-05 15:04:00,ZENV
11.435,11.435,11.435,11.435,300,2021-08-05 15:05:00,ZENV
11.43,11.43,11.43,11.43,100,2021-08-05 15:07:00,ZENV
11.43,11.43,11.43,11.43,200,2021-08-05 15:08:00,ZENV
11.43,11.46,11.43,11.43,300,2021-08-05 15:09:00,ZENV
11.44,11.5,11.44,11.5,400,2021-08-05 15:10:00,ZENV
11.5,11.6,11.5,11.5,900,2021-08-05 15:11:00,ZENV
11.5,11.5,11.4975,11.4975,900,2021-08-05 15:12:00,ZENV
11.445,11.445,11.445,11.445,300,2021-08-05 15:13:00,ZENV
11.435,11.435,11.435,11.435,100,2021-08-05 15:14:00,ZENV
11.46,11.46,11.46,11.46,100,2021-08-05 15:15:00,ZENV
11.47,11.5,11.47,11.5,400,2021-08-05 15:16:00,ZENV
11.57,11.57,11.5,11.5,500,2021-08-05 15:17:00,ZENV
11.47,11.495,11.43,11.43,900,2021-08-05 15:18:00,ZENV
11.42,11.42,11.42,11.42,100,2021-08-05 15:20:00,ZENV
11.42,11.42,11.42,11.42,100,2021-08-05 15:21:00,ZENV
11.42,11.42,11.42,11.42,100,2021-08-05 15:22:00,ZENV
11.42,11.42,11.42,11.42,100,2021-08-05 15:23:00,ZENV
11.42,11.42,11.42,11.42,100,2021-08-05 15:24:00,ZENV
11.42,11.5,11.42,11.5,500,2021-08-05 15:27:00,ZENV
11.5,11.5,11.5,11.5,500,2021-08-05 15:31:00,ZENV
11.5,11.56,11.5,11.5,500,2021-08-05 15:32:00,ZENV
11.5,11.5,11.5,11.5,100,2021-08-05 15:33:00,ZENV
11.5,11.5,11.5,11.5,200,2021-08-05 15:35:00,ZENV
11.555,11.555,11.555,11.555,100,2021-08-05 15:36:00,ZENV
11.58,11.59,11.42,11.42,2425,2021-08-05 15:37:00,ZENV
11.44,11.61,11.44,11.59,1950,2021-08-05 15:38:00,ZENV
11.57,11.59,11.495,11.495,912,2021-08-05 15:39:00,ZENV
11.5,11.58,11.5,11.535,3300,2021-08-05 15:40:00,ZENV
11.5,11.535,11.46,11.5,1937,2021-08-05 15:41:00,ZENV
11.46,11.5,11.45,11.45,400,2021-08-05 15:42:00,ZENV
11.45,11.485,11.42,11.485,1500,2021-08-05 15:43:00,ZENV
11.485,11.485,11.485,11.485,200,2021-08-05 15:45:00,ZENV
11.445,11.445,11.445,11.445,100,2021-08-05 15:46:00,ZENV
11.465,11.465,11.465,11.465,100,2021-08-05 15:47:00,ZENV
11.455,11.455,11.455,11.455,100,2021-08-05 15:48:00,ZENV
11.455,11.455,11.455,11.455,100,2021-08-05 15:49:00,ZENV
11.45,11.45,11.45,11.45,500,2021-08-05 15:50:00,ZENV
11.45,11.45,11.45,11.45,100,2021-08-05 15:51:00,ZENV
11.49,11.49,11.49,11.49,100,2021-08-05 15:53:00,ZENV
11.45,11.45,11.45,11.45,100,2021-08-05 15:54:00,ZENV
11.49,11.49,11.49,11.49,100,2021-08-05 15:55:00,ZENV
11.475,11.475,11.475,11.475,100,2021-08-05 15:57:00,ZENV
11.5,11.5,11.5,11.5,400,2021-08-05 15:58:00,ZENV
11.475,11.475,11.475,11.475,100,2021-08-05 15:59:00,ZENV
11.5,11.5,11.475,11.475,200,2021-08-05 16:00:00,ZENV
11.5,11.5,11.5,11.5,100,2021-08-05 16:01:00,ZENV
11.5,11.5,11.5,11.5,100,2021-08-05 16:03:00,ZENV
11.475,11.5,11.475,11.5,200,2021-08-05 16:04:00,ZENV
11.5,11.5,11.5,11.5,100,2021-08-05 16:05:00,ZENV
11.5,11.5,11.5,11.5,100,2021-08-05 16:06:00,ZENV
11.5,11.5,11.475,11.475,200,2021-08-05 16:07:00,ZENV
11.5,11.5,11.5,11.5,200,2021-08-05 16:08:00,ZENV
11.5,11.5,11.5,11.5,200,2021-08-05 16:10:00,ZENV
11.475,11.5,11.475,11.5,200,2021-08-05 16:11:00,ZENV
11.49,11.49,11.49,11.49,200,2021-08-05 16:13:00,ZENV
11.475,11.475,11.475,11.475,100,2021-08-05 16:14:00,ZENV
11.5,11.5,11.5,11.5,100,2021-08-05 16:16:00,ZENV
11.5,11.5,11.475,11.475,300,2021-08-05 16:17:00,ZENV
11.475,11.475,11.475,11.475,100,2021-08-05 16:18:00,ZENV
11.49,11.49,11.49,11.49,100,2021-08-05 16:19:00,ZENV
11.48,11.48,11.48,11.48,200,2021-08-05 16:20:00,ZENV
11.49,11.49,11.49,11.49,200,2021-08-05 16:21:00,ZENV
11.5,11.5,11.5,11.5,100,2021-08-05 16:22:00,ZENV
11.5,11.5,11.5,11.5,100,2021-08-05 16:23:00,ZENV
11.5,11.5,11.475,11.475,200,2021-08-05 16:24:00,ZENV
11.5,11.5,11.5,11.5,100,2021-08-05 16:25:00,ZENV
11.5,11.5,11.5,11.5,200,2021-08-05 16:26:00,ZENV
11.5,11.5,11.5,11.5,200,2021-08-05 16:27:00,ZENV
11.475,11.475,11.475,11.475,100,2021-08-05 16:28:00,ZENV
11.5,11.5,11.5,11.5,100,2021-08-05 16:29:00,ZENV
11.5,11.5,11.5,11.5,100,2021-08-05 16:30:00,ZENV
11.475,11.475,11.475,11.475,100,2021-08-05 16:31:00,ZENV
11.5,11.5,11.5,11.5,200,2021-08-05 16:32:00,ZENV
11.5,11.5,11.5,11.5,100,2021-08-05 16:33:00,ZENV
11.5,11.55,11.5,11.54,300,2021-08-05 16:34:00,ZENV
11.464,11.464,11.464,11.464,1000,2021-08-05 16:37:00,ZENV
11.52,11.54,11.52,11.54,200,2021-08-05 16:38:00,ZENV
11.535,11.55,11.535,11.55,200,2021-08-05 16:40:00,ZENV
11.54,11.54,11.53,11.53,200,2021-08-05 16:41:00,ZENV
11.53,11.55,11.53,11.55,800,2021-08-05 16:45:00,ZENV
11.54,11.55,11.54,11.55,247,2021-08-05 16:46:00,ZENV
11.535,11.535,11.535,11.535,100,2021-08-05 16:47:00,ZENV
11.54,11.54,11.54,11.54,200,2021-08-05 16:49:00,ZENV
11.545,11.545,11.545,11.545,100,2021-08-05 16:51:00,ZENV
11.51,11.535,11.5,11.535,1100,2021-08-05 16:52:00,ZENV
11.51,11.51,11.51,11.51,100,2021-08-05 16:54:00,ZENV
11.535,11.54,11.5,11.54,1800,2021-08-05 16:55:00,ZENV
11.5,11.5,11.5,11.5,100,2021-08-05 16:57:00,ZENV
11.54,11.54,11.54,11.54,100,2021-08-05 17:01:00,ZENV
11.54,11.54,11.501,11.501,1100,2021-08-05 17:02:00,ZENV
11.54,11.54,11.5,11.5,421,2021-08-05 17:03:00,ZENV
11.5,11.5,11.48,11.5,27288,2021-08-05 17:04:00,ZENV
11.49,11.49,11.49,11.49,200,2021-08-05 17:05:00,ZENV
11.48,11.535,11.48,11.535,1000,2021-08-05 17:06:00,ZENV
11.535,11.535,11.5,11.5,500,2021-08-05 17:08:00,ZENV
11.515,11.515,11.5007,11.5007,200,2021-08-05 17:10:00,ZENV
11.48,11.48,11.48,11.48,500,2021-08-05 17:12:00,ZENV
11.475,11.4798,11.475,11.4798,2000,2021-08-05 17:13:00,ZENV
11.53,11.53,11.5,11.51,600,2021-08-05 17:14:00,ZENV
11.49,11.49,11.49,11.49,400,2021-08-05 17:15:00,ZENV
11.49,11.53,11.48,11.48,400,2021-08-05 17:16:00,ZENV
11.46,11.4695,11.45,11.45,400,2021-08-05 17:17:00,ZENV
11.5,11.5,11.5,11.5,1050,2021-08-05 17:18:00,ZENV
11.48,11.48,11.39,11.4,1333,2021-08-05 17:19:00,ZENV
11.46,11.5,11.45,11.5,1400,2021-08-05 17:20:00,ZENV
11.5,11.515,11.49,11.49,1300,2021-08-05 17:21:00,ZENV
11.5,11.5,11.4905,11.4905,600,2021-08-05 17:22:00,ZENV
11.5,11.5,11.48,11.48,300,2021-08-05 17:23:00,ZENV
11.47,11.47,11.445,11.445,200,2021-08-05 17:24:00,ZENV
11.425,11.425,11.425,11.425,100,2021-08-05 17:27:00,ZENV
11.48,11.48,11.425,11.4695,400,2021-08-05 17:30:00,ZENV
11.425,11.51,11.425,11.5,800,2021-08-05 17:31:00,ZENV
11.5,11.5,11.5,11.5,100,2021-08-05 17:34:00,ZENV
11.46,11.46,11.415,11.46,300,2021-08-05 17:36:00,ZENV
11.47,11.47,11.45,11.45,300,2021-08-05 17:38:00,ZENV
11.48,11.48,11.48,11.48,100,2021-08-05 17:39:00,ZENV
11.47,11.5,11.44,11.5,400,2021-08-05 17:41:00,ZENV
11.49,11.49,11.49,11.49,100,2021-08-05 17:42:00,ZENV
11.5,11.5,11.5,11.5,200,2021-08-05 17:44:00,ZENV
11.5,11.5,11.5,11.5,100,2021-08-05 17:46:00,ZENV
11.5,11.5,11.5,11.5,300,2021-08-05 17:47:00,ZENV
11.5,11.5,11.44,11.44,300,2021-08-05 17:48:00,ZENV
11.49,11.5,11.435,11.5,700,2021-08-05 17:49:00,ZENV
11.44,11.44,11.44,11.44,100,2021-08-05 17:51:00,ZENV
11.5,11.5,11.5,11.5,100,2021-08-05 17:52:00,ZENV
11.5,11.5,11.44,11.44,200,2021-08-05 17:55:00,ZENV
11.5,11.5,11.5,11.5,400,2021-08-05 17:57:00,ZENV
11.5,11.5,11.44,11.44,400,2021-08-05 17:58:00,ZENV
11.47,11.47,11.47,11.47,100,2021-08-05 17:59:00,ZENV
11.5,11.5,11.485,11.485,200,2021-08-05 18:00:00,ZENV
11.465,11.465,11.465,11.465,100,2021-08-05 18:02:00,ZENV
11.5,11.525,11.5,11.525,900,2021-08-05 18:03:00,ZENV
11.6,11.6,11.545,11.545,200,2021-08-05 18:05:00,ZENV
11.545,11.545,11.5307,11.5307,200,2021-08-05 18:07:00,ZENV
11.6,11.6,11.55,11.55,200,2021-08-05 18:08:00,ZENV
11.54,11.6,11.54,11.6,200,2021-08-05 18:10:00,ZENV
11.55,11.605,11.55,11.605,400,2021-08-05 18:11:00,ZENV
11.65,11.66,11.6205,11.6205,1400,2021-08-05 18:15:00,ZENV
11.62,11.63,11.6,11.6,1300,2021-08-05 18:16:00,ZENV
11.53,11.53,11.47,11.4993,700,2021-08-05 18:17:00,ZENV
11.5,11.575,11.46,11.575,3200,2021-08-05 18:18:00,ZENV
11.6,11.6,11.53,11.56,300,2021-08-05 18:21:00,ZENV
11.6,11.6,11.53,11.53,200,2021-08-05 18:22:00,ZENV
11.53,11.53,11.53,11.53,300,2021-08-05 18:23:00,ZENV
11.54,11.54,11.54,11.54,100,2021-08-05 18:24:00,ZENV
11.57,11.58,11.53,11.55,1300,2021-08-05 18:25:00,ZENV
11.5,11.5,11.48,11.49,700,2021-08-05 18:26:00,ZENV
11.49,11.49,11.49,11.49,100,2021-08-05 18:27:00,ZENV
11.54,11.54,11.54,11.54,100,2021-08-05 18:28:00,ZENV
11.555,11.555,11.555,11.555,100,2021-08-05 18:29:00,ZENV
11.555,11.555,11.555,11.555,100,2021-08-05 18:31:00,ZENV
11.555,11.555,11.555,11.555,100,2021-08-05 18:32:00,ZENV
11.555,11.555,11.555,11.555,100,2021-08-05 18:33:00,ZENV
11.555,11.555,11.555,11.555,400,2021-08-05 18:35:00,ZENV
11.5397,11.56,11.5397,11.56,300,2021-08-05 18:40:00,ZENV
11.56,11.61,11.56,11.61,200,2021-08-05 18:41:00,ZENV
11.6,11.6,11.6,11.6,100,2021-08-05 18:42:00,ZENV
11.6,11.6,11.6,11.6,100,2021-08-05 18:43:00,ZENV
11.5749,11.605,11.55,11.55,6130,2021-08-05 18:44:00,ZENV
11.56,11.56,11.56,11.56,300,2021-08-05 18:45:00,ZENV
11.54,11.54,11.5,11.5,200,2021-08-05 18:46:00,ZENV
11.59,11.59,11.59,11.59,100,2021-08-05 18:50:00,ZENV
11.6,11.6,11.6,11.6,100,2021-08-05 18:51:00,ZENV
11.6,11.6,11.6,11.6,100,2021-08-05 18:52:00,ZENV
11.6,11.6,11.6,11.6,100,2021-08-05 18:53:00,ZENV
11.51,11.51,11.51,11.51,100,2021-08-05 18:54:00,ZENV
11.6,11.6,11.555,11.555,800,2021-08-05 18:55:00,ZENV
11.57,11.57,11.57,11.57,100,2021-08-05 18:56:00,ZENV
11.57,11.57,11.57,11.57,100,2021-08-05 18:57:00,ZENV
11.57,11.59,11.51,11.59,300,2021-08-05 18:58:00,ZENV
11.56,11.56,11.56,11.56,100,2021-08-05 18:59:00,ZENV
11.52,11.6,11.52,11.6,300,2021-08-05 19:01:00,ZENV
11.56,11.56,11.56,11.56,100,2021-08-05 19:02:00,ZENV
11.56,11.6,11.56,11.6,200,2021-08-05 19:03:00,ZENV
11.52,11.56,11.52,11.52,300,2021-08-05 19:04:00,ZENV
11.55,11.55,11.5,11.5,200,2021-08-05 19:05:00,ZENV
11.5,11.5,11.47,11.5,3703,2021-08-05 19:06:00,ZENV
11.525,11.56,11.525,11.56,1000,2021-08-05 19:07:00,ZENV
11.56,11.56,11.56,11.56,100,2021-08-05 19:10:00,ZENV
11.56,11.56,11.56,11.56,100,2021-08-05 19:11:00,ZENV
11.56,11.58,11.56,11.56,800,2021-08-05 19:12:00,ZENV
11.56,11.56,11.56,11.56,100,2021-08-05 19:13:00,ZENV
11.56,11.56,11.56,11.56,100,2021-08-05 19:14:00,ZENV
11.6,11.6,11.53,11.53,200,2021-08-05 19:15:00,ZENV
11.56,11.56,11.52,11.52,1746,2021-08-05 19:16:00,ZENV
11.51,11.51,11.51,11.51,100,2021-08-05 19:17:00,ZENV
11.6,11.6,11.51,11.51,200,2021-08-05 19:19:00,ZENV
11.555,11.6,11.51,11.6,600,2021-08-05 19:20:00,ZENV
11.555,11.555,11.51,11.555,300,2021-08-05 19:21:00,ZENV
11.55,11.55,11.55,11.55,100,2021-08-05 19:22:00,ZENV
11.51,11.53,11.5,11.53,300,2021-08-05 19:23:00,ZENV
11.53,11.55,11.53,11.55,200,2021-08-05 19:24:00,ZENV
11.535,11.535,11.535,11.535,200,2021-08-05 19:25:00,ZENV
11.54,11.54,11.535,11.535,200,2021-08-05 19:26:00,ZENV
11.535,11.54,11.535,11.54,200,2021-08-05 19:27:00,ZENV
11.53,11.53,11.53,11.53,100,2021-08-05 19:28:00,ZENV
11.51,11.51,11.51,11.51,100,2021-08-05 19:29:00,ZENV
11.53,11.53,11.49,11.5,1500,2021-08-05 19:30:00,ZENV
11.49,11.5,11.49,11.5,600,2021-08-05 19:31:00,ZENV
11.495,11.5,11.495,11.495,2700,2021-08-05 19:33:00,ZENV
11.495,11.5,11.495,11.495,400,2021-08-05 19:34:00,ZENV
11.495,11.5,11.495,11.5,1900,2021-08-05 19:35:00,ZENV
11.495,11.5,11.495,11.5,600,2021-08-05 19:36:00,ZENV
11.5,11.5,11.495,11.495,800,2021-08-05 19:37:00,ZENV
11.4975,11.4975,11.495,11.495,300,2021-08-05 19:38:00,ZENV
11.495,11.5,11.495,11.495,600,2021-08-05 19:39:00,ZENV
11.495,11.5,11.495,11.495,500,2021-08-05 19:40:00,ZENV
11.495,11.5,11.495,11.495,600,2021-08-05 19:41:00,ZENV
11.495,11.5,11.49,11.495,700,2021-08-05 19:42:00,ZENV
11.5,11.5,11.495,11.495,400,2021-08-05 19:43:00,ZENV
11.5,11.5,11.495,11.495,400,2021-08-05 19:44:00,ZENV
11.5,11.5,11.495,11.495,800,2021-08-05 19:45:00,ZENV
11.495,11.5,11.495,11.5,200,2021-08-05 19:46:00,ZENV
11.49,11.5,11.49,11.5,700,2021-08-05 19:47:00,ZENV
11.5,11.5,11.49,11.5,500,2021-08-05 19:48:00,ZENV
11.5,11.52,11.47,11.47,2278,2021-08-05 19:49:00,ZENV
11.48,11.48,11.48,11.48,400,2021-08-05 19:50:00,ZENV
11.48,11.48,11.48,11.48,900,2021-08-05 19:51:00,ZENV
11.48,11.48,11.48,11.48,2602,2021-08-05 19:52:00,ZENV
11.48,11.48,11.465,11.48,900,2021-08-05 19:53:00,ZENV
11.46,11.46,11.46,11.46,600,2021-08-05 19:54:00,ZENV
11.46,11.46,11.455,11.46,2300,2021-08-05 19:55:00,ZENV
11.46,11.46,11.455,11.46,2200,2021-08-05 19:56:00,ZENV
11.46,11.46,11.455,11.46,2300,2021-08-05 19:57:00,ZENV
11.45,11.46,11.37,11.46,12138,2021-08-05 19:58:00,ZENV
11.435,11.48,11.37,11.3706,7516,2021-08-05 19:59:00,ZENV
11.38,11.38,11.38,11.38,254,2021-08-05 20:00:00,ZENV
11.05,11.05,11.05,11.05,100,2021-08-06 11:16:00,ZENV
11.3,11.415,10.7075,11.0211,1815,2021-08-06 13:30:00,ZENV
11.5,11.5,11.5,11.5,100,2021-08-06 13:32:00,ZENV
11.5,11.5,11.28,11.3094,1100,2021-08-06 13:33:00,ZENV
11.36,11.36,11.36,11.36,200,2021-08-06 13:34:00,ZENV
11.35,11.38,11.29,11.2995,800,2021-08-06 13:35:00,ZENV
11.35,11.35,11.35,11.35,200,2021-08-06 13:36:00,ZENV
11.38,11.38,10.9846,11.38,600,2021-08-06 13:37:00,ZENV
11.48,11.5,11.38,11.5,600,2021-08-06 13:38:00,ZENV
11.5,11.5,11.25,11.25,400,2021-08-06 13:39:00,ZENV
11.49,11.49,11.49,11.49,200,2021-08-06 13:40:00,ZENV
11.49,11.5,11.49,11.5,200,2021-08-06 13:41:00,ZENV
11.49,11.5,11.49,11.5,200,2021-08-06 13:42:00,ZENV
11.49,11.49,11.49,11.49,100,2021-08-06 13:43:00,ZENV
11.49,11.49,11.35,11.35,300,2021-08-06 13:45:00,ZENV
11.47,11.48,11.34,11.46,1365,2021-08-06 13:46:00,ZENV
11.47,11.47,11.46,11.46,200,2021-08-06 13:47:00,ZENV
11.46,11.48,11.46,11.48,200,2021-08-06 13:48:00,ZENV
11.46,11.46,11.46,11.46,200,2021-08-06 13:49:00,ZENV
11.46,11.46,11.46,11.46,200,2021-08-06 13:50:00,ZENV
11.46,11.48,11.46,11.48,200,2021-08-06 13:51:00,ZENV
11.46,11.46,11.41,11.41,300,2021-08-06 13:52:00,ZENV
11.46,11.46,11.45,11.45,1400,2021-08-06 13:53:00,ZENV
11.43,11.44,11.22,11.34,1000,2021-08-06 13:54:00,ZENV
11.33,11.33,11.33,11.33,200,2021-08-06 13:55:00,ZENV
11.305,11.34,11.305,11.34,200,2021-08-06 13:56:00,ZENV
11.34,11.34,11.34,11.34,100,2021-08-06 13:57:00,ZENV
11.34,11.34,11.255,11.255,200,2021-08-06 13:58:00,ZENV
11.34,11.34,11.34,11.34,200,2021-08-06 14:00:00,ZENV
11.34,11.34,11.34,11.34,200,2021-08-06 14:01:00,ZENV
11.32,11.32,11.32,11.32,100,2021-08-06 14:02:00,ZENV
11.34,11.34,11.34,11.34,200,2021-08-06 14:05:00,ZENV
11.34,11.34,11.33,11.33,300,2021-08-06 14:06:00,ZENV
11.34,11.34,11.34,11.34,200,2021-08-06 14:07:00,ZENV
11.35,11.35,11.33,11.33,1000,2021-08-06 14:08:00,ZENV
11.315,11.315,11.315,11.315,200,2021-08-06 14:11:00,ZENV
11.33,11.33,11.33,11.33,200,2021-08-06 14:12:00,ZENV
11.33,11.33,11.33,11.33,100,2021-08-06 14:13:00,ZENV
11.33,11.34,11.33,11.34,500,2021-08-06 14:14:00,ZENV
11.34,11.34,11.34,11.34,100,2021-08-06 14:17:00,ZENV
11.34,11.34,11.34,11.34,100,2021-08-06 14:18:00,ZENV
11.33,11.35,11.3,11.32,2866,2021-08-06 14:19:00,ZENV
11.33,11.33,11.33,11.33,100,2021-08-06 14:20:00,ZENV
11.33,11.33,11.285,11.285,400,2021-08-06 14:21:00,ZENV
11.32,11.33,11.31,11.32,700,2021-08-06 14:23:00,ZENV
11.31,11.32,11.31,11.32,400,2021-08-06 14:24:00,ZENV
11.32,11.32,11.32,11.32,100,2021-08-06 14:25:00,ZENV
11.32,11.33,11.32,11.33,600,2021-08-06 14:26:00,ZENV
11.34,11.34,11.34,11.34,400,2021-08-06 14:27:00,ZENV
11.35,11.43,11.35,11.43,1634,2021-08-06 14:28:00,ZENV
11.43,11.43,11.43,11.43,100,2021-08-06 14:29:00,ZENV
11.43,11.43,11.43,11.43,200,2021-08-06 14:30:00,ZENV
11.43,11.43,11.43,11.43,200,2021-08-06 14:31:00,ZENV
11.43,11.43,11.43,11.43,200,2021-08-06 14:32:00,ZENV
11.4,11.43,11.395,11.395,1200,2021-08-06 14:33:00,ZENV
11.405,11.405,11.405,11.405,200,2021-08-06 14:34:00,ZENV
11.37,11.37,11.37,11.37,200,2021-08-06 14:35:00,ZENV
11.4,11.4,11.4,11.4,100,2021-08-06 14:36:00,ZENV
11.4,11.4,11.4,11.4,100,2021-08-06 14:37:00,ZENV
11.4,11.4,11.4,11.4,100,2021-08-06 14:38:00,ZENV
11.38,11.38,11.38,11.38,100,2021-08-06 14:39:00,ZENV
11.345,11.345,11.345,11.345,200,2021-08-06 14:43:00,ZENV
11.35,11.38,11.32,11.32,500,2021-08-06 14:44:00,ZENV
11.32,11.37,11.32,11.37,200,2021-08-06 14:45:00,ZENV
11.35,11.4,11.35,11.4,200,2021-08-06 14:46:00,ZENV
11.385,11.385,11.29,11.3,1600,2021-08-06 14:47:00,ZENV
11.32,11.36,11.32,11.36,300,2021-08-06 14:48:00,ZENV
11.35,11.35,11.34,11.34,200,2021-08-06 14:49:00,ZENV
11.4,11.44,11.3101,11.4,1800,2021-08-06 14:50:00,ZENV
11.37,11.45,11.37,11.45,1244,2021-08-06 14:51:00,ZENV
11.445,11.445,11.445,11.445,100,2021-08-06 14:53:00,ZENV
11.44,11.485,11.44,11.485,200,2021-08-06 14:54:00,ZENV
11.48,11.48,11.48,11.48,100,2021-08-06 14:55:00,ZENV
11.49,11.495,11.42,11.42,300,2021-08-06 14:56:00,ZENV
11.48,11.495,11.48,11.495,200,2021-08-06 14:58:00,ZENV
11.48,11.48,11.48,11.48,200,2021-08-06 14:59:00,ZENV
11.4,11.45,11.39,11.45,1000,2021-08-06 15:00:00,ZENV
11.46,11.46,11.46,11.46,100,2021-08-06 15:01:00,ZENV
11.46,11.46,11.46,11.46,100,2021-08-06 15:02:00,ZENV
11.46,11.46,11.46,11.46,200,2021-08-06 15:03:00,ZENV
11.47,11.47,11.47,11.47,1000,2021-08-06 15:04:00,ZENV
11.46,11.46,11.46,11.46,200,2021-08-06 15:05:00,ZENV
11.49,11.49,11.46,11.46,1100,2021-08-06 15:06:00,ZENV
11.46,11.46,11.46,11.46,100,2021-08-06 15:07:00,ZENV
11.46,11.46,11.46,11.46,100,2021-08-06 15:08:00,ZENV
11.46,11.46,11.46,11.46,100,2021-08-06 15:09:00,ZENV
11.46,11.46,11.46,11.46,200,2021-08-06 15:10:00,ZENV
11.46,11.46,11.46,11.46,100,2021-08-06 15:11:00,ZENV
11.4,11.445,11.4,11.445,500,2021-08-06 15:12:00,ZENV
11.455,11.455,11.455,11.455,200,2021-08-06 15:13:00,ZENV
11.455,11.455,11.455,11.455,200,2021-08-06 15:15:00,ZENV
11.44,11.495,11.25,11.25,1300,2021-08-06 15:16:00,ZENV
11.26,11.26,11.25,11.25,200,2021-08-06 15:17:00,ZENV
11.21,11.38,11.21,11.38,3900,2021-08-06 15:18:00,ZENV
11.39,11.4,11.32,11.36,4900,2021-08-06 15:19:00,ZENV
11.4,11.465,11.35,11.465,2700,2021-08-06 15:20:00,ZENV
11.46,11.495,11.42,11.45,3468,2021-08-06 15:21:00,ZENV
11.455,11.455,11.455,11.455,100,2021-08-06 15:22:00,ZENV
11.45,11.45,11.4,11.405,3158,2021-08-06 15:23:00,ZENV
11.43,11.43,11.42,11.42,738,2021-08-06 15:24:00,ZENV
11.47,11.47,11.47,11.47,200,2021-08-06 15:25:00,ZENV
11.47,11.47,11.47,11.47,200,2021-08-06 15:26:00,ZENV
11.425,11.44,11.41,11.44,1000,2021-08-06 15:28:00,ZENV
11.62,11.62,11.5,11.55,635,2021-08-06 15:29:00,ZENV
11.535,11.535,11.535,11.535,100,2021-08-06 15:30:00,ZENV
11.5,11.53,11.5,11.53,200,2021-08-06 15:31:00,ZENV
11.53,11.53,11.44,11.4401,500,2021-08-06 15:33:00,ZENV
11.5,11.52,11.5,11.5,400,2021-08-06 15:34:00,ZENV
11.5,11.5,11.5,11.5,100,2021-08-06 15:35:00,ZENV
11.525,11.525,11.525,11.525,100,2021-08-06 15:36:00,ZENV
11.5,11.5,11.395,11.4,2581,2021-08-06 15:37:00,ZENV
11.39,11.41,11.39,11.41,200,2021-08-06 15:38:00,ZENV
11.405,11.405,11.38,11.38,200,2021-08-06 15:39:00,ZENV
11.45,11.49,11.4205,11.49,400,2021-08-06 15:40:00,ZENV
11.48,11.48,11.48,11.48,100,2021-08-06 15:41:00,ZENV
11.48,11.48,11.48,11.48,100,2021-08-06 15:42:00,ZENV
11.4042,11.48,11.4042,11.48,600,2021-08-06 15:43:00,ZENV
11.48,11.48,11.48,11.48,200,2021-08-06 15:45:00,ZENV
11.485,11.5,11.45,11.5,913,2021-08-06 15:46:00,ZENV
11.51,11.51,11.39,11.475,2100,2021-08-06 15:47:00,ZENV
11.475,11.48,11.475,11.48,1100,2021-08-06 15:48:00,ZENV
11.475,11.56,11.46,11.4601,861,2021-08-06 15:49:00,ZENV
11.475,11.56,11.4501,11.52,500,2021-08-06 15:50:00,ZENV
11.475,11.475,11.475,11.475,300,2021-08-06 15:51:00,ZENV
11.475,11.475,11.475,11.475,100,2021-08-06 15:53:00,ZENV
11.49,11.49,11.49,11.49,100,2021-08-06 15:54:00,ZENV
11.49,11.49,11.49,11.49,200,2021-08-06 15:55:00,ZENV
11.49,11.49,11.49,11.49,300,2021-08-06 15:56:00,ZENV
11.49,11.49,11.49,11.49,100,2021-08-06 15:57:00,ZENV
11.46,11.46,11.46,11.46,100,2021-08-06 15:58:00,ZENV
11.36,11.4,11.36,11.4,2960,2021-08-06 15:59:00,ZENV
11.36,11.415,11.36,11.41,600,2021-08-06 16:00:00,ZENV
11.47,11.47,11.47,11.47,100,2021-08-06 16:01:00,ZENV
11.465,11.465,11.465,11.465,200,2021-08-06 16:02:00,ZENV
11.435,11.435,11.435,11.435,100,2021-08-06 16:03:00,ZENV
11.435,11.435,11.435,11.435,100,2021-08-06 16:04:00,ZENV
11.435,11.435,11.435,11.435,240,2021-08-06 16:05:00,ZENV
11.41,11.41,11.41,11.41,100,2021-08-06 16:07:00,ZENV
11.41,11.41,11.41,11.41,100,2021-08-06 16:08:00,ZENV
11.4,11.4,11.4,11.4,100,2021-08-06 16:09:00,ZENV
11.395,11.395,11.395,11.395,100,2021-08-06 16:11:00,ZENV
11.395,11.395,11.39,11.39,200,2021-08-06 16:12:00,ZENV
11.395,11.4,11.39,11.39,900,2021-08-06 16:13:00,ZENV
11.39,11.39,11.39,11.39,100,2021-08-06 16:14:00,ZENV
11.2805,11.2805,11.2805,11.2805,335,2021-08-06 16:15:00,ZENV
11.39,11.45,11.39,11.45,1500,2021-08-06 16:16:00,ZENV
11.45,11.45,11.45,11.45,100,2021-08-06 16:17:00,ZENV
11.445,11.445,11.445,11.445,100,2021-08-06 16:19:00,ZENV
11.445,11.445,11.445,11.445,285,2021-08-06 16:20:00,ZENV
11.445,11.445,11.445,11.445,100,2021-08-06 16:21:00,ZENV
11.445,11.445,11.445,11.445,200,2021-08-06 16:22:00,ZENV
11.46,11.46,11.46,11.46,400,2021-08-06 16:23:00,ZENV
11.46,11.46,11.46,11.46,100,2021-08-06 16:24:00,ZENV
11.46,11.46,11.46,11.46,272,2021-08-06 16:25:00,ZENV
11.46,11.46,11.46,11.46,100,2021-08-06 16:26:00,ZENV
11.46,11.46,11.45,11.45,200,2021-08-06 16:27:00,ZENV
11.45,11.46,11.45,11.46,200,2021-08-06 16:28:00,ZENV
11.46,11.46,11.46,11.46,100,2021-08-06 16:29:00,ZENV
11.43,11.46,11.43,11.46,700,2021-08-06 16:30:00,ZENV
11.43,11.46,11.43,11.46,200,2021-08-06 16:31:00,ZENV
11.43,11.43,11.43,11.43,100,2021-08-06 16:32:00,ZENV
11.43,11.43,11.43,11.43,100,2021-08-06 16:33:00,ZENV
11.46,11.46,11.46,11.46,100,2021-08-06 16:34:00,ZENV
11.45,11.46,11.45,11.46,200,2021-08-06 16:35:00,ZENV
11.43,11.43,11.425,11.43,600,2021-08-06 16:36:00,ZENV
11.43,11.43,11.415,11.42,1600,2021-08-06 16:37:00,ZENV
11.44,11.47,11.43,11.47,1100,2021-08-06 16:39:00,ZENV
11.47,11.47,11.39,11.4,3262,2021-08-06 16:40:00,ZENV
11.42,11.42,11.36,11.42,1100,2021-08-06 16:41:00,ZENV
11.4,11.4,11.4,11.4,100,2021-08-06 16:43:00,ZENV
11.39,11.39,11.39,11.39,100,2021-08-06 16:46:00,ZENV
11.405,11.405,11.405,11.405,100,2021-08-06 16:47:00,ZENV
11.34,11.34,11.1604,11.33,635,2021-08-06 16:49:00,ZENV
11.36,11.36,11.36,11.36,100,2021-08-06 16:51:00,ZENV
11.35,11.35,11.35,11.35,100,2021-08-06 16:52:00,ZENV
11.3,11.435,11.195,11.435,3150,2021-08-06 16:53:00,ZENV
11.39,11.39,11.39,11.39,300,2021-08-06 16:55:00,ZENV
11.39,11.39,11.39,11.39,100,2021-08-06 16:56:00,ZENV
11.39,11.4,11.39,11.4,200,2021-08-06 16:57:00,ZENV
11.39,11.42,11.39,11.42,300,2021-08-06 16:59:00,ZENV
11.42,11.42,11.42,11.42,100,2021-08-06 17:00:00,ZENV
11.42,11.42,11.33,11.33,500,2021-08-06 17:01:00,ZENV
11.42,11.42,11.42,11.42,100,2021-08-06 17:02:00,ZENV
11.42,11.44,11.37,11.37,400,2021-08-06 17:03:00,ZENV
11.37,11.44,11.37,11.44,546,2021-08-06 17:04:00,ZENV
11.44,11.44,11.44,11.44,200,2021-08-06 17:05:00,ZENV
11.44,11.44,11.44,11.44,200,2021-08-06 17:06:00,ZENV
11.44,11.44,11.44,11.44,100,2021-08-06 17:07:00,ZENV
11.45,11.45,11.45,11.45,200,2021-08-06 17:08:00,ZENV
11.45,11.45,11.45,11.45,200,2021-08-06 17:10:00,ZENV
11.45,11.45,11.45,11.45,100,2021-08-06 17:11:00,ZENV
11.45,11.45,11.45,11.45,300,2021-08-06 17:12:00,ZENV
11.45,11.45,11.45,11.45,100,2021-08-06 17:13:00,ZENV
11.45,11.45,11.45,11.45,100,2021-08-06 17:14:00,ZENV
11.45,11.45,11.45,11.45,300,2021-08-06 17:15:00,ZENV
11.465,11.465,11.41,11.41,300,2021-08-06 17:16:00,ZENV
11.465,11.465,11.465,11.465,100,2021-08-06 17:17:00,ZENV
11.465,11.465,11.4,11.4,300,2021-08-06 17:18:00,ZENV
11.465,11.465,11.465,11.465,100,2021-08-06 17:19:00,ZENV
11.465,11.465,11.465,11.465,100,2021-08-06 17:20:00,ZENV
11.46,11.46,11.46,11.46,200,2021-08-06 17:22:00,ZENV
11.46,11.46,11.46,11.46,200,2021-08-06 17:24:00,ZENV
11.45,11.46,11.45,11.46,200,2021-08-06 17:26:00,ZENV
11.46,11.46,11.425,11.425,200,2021-08-06 17:27:00,ZENV
11.455,11.455,11.455,11.455,200,2021-08-06 17:28:00,ZENV
11.4,11.4,11.4,11.4,1300,2021-08-06 17:29:00,ZENV
11.4,11.4,11.4,11.4,112,2021-08-06 17:30:00,ZENV
11.44,11.44,11.44,11.44,100,2021-08-06 17:32:00,ZENV
11.38,11.38,11.38,11.38,100,2021-08-06 17:34:00,ZENV
11.38,11.38,11.38,11.38,700,2021-08-06 17:35:00,ZENV
11.345,11.345,11.28,11.32,800,2021-08-06 17:36:00,ZENV
11.38,11.38,11.38,11.38,100,2021-08-06 17:37:00,ZENV
11.31,11.35,11.27,11.3,1500,2021-08-06 17:38:00,ZENV
11.29,11.31,11.28,11.31,2500,2021-08-06 17:39:00,ZENV
11.3,11.4,11.3,11.31,1701,2021-08-06 17:40:00,ZENV
11.31,11.31,11.31,11.31,300,2021-08-06 17:41:00,ZENV
11.385,11.385,11.325,11.325,300,2021-08-06 17:42:00,ZENV
11.4,11.4,11.33,11.33,500,2021-08-06 17:43:00,ZENV
11.32,11.375,11.32,11.375,400,2021-08-06 17:44:00,ZENV
11.33,11.3625,11.17,11.17,600,2021-08-06 17:45:00,ZENV
11.3,11.37,11.29,11.37,1300,2021-08-06 17:46:00,ZENV
11.35,11.415,11.35,11.415,2200,2021-08-06 17:47:00,ZENV
11.45,11.45,11.45,11.45,1000,2021-08-06 17:48:00,ZENV
11.44,11.44,11.44,11.44,100,2021-08-06 17:49:00,ZENV
11.44,11.44,11.44,11.44,100,2021-08-06 17:50:00,ZENV
11.44,11.44,11.3606,11.4,500,2021-08-06 17:51:00,ZENV
11.35,11.35,11.35,11.35,100,2021-08-06 17:56:00,ZENV
11.35,11.35,11.35,11.35,100,2021-08-06 17:57:00,ZENV
11.38,11.4,11.38,11.395,1900,2021-08-06 18:02:00,ZENV
11.4048,11.4048,11.4,11.4,200,2021-08-06 18:03:00,ZENV
11.405,11.405,11.405,11.405,100,2021-08-06 18:05:00,ZENV
11.405,11.405,11.405,11.405,300,2021-08-06 18:06:00,ZENV
11.42,11.42,11.42,11.42,100,2021-08-06 18:08:00,ZENV
11.44,11.44,11.44,11.44,100,2021-08-06 18:09:00,ZENV
11.4,11.4,11.4,11.4,100,2021-08-06 18:10:00,ZENV
11.39,11.455,11.39,11.455,742,2021-08-06 18:11:00,ZENV
11.44,11.44,11.44,11.44,200,2021-08-06 18:13:00,ZENV
11.455,11.455,11.455,11.455,392,2021-08-06 18:15:00,ZENV
11.455,11.455,11.455,11.455,200,2021-08-06 18:16:00,ZENV
11.455,11.455,11.455,11.455,100,2021-08-06 18:17:00,ZENV
11.455,11.455,11.44,11.44,200,2021-08-06 18:18:00,ZENV
11.455,11.455,11.455,11.455,100,2021-08-06 18:20:00,ZENV
11.455,11.455,11.455,11.455,300,2021-08-06 18:21:00,ZENV
11.455,11.455,11.455,11.455,100,2021-08-06 18:22:00,ZENV
11.455,11.455,11.445,11.445,200,2021-08-06 18:23:00,ZENV
11.44,11.44,11.44,11.44,100,2021-08-06 18:24:00,ZENV
11.395,11.395,11.395,11.395,100,2021-08-06 18:25:00,ZENV
11.38,11.38,11.38,11.38,500,2021-08-06 18:28:00,ZENV
11.365,11.365,11.365,11.365,100,2021-08-06 18:30:00,ZENV
11.43,11.43,11.365,11.365,900,2021-08-06 18:32:00,ZENV
11.39,11.42,11.39,11.4,1400,2021-08-06 18:33:00,ZENV
11.46,11.46,11.455,11.455,200,2021-08-06 18:35:00,ZENV
11.455,11.455,11.455,11.455,100,2021-08-06 18:36:00,ZENV
11.455,11.455,11.455,11.455,100,2021-08-06 18:37:00,ZENV
11.455,11.455,11.455,11.455,200,2021-08-06 18:38:00,ZENV
11.455,11.455,11.455,11.455,200,2021-08-06 18:40:00,ZENV
11.465,11.465,11.465,11.465,200,2021-08-06 18:41:00,ZENV
11.445,11.445,11.445,11.445,200,2021-08-06 18:43:00,ZENV
11.43,11.43,11.43,11.43,200,2021-08-06 18:45:00,ZENV
11.41,11.435,11.4,11.435,1200,2021-08-06 18:47:00,ZENV
11.4,11.4,11.4,11.4,900,2021-08-06 18:49:00,ZENV
11.415,11.415,11.4,11.4,200,2021-08-06 18:51:00,ZENV
11.415,11.415,11.415,11.415,100,2021-08-06 18:52:00,ZENV
11.4,11.4,11.4,11.4,100,2021-08-06 18:53:00,ZENV
11.4,11.46,11.39,11.46,1600,2021-08-06 18:55:00,ZENV
11.46,11.46,11.33,11.405,1871,2021-08-06 18:56:00,ZENV
11.425,11.425,11.425,11.425,100,2021-08-06 18:57:00,ZENV
11.425,11.425,11.425,11.425,200,2021-08-06 18:58:00,ZENV
11.42,11.42,11.42,11.42,100,2021-08-06 18:59:00,ZENV
11.42,11.42,11.42,11.42,100,2021-08-06 19:00:00,ZENV
11.39,11.39,11.39,11.39,100,2021-08-06 19:01:00,ZENV
11.41,11.41,11.41,11.41,100,2021-08-06 19:03:00,ZENV
11.405,11.405,11.405,11.405,197,2021-08-06 19:06:00,ZENV
11.405,11.405,11.405,11.405,100,2021-08-06 19:07:00,ZENV
11.4,11.455,11.4,11.455,1800,2021-08-06 19:08:00,ZENV
11.455,11.455,11.455,11.455,100,2021-08-06 19:10:00,ZENV
11.435,11.455,11.435,11.455,200,2021-08-06 19:11:00,ZENV
11.45,11.45,11.45,11.45,300,2021-08-06 19:12:00,ZENV
11.445,11.445,11.445,11.445,300,2021-08-06 19:14:00,ZENV
11.455,11.455,11.455,11.455,100,2021-08-06 19:15:00,ZENV
11.42,11.44,11.42,11.44,400,2021-08-06 19:16:00,ZENV
11.425,11.425,11.425,11.425,200,2021-08-06 19:17:00,ZENV
11.35,11.35,11.35,11.35,100,2021-08-06 19:18:00,ZENV
11.37,11.37,11.37,11.37,100,2021-08-06 19:19:00,ZENV
11.37,11.4,11.34,11.37,1162,2021-08-06 19:21:00,ZENV
11.37,11.4,11.235,11.37,900,2021-08-06 19:22:00,ZENV
11.1509,11.41,11.1509,11.41,400,2021-08-06 19:23:00,ZENV
11.37,11.37,11.37,11.37,100,2021-08-06 19:24:00,ZENV
11.4,11.41,11.4,11.41,300,2021-08-06 19:25:00,ZENV
11.3995,11.44,11.36,11.435,2800,2021-08-06 19:26:00,ZENV
11.45,11.45,11.45,11.45,200,2021-08-06 19:27:00,ZENV
11.44,11.44,11.44,11.44,200,2021-08-06 19:28:00,ZENV
11.44,11.44,11.44,11.44,100,2021-08-06 19:29:00,ZENV
11.44,11.45,11.4,11.435,1407,2021-08-06 19:30:00,ZENV
11.435,11.435,11.41,11.41,300,2021-08-06 19:31:00,ZENV
11.41,11.41,11.41,11.41,200,2021-08-06 19:32:00,ZENV
11.405,11.405,11.4,11.4,2050,2021-08-06 19:33:00,ZENV
11.405,11.405,11.405,11.405,200,2021-08-06 19:34:00,ZENV
11.405,11.405,11.205,11.205,800,2021-08-06 19:35:00,ZENV
11.34,11.355,11.335,11.355,600,2021-08-06 19:37:00,ZENV
11.335,11.355,11.31,11.35,3800,2021-08-06 19:38:00,ZENV
11.33,11.48,11.33,11.345,3100,2021-08-06 19:39:00,ZENV
11.37,11.37,11.37,11.37,200,2021-08-06 19:40:00,ZENV
11.4,11.4,11.4,11.4,300,2021-08-06 19:42:00,ZENV
11.4,11.4,11.4,11.4,300,2021-08-06 19:43:00,ZENV
11.4,11.4,11.37,11.4,1300,2021-08-06 19:44:00,ZENV
11.4,11.4,11.4,11.4,200,2021-08-06 19:45:00,ZENV
11.4,11.405,11.4,11.405,1294,2021-08-06 19:46:00,ZENV
11.425,11.425,11.425,11.425,800,2021-08-06 19:47:00,ZENV
11.425,11.425,11.425,11.425,300,2021-08-06 19:48:00,ZENV
11.425,11.425,11.425,11.425,300,2021-08-06 19:49:00,ZENV
11.41,11.5,11.41,11.46,13269,2021-08-06 19:50:00,ZENV
11.475,11.475,11.455,11.455,1500,2021-08-06 19:51:00,ZENV
11.455,11.455,11.4,11.4,3000,2021-08-06 19:52:00,ZENV
11.4,11.45,11.4,11.43,1300,2021-08-06 19:54:00,ZENV
11.4,11.455,11.4,11.4,4050,2021-08-06 19:55:00,ZENV
11.365,11.4,11.365,11.4,900,2021-08-06 19:56:00,ZENV
11.39,11.425,11.355,11.425,2090,2021-08-06 19:57:00,ZENV
11.425,11.46,11.395,11.395,2000,2021-08-06 19:58:00,ZENV
11.395,11.46,11.395,11.45,2180,2021-08-06 19:59:00,ZENV
11.36,11.36,11.36,11.36,371,2021-08-06 20:00:00,ZENV
11.37,11.37,11.37,11.37,567,2021-08-09 13:30:00,ZENV
11.69,11.69,11.54,11.54,700,2021-08-09 13:33:00,ZENV
11.5,11.5,11.5,11.5,100,2021-08-09 13:34:00,ZENV
11.5,11.5,11.5,11.5,100,2021-08-09 13:35:00,ZENV
11.5,11.5,11.5,11.5,100,2021-08-09 13:36:00,ZENV
11.5,11.5,11.5,11.5,100,2021-08-09 13:37:00,ZENV
11.5,11.5,11.5,11.5,100,2021-08-09 13:38:00,ZENV
11.5,11.65,11.5,11.65,300,2021-08-09 13:39:00,ZENV
11.43,11.64,11.43,11.5,300,2021-08-09 13:40:00,ZENV
11.435,11.63,11.19,11.63,400,2021-08-09 13:41:00,ZENV
11.5,11.63,11.5,11.63,200,2021-08-09 13:42:00,ZENV
11.5,11.5,11.24,11.24,200,2021-08-09 13:43:00,ZENV
11.45,11.68,11.45,11.68,400,2021-08-09 13:46:00,ZENV
11.51,11.51,11.22,11.22,300,2021-08-09 13:47:00,ZENV
11.55,11.55,11.55,11.55,100,2021-08-09 13:48:00,ZENV
11.51,11.65,11.5,11.5,600,2021-08-09 13:49:00,ZENV
11.525,11.525,11.525,11.525,100,2021-08-09 13:50:00,ZENV
11.7,11.7,11.5,11.5,600,2021-08-09 13:52:00,ZENV
11.7,11.7,11.17,11.17,1100,2021-08-09 13:53:00,ZENV
11.515,11.515,11.21,11.21,500,2021-08-09 13:54:00,ZENV
11.24,11.545,11.24,11.545,300,2021-08-09 14:00:00,ZENV
11.55,11.55,11.39,11.55,500,2021-08-09 14:01:00,ZENV
11.5,11.59,11.425,11.425,600,2021-08-09 14:04:00,ZENV
11.44,11.44,11.44,11.44,300,2021-08-09 14:05:00,ZENV
11.58,11.58,11.58,11.58,300,2021-08-09 14:09:00,ZENV
11.46,11.46,11.46,11.46,100,2021-08-09 14:11:00,ZENV
11.5,11.575,11.5,11.575,700,2021-08-09 14:12:00,ZENV
11.56,11.56,11.56,11.56,100,2021-08-09 14:15:00,ZENV
11.595,11.595,11.5,11.5,200,2021-08-09 14:17:00,ZENV
11.46,11.46,11.46,11.46,100,2021-08-09 14:18:00,ZENV
11.35,11.45,11.35,11.405,800,2021-08-09 14:19:00,ZENV
11.435,11.435,11.435,11.435,200,2021-08-09 14:20:00,ZENV
11.435,11.435,11.435,11.435,100,2021-08-09 14:22:00,ZENV
11.425,11.425,11.425,11.425,100,2021-08-09 14:25:00,ZENV
11.425,11.425,11.425,11.425,200,2021-08-09 14:27:00,ZENV
11.425,11.425,11.42,11.42,200,2021-08-09 14:29:00,ZENV
11.42,11.42,11.42,11.42,100,2021-08-09 14:30:00,ZENV
11.42,11.42,11.42,11.42,100,2021-08-09 14:32:00,ZENV
11.46,11.47,11.46,11.46,300,2021-08-09 14:33:00,ZENV
11.46,11.46,11.405,11.405,400,2021-08-09 14:34:00,ZENV
11.46,11.46,11.46,11.46,100,2021-08-09 14:35:00,ZENV
11.46,11.46,11.405,11.46,300,2021-08-09 14:36:00,ZENV
11.42,11.48,11.42,11.46,1200,2021-08-09 14:38:00,ZENV
11.4,11.5,11.4,11.5,5796,2021-08-09 14:39:00,ZENV
11.35,11.55,11.35,11.52,2075,2021-08-09 14:40:00,ZENV
11.57,11.57,11.53,11.53,1500,2021-08-09 14:41:00,ZENV
11.56,11.56,11.53,11.53,1200,2021-08-09 14:43:00,ZENV
11.53,11.53,11.46,11.46,300,2021-08-09 14:44:00,ZENV
11.5,11.54,11.485,11.54,3500,2021-08-09 14:45:00,ZENV
11.59,11.59,11.59,11.59,100,2021-08-09 14:47:00,ZENV
11.47,11.5,11.47,11.5,1100,2021-08-09 14:51:00,ZENV
11.53,11.53,11.455,11.455,400,2021-08-09 14:52:00,ZENV
11.48,11.6,11.48,11.5,2098,2021-08-09 14:53:00,ZENV
11.54,11.56,11.54,11.56,300,2021-08-09 14:54:00,ZENV
11.5,11.51,11.49,11.51,900,2021-08-09 14:55:00,ZENV
11.51,11.56,11.47,11.56,3300,2021-08-09 14:56:00,ZENV
11.475,11.475,11.44,11.44,200,2021-08-09 14:58:00,ZENV
11.435,11.435,11.435,11.435,100,2021-08-09 14:59:00,ZENV
11.45,11.45,11.445,11.445,300,2021-08-09 15:01:00,ZENV
11.41,11.41,11.41,11.41,300,2021-08-09 15:03:00,ZENV
11.41,11.41,11.37,11.385,600,2021-08-09 15:04:00,ZENV
11.41,11.495,11.41,11.495,700,2021-08-09 15:06:00,ZENV
11.445,11.445,11.4402,11.4402,200,2021-08-09 15:09:00,ZENV
11.41,11.525,11.41,11.5,600,2021-08-09 15:10:00,ZENV
11.505,11.505,11.505,11.505,100,2021-08-09 15:13:00,ZENV
11.5,11.5,11.44,11.44,300,2021-08-09 15:14:00,ZENV
11.42,11.42,11.42,11.42,200,2021-08-09 15:15:00,ZENV
11.34,11.35,11.34,11.35,200,2021-08-09 15:16:00,ZENV
11.42,11.42,11.42,11.42,100,2021-08-09 15:17:00,ZENV
11.435,11.44,11.435,11.44,300,2021-08-09 15:18:00,ZENV
11.42,11.42,11.42,11.42,100,2021-08-09 15:20:00,ZENV
11.43,11.43,11.43,11.43,100,2021-08-09 15:22:00,ZENV
11.435,11.435,11.435,11.435,100,2021-08-09 15:23:00,ZENV
11.34,11.41,11.34,11.405,500,2021-08-09 15:24:00,ZENV
11.39,11.39,11.39,11.39,200,2021-08-09 15:27:00,ZENV
11.41,11.56,11.38,11.435,1600,2021-08-09 15:28:00,ZENV
11.405,11.43,11.405,11.43,200,2021-08-09 15:29:00,ZENV
11.38,11.405,11.38,11.405,200,2021-08-09 15:30:00,ZENV
11.4,11.455,11.4,11.455,1300,2021-08-09 15:32:00,ZENV
11.46,11.46,11.455,11.455,200,2021-08-09 15:34:00,ZENV
11.505,11.505,11.505,11.505,100,2021-08-09 15:37:00,ZENV
11.37,11.45,11.37,11.45,300,2021-08-09 15:39:00,ZENV
11.465,11.47,11.465,11.47,300,2021-08-09 15:40:00,ZENV
11.475,11.475,11.37,11.3925,600,2021-08-09 15:42:00,ZENV
11.3925,11.3925,11.33,11.385,700,2021-08-09 15:46:00,ZENV
11.4,11.4,11.4,11.4,100,2021-08-09 15:50:00,ZENV
11.465,11.465,11.4,11.4,980,2021-08-09 15:52:00,ZENV
11.4,11.47,11.4,11.47,300,2021-08-09 15:54:00,ZENV
11.4,11.4,11.33,11.375,2300,2021-08-09 15:57:00,ZENV
11.375,11.375,11.3,11.3,200,2021-08-09 15:58:00,ZENV
11.34,11.34,11.3006,11.3006,300,2021-08-09 15:59:00,ZENV
11.34,11.38,11.34,11.34,500,2021-08-09 16:00:00,ZENV
11.3,11.3,11.3,11.3,100,2021-08-09 16:02:00,ZENV
11.32,11.32,11.32,11.32,200,2021-08-09 16:04:00,ZENV
11.32,11.465,11.32,11.465,700,2021-08-09 16:05:00,ZENV
11.48,11.48,11.405,11.45,800,2021-08-09 16:06:00,ZENV
11.425,11.46,11.4025,11.46,701,2021-08-09 16:07:00,ZENV
11.52,11.52,11.4,11.48,1100,2021-08-09 16:08:00,ZENV
11.445,11.445,11.445,11.445,100,2021-08-09 16:10:00,ZENV
11.37,11.3924,11.32,11.32,600,2021-08-09 16:11:00,ZENV
11.38,11.38,11.38,11.38,100,2021-08-09 16:12:00,ZENV
11.345,11.345,11.345,11.345,100,2021-08-09 16:13:00,ZENV
11.35,11.38,11.345,11.38,600,2021-08-09 16:15:00,ZENV
11.38,11.38,11.38,11.38,100,2021-08-09 16:16:00,ZENV
11.38,11.49,11.34,11.49,3324,2021-08-09 16:17:00,ZENV
11.43,11.43,11.43,11.43,200,2021-08-09 16:19:00,ZENV
11.38,11.38,11.38,11.38,397,2021-08-09 16:21:00,ZENV
11.42,11.42,11.42,11.42,100,2021-08-09 16:22:00,ZENV
11.405,11.405,11.405,11.405,200,2021-08-09 16:24:00,ZENV
11.405,11.405,11.405,11.405,100,2021-08-09 16:25:00,ZENV
11.405,11.405,11.405,11.405,300,2021-08-09 16:27:00,ZENV
11.405,11.405,11.405,11.405,100,2021-08-09 16:29:00,ZENV
11.405,11.405,11.405,11.405,200,2021-08-09 16:32:00,ZENV
11.36,11.36,11.36,11.36,100,2021-08-09 16:36:00,ZENV
11.405,11.405,11.36,11.36,300,2021-08-09 16:37:00,ZENV
11.405,11.405,11.405,11.405,100,2021-08-09 16:38:00,ZENV
11.38,11.38,11.34,11.34,200,2021-08-09 16:42:00,ZENV
11.34,11.34,11.32,11.33,394,2021-08-09 16:43:00,ZENV
11.355,11.355,11.355,11.355,100,2021-08-09 16:46:00,ZENV
11.355,11.355,11.31,11.31,200,2021-08-09 16:47:00,ZENV
11.355,11.355,11.355,11.355,100,2021-08-09 16:49:00,ZENV
11.355,11.355,11.355,11.355,100,2021-08-09 16:52:00,ZENV
11.355,11.355,11.355,11.355,200,2021-08-09 16:53:00,ZENV
11.36,11.36,11.36,11.36,100,2021-08-09 16:56:00,ZENV
11.32,11.32,11.32,11.32,1000,2021-08-09 16:57:00,ZENV
11.36,11.38,11.29,11.335,7600,2021-08-09 16:58:00,ZENV
11.32,11.32,11.3,11.3,700,2021-08-09 17:00:00,ZENV
11.29,11.33,11.29,11.33,300,2021-08-09 17:02:00,ZENV
11.33,11.33,11.33,11.33,200,2021-08-09 17:07:00,ZENV
11.325,11.325,11.32,11.32,200,2021-08-09 17:09:00,ZENV
11.32,11.32,11.32,11.32,400,2021-08-09 17:13:00,ZENV
11.32,11.32,11.32,11.32,100,2021-08-09 17:14:00,ZENV
11.32,11.32,11.27,11.27,300,2021-08-09 17:15:00,ZENV
11.305,11.32,11.305,11.32,400,2021-08-09 17:17:00,ZENV
11.305,11.305,11.27,11.29,600,2021-08-09 17:18:00,ZENV
11.29,11.295,11.285,11.29,3266,2021-08-09 17:19:00,ZENV
11.32,11.4,11.32,11.365,600,2021-08-09 17:20:00,ZENV
11.4,11.4,11.36,11.36,900,2021-08-09 17:21:00,ZENV
11.365,11.365,11.35,11.35,300,2021-08-09 17:23:00,ZENV
11.2901,11.2901,11.2901,11.2901,100,2021-08-09 17:24:00,ZENV
11.365,11.365,11.365,11.365,100,2021-08-09 17:27:00,ZENV
11.365,11.365,11.365,11.365,100,2021-08-09 17:29:00,ZENV
11.36,11.36,11.36,11.36,200,2021-08-09 17:30:00,ZENV
11.36,11.4,11.33,11.4,500,2021-08-09 17:33:00,ZENV
11.39,11.39,11.39,11.39,100,2021-08-09 17:37:00,ZENV
11.39,11.39,11.39,11.39,200,2021-08-09 17:42:00,ZENV
11.345,11.39,11.345,11.39,300,2021-08-09 17:44:00,ZENV
11.4,11.4,11.4,11.4,200,2021-08-09 17:47:00,ZENV
11.39,11.39,11.39,11.39,200,2021-08-09 17:50:00,ZENV
11.39,11.39,11.345,11.345,200,2021-08-09 17:54:00,ZENV
11.345,11.345,11.345,11.345,100,2021-08-09 17:55:00,ZENV
11.345,11.39,11.345,11.39,500,2021-08-09 17:57:00,ZENV
11.375,11.375,11.375,11.375,100,2021-08-09 18:01:00,ZENV
11.4,11.4,11.4,11.4,100,2021-08-09 18:02:00,ZENV
11.375,11.48,11.375,11.44,1200,2021-08-09 18:04:00,ZENV
11.42,11.42,11.42,11.42,100,2021-08-09 18:06:00,ZENV
11.46,11.46,11.385,11.385,625,2021-08-09 18:07:00,ZENV
11.42,11.42,11.39,11.39,200,2021-08-09 18:08:00,ZENV
11.415,11.415,11.415,11.415,100,2021-08-09 18:09:00,ZENV
11.41,11.41,11.41,11.41,100,2021-08-09 18:11:00,ZENV
11.41,11.44,11.41,11.44,200,2021-08-09 18:13:00,ZENV
11.41,11.41,11.41,11.41,200,2021-08-09 18:14:00,ZENV
11.41,11.41,11.41,11.41,200,2021-08-09 18:15:00,ZENV
11.45,11.45,11.41,11.41,200,2021-08-09 18:19:00,ZENV
11.41,11.41,11.41,11.41,100,2021-08-09 18:23:00,ZENV
11.44,11.44,11.44,11.44,100,2021-08-09 18:24:00,ZENV
11.41,11.41,11.41,11.41,100,2021-08-09 18:26:00,ZENV
11.44,11.44,11.44,11.44,300,2021-08-09 18:27:00,ZENV
11.44,11.44,11.44,11.44,100,2021-08-09 18:28:00,ZENV
11.44,11.44,11.425,11.425,700,2021-08-09 18:29:00,ZENV
11.435,11.45,11.435,11.435,400,2021-08-09 18:30:00,ZENV
11.42,11.47,11.4,11.4,655,2021-08-09 18:31:00,ZENV
11.375,11.375,11.375,11.375,100,2021-08-09 18:34:00,ZENV
11.375,11.375,11.375,11.375,100,2021-08-09 18:35:00,ZENV
11.375,11.375,11.375,11.375,100,2021-08-09 18:36:00,ZENV
11.375,11.375,11.375,11.375,100,2021-08-09 18:37:00,ZENV
11.4,11.4,11.4,11.4,100,2021-08-09 18:40:00,ZENV
11.4,11.4,11.375,11.375,300,2021-08-09 18:42:00,ZENV
11.375,11.385,11.375,11.385,300,2021-08-09 18:43:00,ZENV
11.385,11.385,11.385,11.385,100,2021-08-09 18:44:00,ZENV
11.385,11.385,11.2,11.245,5437,2021-08-09 18:46:00,ZENV
11.32,11.39,11.3,11.39,1100,2021-08-09 18:47:00,ZENV
11.33,11.35,11.33,11.35,400,2021-08-09 18:48:00,ZENV
11.33,11.33,11.33,11.33,200,2021-08-09 18:50:00,ZENV
11.33,11.33,11.33,11.33,100,2021-08-09 18:52:00,ZENV
11.355,11.355,11.355,11.355,100,2021-08-09 18:54:00,ZENV
11.33,11.39,11.33,11.39,300,2021-08-09 19:00:00,ZENV
11.33,11.33,11.33,11.33,200,2021-08-09 19:01:00,ZENV
11.27,11.27,11.27,11.27,100,2021-08-09 19:02:00,ZENV
11.31,11.31,11.285,11.285,200,2021-08-09 19:03:00,ZENV
11.29,11.335,11.29,11.335,800,2021-08-09 19:05:00,ZENV
11.33,11.33,11.33,11.33,100,2021-08-09 19:06:00,ZENV
11.36,11.38,11.33,11.33,400,2021-08-09 19:07:00,ZENV
11.38,11.38,11.33,11.33,200,2021-08-09 19:10:00,ZENV
11.35,11.39,11.35,11.39,300,2021-08-09 19:13:00,ZENV
11.295,11.295,11.295,11.295,100,2021-08-09 19:15:00,ZENV
11.285,11.39,11.285,11.39,700,2021-08-09 19:18:00,ZENV
11.34,11.34,11.34,11.34,100,2021-08-09 19:20:00,ZENV
11.27,11.27,11.27,11.27,100,2021-08-09 19:21:00,ZENV
11.25,11.25,11.25,11.25,100,2021-08-09 19:24:00,ZENV
11.31,11.34,11.295,11.295,900,2021-08-09 19:25:00,ZENV
11.34,11.34,11.31,11.31,200,2021-08-09 19:26:00,ZENV
11.305,11.375,11.305,11.375,800,2021-08-09 19:27:00,ZENV
11.375,11.375,11.28,11.28,400,2021-08-09 19:28:00,ZENV
11.3,11.3,11.26,11.26,200,2021-08-09 19:29:00,ZENV
11.3,11.3,11.28,11.28,200,2021-08-09 19:30:00,ZENV
11.34,11.34,11.34,11.34,100,2021-08-09 19:31:00,ZENV
11.27,11.27,11.27,11.27,100,2021-08-09 19:32:00,ZENV
11.32,11.39,11.32,11.34,600,2021-08-09 19:33:00,ZENV
11.35,11.36,11.285,11.285,600,2021-08-09 19:34:00,ZENV
11.275,11.35,11.275,11.35,200,2021-08-09 19:35:00,ZENV
11.35,11.37,11.3,11.37,300,2021-08-09 19:36:00,ZENV
11.3,11.3,11.3,11.3,100,2021-08-09 19:38:00,ZENV
11.28,11.28,11.28,11.28,100,2021-08-09 19:40:00,ZENV
11.33,11.33,11.28,11.28,200,2021-08-09 19:41:00,ZENV
11.33,11.34,11.33,11.34,200,2021-08-09 19:42:00,ZENV
11.28,11.28,11.28,11.28,100,2021-08-09 19:43:00,ZENV
11.33,11.33,11.29,11.29,1100,2021-08-09 19:44:00,ZENV
11.28,11.28,11.28,11.28,700,2021-08-09 19:45:00,ZENV
11.28,11.315,11.275,11.28,1000,2021-08-09 19:46:00,ZENV
11.275,11.29,11.275,11.29,571,2021-08-09 19:47:00,ZENV
11.295,11.295,11.28,11.28,300,2021-08-09 19:48:00,ZENV
11.27,11.27,11.27,11.27,100,2021-08-09 19:49:00,ZENV
11.25,11.25,11.25,11.25,300,2021-08-09 19:50:00,ZENV
11.235,11.235,11.235,11.235,100,2021-08-09 19:51:00,ZENV
11.235,11.27,11.235,11.27,200,2021-08-09 19:52:00,ZENV
11.225,11.315,11.225,11.29,703,2021-08-09 19:53:00,ZENV
11.285,11.285,11.285,11.285,100,2021-08-09 19:54:00,ZENV
11.285,11.37,11.27,11.315,800,2021-08-09 19:55:00,ZENV
11.35,11.36,11.281,11.281,1495,2021-08-09 19:56:00,ZENV
11.315,11.33,11.26,11.26,400,2021-08-09 19:57:00,ZENV
11.25,11.31,11.24,11.24,1226,2021-08-09 19:58:00,ZENV
11.29,11.37,11.25,11.315,2215,2021-08-09 19:59:00,ZENV
11.2,11.2,11.2,11.2,867,2021-08-09 20:00:00,ZENV
11.31,11.45,11.07,11.07,948,2021-08-10 13:30:00,ZENV
11.39,11.535,11.27,11.53,800,2021-08-10 13:34:00,ZENV
11.51,11.51,11.51,11.51,400,2021-08-10 13:35:00,ZENV
11.53,11.53,11.3,11.3,1780,2021-08-10 13:36:00,ZENV
11.32,11.35,11.32,11.35,300,2021-08-10 13:37:00,ZENV
11.35,11.35,11.35,11.35,100,2021-08-10 13:38:00,ZENV
11.39,11.41,11.33,11.4,3300,2021-08-10 13:39:00,ZENV
11.405,11.5,11.405,11.44,1500,2021-08-10 13:40:00,ZENV
11.455,11.455,11.405,11.405,1300,2021-08-10 13:41:00,ZENV
11.45,11.5,11.45,11.5,1250,2021-08-10 13:42:00,ZENV
11.44,11.44,11.44,11.44,300,2021-08-10 13:43:00,ZENV
11.455,11.455,11.455,11.455,100,2021-08-10 13:44:00,ZENV
11.455,11.5,11.455,11.5,800,2021-08-10 13:45:00,ZENV
11.455,11.455,11.455,11.455,300,2021-08-10 13:46:00,ZENV
11.38,11.38,11.36,11.36,400,2021-08-10 13:47:00,ZENV
11.3,11.41,11.3,11.41,200,2021-08-10 13:50:00,ZENV
11.49,11.505,11.435,11.435,1100,2021-08-10 13:51:00,ZENV
11.435,11.45,11.4015,11.43,1500,2021-08-10 13:52:00,ZENV
11.425,11.425,11.4,11.4,1612,2021-08-10 13:53:00,ZENV
11.45,11.45,11.45,11.45,400,2021-08-10 13:54:00,ZENV
11.45,11.45,11.45,11.45,400,2021-08-10 13:55:00,ZENV
11.45,11.45,11.45,11.45,200,2021-08-10 13:56:00,ZENV
11.5,11.5,11.5,11.5,200,2021-08-10 13:57:00,ZENV
11.5,11.5,11.4,11.4,300,2021-08-10 13:58:00,ZENV
11.5,11.5,11.41,11.49,500,2021-08-10 13:59:00,ZENV
11.5,11.5,11.48,11.48,700,2021-08-10 14:00:00,ZENV
11.5,11.5,11.45,11.45,500,2021-08-10 14:01:00,ZENV
11.45,11.52,11.4,11.43,2800,2021-08-10 14:02:00,ZENV
11.41,11.42,11.41,11.41,4550,2021-08-10 14:03:00,ZENV
11.37,11.37,11.37,11.37,100,2021-08-10 14:04:00,ZENV
11.41,11.41,11.41,11.41,112,2021-08-10 14:05:00,ZENV
11.37,11.37,11.37,11.37,100,2021-08-10 14:08:00,ZENV
11.455,11.455,11.37,11.455,300,2021-08-10 14:09:00,ZENV
11.42,11.42,11.42,11.42,100,2021-08-10 14:10:00,ZENV
11.425,11.425,11.425,11.425,100,2021-08-10 14:11:00,ZENV
11.425,11.425,11.36,11.36,400,2021-08-10 14:12:00,ZENV
11.44,11.44,11.44,11.44,100,2021-08-10 14:13:00,ZENV
11.445,11.445,11.445,11.445,200,2021-08-10 14:14:00,ZENV
11.46,11.46,11.4,11.4,300,2021-08-10 14:15:00,ZENV
11.38,11.43,11.38,11.43,422,2021-08-10 14:16:00,ZENV
11.36,11.43,11.36,11.43,400,2021-08-10 14:17:00,ZENV
11.43,11.43,11.43,11.43,200,2021-08-10 14:18:00,ZENV
11.43,11.44,11.43,11.44,200,2021-08-10 14:19:00,ZENV
11.38,11.38,11.38,11.38,100,2021-08-10 14:20:00,ZENV
11.44,11.445,11.44,11.445,200,2021-08-10 14:21:00,ZENV
11.36,11.455,11.36,11.455,200,2021-08-10 14:22:00,ZENV
11.42,11.42,11.42,11.42,100,2021-08-10 14:23:00,ZENV
11.39,11.39,11.39,11.39,100,2021-08-10 14:24:00,ZENV
11.42,11.43,11.38,11.43,1578,2021-08-10 14:27:00,ZENV
11.455,11.455,11.455,11.455,200,2021-08-10 14:28:00,ZENV
11.39,11.45,11.39,11.45,300,2021-08-10 14:29:00,ZENV
11.44,11.44,11.35,11.35,200,2021-08-10 14:34:00,ZENV
11.44,11.44,11.4,11.43,800,2021-08-10 14:35:00,ZENV
11.335,11.42,11.335,11.42,300,2021-08-10 14:36:00,ZENV
11.43,11.43,11.35,11.35,800,2021-08-10 14:37:00,ZENV
11.43,11.43,11.43,11.43,200,2021-08-10 14:38:00,ZENV
11.43,11.43,11.35,11.35,200,2021-08-10 14:39:00,ZENV
11.43,11.44,11.42,11.44,900,2021-08-10 14:40:00,ZENV
11.4,11.43,11.4,11.43,900,2021-08-10 14:41:00,ZENV
11.39,11.44,11.39,11.43,900,2021-08-10 14:42:00,ZENV
11.43,11.43,11.43,11.43,300,2021-08-10 14:43:00,ZENV
11.42,11.42,11.42,11.42,100,2021-08-10 14:44:00,ZENV
11.42,11.42,11.4105,11.4105,400,2021-08-10 14:45:00,ZENV
11.41,11.41,11.4,11.4,2000,2021-08-10 14:46:00,ZENV
11.375,11.375,11.375,11.375,100,2021-08-10 14:49:00,ZENV
11.39,11.39,11.39,11.39,100,2021-08-10 14:54:00,ZENV
11.39,11.4,11.37,11.4,800,2021-08-10 14:55:00,ZENV
11.41,11.41,11.41,11.41,200,2021-08-10 14:56:00,ZENV
11.41,11.44,11.395,11.395,800,2021-08-10 14:57:00,ZENV
11.395,11.395,11.395,11.395,100,2021-08-10 15:00:00,ZENV
11.43,11.43,11.395,11.395,200,2021-08-10 15:02:00,ZENV
11.43,11.43,11.4,11.4,200,2021-08-10 15:03:00,ZENV
11.43,11.45,11.43,11.45,363,2021-08-10 15:04:00,ZENV
11.43,11.45,11.38,11.4,2682,2021-08-10 15:05:00,ZENV
11.42,11.44,11.42,11.42,300,2021-08-10 15:06:00,ZENV
11.44,11.44,11.4,11.42,900,2021-08-10 15:08:00,ZENV
11.43,11.43,11.43,11.43,300,2021-08-10 15:10:00,ZENV
11.43,11.43,11.43,11.43,300,2021-08-10 15:11:00,ZENV
11.43,11.43,11.43,11.43,200,2021-08-10 15:14:00,ZENV
11.43,11.43,11.4,11.4,2300,2021-08-10 15:15:00,ZENV
11.41,11.41,11.41,11.41,200,2021-08-10 15:16:00,ZENV
11.375,11.375,11.375,11.375,100,2021-08-10 15:17:00,ZENV
11.375,11.375,11.375,11.375,100,2021-08-10 15:20:00,ZENV
11.4,11.4,11.4,11.4,200,2021-08-10 15:22:00,ZENV
11.375,11.375,11.375,11.375,200,2021-08-10 15:23:00,ZENV
11.4,11.4,11.4,11.4,526,2021-08-10 15:24:00,ZENV
11.42,11.42,11.42,11.42,200,2021-08-10 15:25:00,ZENV
11.4,11.42,11.4,11.42,635,2021-08-10 15:26:00,ZENV
11.42,11.42,11.42,11.42,100,2021-08-10 15:27:00,ZENV
11.42,11.42,11.42,11.42,100,2021-08-10 15:28:00,ZENV
11.42,11.42,11.42,11.42,100,2021-08-10 15:29:00,ZENV
11.4,11.43,11.4,11.43,1389,2021-08-10 15:30:00,ZENV
11.44,11.44,11.44,11.44,300,2021-08-10 15:31:00,ZENV
11.435,11.435,11.435,11.435,1088,2021-08-10 15:33:00,ZENV
11.4,11.4,11.39,11.39,200,2021-08-10 15:35:00,ZENV
11.41,11.41,11.4005,11.4005,200,2021-08-10 15:38:00,ZENV
11.43,11.43,11.43,11.43,300,2021-08-10 15:39:00,ZENV
11.42,11.42,11.42,11.42,300,2021-08-10 15:40:00,ZENV
11.48,11.48,11.48,11.48,100,2021-08-10 15:41:00,ZENV
11.46,11.46,11.42,11.42,1300,2021-08-10 15:43:00,ZENV
11.44,11.44,11.44,11.44,200,2021-08-10 15:45:00,ZENV
11.44,11.44,11.44,11.44,300,2021-08-10 15:47:00,ZENV
11.4,11.4,11.4,11.4,1496,2021-08-10 15:48:00,ZENV
11.425,11.425,11.425,11.425,200,2021-08-10 15:50:00,ZENV
11.4,11.4,11.4,11.4,200,2021-08-10 15:51:00,ZENV
11.4,11.4,11.4,11.4,100,2021-08-10 15:52:00,ZENV
11.4,11.4,11.4,11.4,200,2021-08-10 15:53:00,ZENV
11.42,11.42,11.39,11.415,600,2021-08-10 15:56:00,ZENV
11.415,11.415,11.415,11.415,200,2021-08-10 15:57:00,ZENV
11.42,11.42,11.42,11.42,500,2021-08-10 15:58:00,ZENV
11.4,11.4,11.38,11.38,1100,2021-08-10 15:59:00,ZENV
11.41,11.42,11.41,11.42,300,2021-08-10 16:00:00,ZENV
11.42,11.42,11.42,11.42,100,2021-08-10 16:01:00,ZENV
11.42,11.42,11.42,11.42,200,2021-08-10 16:02:00,ZENV
11.4,11.41,11.4,11.41,200,2021-08-10 16:03:00,ZENV
11.41,11.41,11.41,11.41,200,2021-08-10 16:06:00,ZENV
11.41,11.505,11.41,11.505,400,2021-08-10 16:07:00,ZENV
11.44,11.44,11.44,11.44,200,2021-08-10 16:08:00,ZENV
11.4,11.4,11.4,11.4,800,2021-08-10 16:09:00,ZENV
11.4,11.4,11.4,11.4,1380,2021-08-10 16:10:00,ZENV
11.4,11.4,11.4,11.4,200,2021-08-10 16:11:00,ZENV
11.43,11.43,11.4,11.43,300,2021-08-10 16:15:00,ZENV
11.43,11.43,11.4,11.4,300,2021-08-10 16:16:00,ZENV
11.4,11.4,11.38,11.39,300,2021-08-10 16:17:00,ZENV
11.38,11.38,11.38,11.38,300,2021-08-10 16:18:00,ZENV
11.39,11.4,11.38,11.3952,1600,2021-08-10 16:20:00,ZENV
11.36,11.36,11.36,11.36,200,2021-08-10 16:22:00,ZENV
11.35,11.3599,11.35,11.3599,200,2021-08-10 16:26:00,ZENV
11.39,11.42,11.36,11.4,1400,2021-08-10 16:28:00,ZENV
11.44,11.44,11.44,11.44,100,2021-08-10 16:30:00,ZENV
11.4,11.44,11.4,11.4,550,2021-08-10 16:31:00,ZENV
11.44,11.44,11.44,11.44,200,2021-08-10 16:33:00,ZENV
11.35,11.385,11.35,11.385,200,2021-08-10 16:34:00,ZENV
11.405,11.405,11.4,11.4,300,2021-08-10 16:35:00,ZENV
11.4,11.4,11.36,11.36,300,2021-08-10 16:37:00,ZENV
11.29,11.38,11.29,11.38,300,2021-08-10 16:38:00,ZENV
11.45,11.45,11.45,11.45,176,2021-08-10 16:41:00,ZENV
11.2661,11.2661,11.26,11.26,712,2021-08-10 16:42:00,ZENV
11.33,11.33,11.33,11.33,100,2021-08-10 16:46:00,ZENV
11.325,11.415,11.325,11.345,300,2021-08-10 16:49:00,ZENV
11.37,11.47,11.35,11.35,1400,2021-08-10 16:54:00,ZENV
11.35,11.35,11.35,11.35,100,2021-08-10 16:55:00,ZENV
11.35,11.35,11.35,11.35,100,2021-08-10 16:56:00,ZENV
11.35,11.35,11.35,11.35,100,2021-08-10 16:59:00,ZENV
11.4,11.4,11.4,11.4,100,2021-08-10 17:00:00,ZENV
11.4,11.47,11.4,11.4,700,2021-08-10 17:01:00,ZENV
11.4,11.4,11.4,11.4,100,2021-08-10 17:02:00,ZENV
11.39,11.39,11.39,11.39,100,2021-08-10 17:04:00,ZENV
11.415,11.415,11.4,11.41,850,2021-08-10 17:05:00,ZENV
11.4,11.4,11.4,11.4,100,2021-08-10 17:06:00,ZENV
11.385,11.385,11.385,11.385,100,2021-08-10 17:08:00,ZENV
11.4,11.4,11.4,11.4,700,2021-08-10 17:16:00,ZENV
11.32,11.32,11.31,11.31,200,2021-08-10 17:17:00,ZENV
11.4,11.4,11.4,11.4,200,2021-08-10 17:19:00,ZENV
11.4,11.4,11.4,11.4,100,2021-08-10 17:20:00,ZENV
11.37,11.46,11.37,11.4,1100,2021-08-10 17:21:00,ZENV
11.4,11.4,11.4,11.4,100,2021-08-10 17:22:00,ZENV
11.465,11.465,11.465,11.465,400,2021-08-10 17:25:00,ZENV
11.41,11.41,11.41,11.41,300,2021-08-10 17:29:00,ZENV
11.4,11.4,11.4,11.4,300,2021-08-10 17:31:00,ZENV
11.35,11.35,11.35,11.35,100,2021-08-10 17:32:00,ZENV
11.395,11.395,11.395,11.395,100,2021-08-10 17:33:00,ZENV
11.395,11.395,11.395,11.395,200,2021-08-10 17:34:00,ZENV
11.415,11.415,11.415,11.415,300,2021-08-10 17:35:00,ZENV
11.415,11.415,11.35,11.37,800,2021-08-10 17:38:00,ZENV
11.435,11.435,11.36,11.36,400,2021-08-10 17:40:00,ZENV
11.31,11.31,11.31,11.31,120,2021-08-10 17:41:00,ZENV
11.315,11.315,11.315,11.315,100,2021-08-10 17:42:00,ZENV
11.315,11.315,11.315,11.315,100,2021-08-10 17:43:00,ZENV
11.355,11.38,11.355,11.38,817,2021-08-10 17:45:00,ZENV
11.345,11.345,11.345,11.345,100,2021-08-10 17:48:00,ZENV
11.345,11.345,11.345,11.345,100,2021-08-10 17:52:00,ZENV
11.345,11.345,11.345,11.345,100,2021-08-10 17:57:00,ZENV
11.335,11.335,11.335,11.335,100,2021-08-10 17:58:00,ZENV
11.35,11.41,11.35,11.405,1903,2021-08-10 18:00:00,ZENV
11.38,11.43,11.36,11.38,700,2021-08-10 18:02:00,ZENV
11.315,11.315,11.315,11.315,100,2021-08-10 18:06:00,ZENV
11.38,11.38,11.38,11.38,100,2021-08-10 18:07:00,ZENV
11.315,11.315,11.315,11.315,100,2021-08-10 18:08:00,ZENV
11.39,11.4,11.39,11.39,600,2021-08-10 18:09:00,ZENV
11.315,11.4,11.315,11.32,300,2021-08-10 18:10:00,ZENV
11.4,11.4,11.4,11.4,100,2021-08-10 18:11:00,ZENV
11.4,11.4,11.4,11.4,100,2021-08-10 18:12:00,ZENV
11.4,11.41,11.4,11.41,800,2021-08-10 18:13:00,ZENV
11.405,11.405,11.4,11.4,200,2021-08-10 18:15:00,ZENV
11.37,11.37,11.37,11.37,100,2021-08-10 18:17:00,ZENV
11.4,11.4,11.4,11.4,100,2021-08-10 18:19:00,ZENV
11.4,11.435,11.4,11.435,400,2021-08-10 18:20:00,ZENV
11.365,11.365,11.365,11.365,100,2021-08-10 18:21:00,ZENV
11.42,11.42,11.42,11.42,100,2021-08-10 18:22:00,ZENV
11.4,11.42,11.4,11.42,500,2021-08-10 18:23:00,ZENV
11.39,11.39,11.39,11.39,100,2021-08-10 18:25:00,ZENV
11.4,11.43,11.4,11.43,400,2021-08-10 18:26:00,ZENV
11.42,11.42,11.42,11.42,200,2021-08-10 18:27:00,ZENV
11.4,11.4,11.39,11.39,525,2021-08-10 18:28:00,ZENV
11.4,11.42,11.39,11.4,1100,2021-08-10 18:32:00,ZENV
11.39,11.39,11.39,11.39,100,2021-08-10 18:33:00,ZENV
11.42,11.42,11.4,11.42,449,2021-08-10 18:36:00,ZENV
11.39,11.39,11.39,11.39,100,2021-08-10 18:37:00,ZENV
11.43,11.4775,11.4,11.4,2200,2021-08-10 18:38:00,ZENV
11.4,11.4,11.39,11.39,1000,2021-08-10 18:39:00,ZENV
11.36,11.36,11.36,11.36,100,2021-08-10 18:40:00,ZENV
11.38,11.38,11.38,11.38,100,2021-08-10 18:41:00,ZENV
11.4,11.4,11.4,11.4,100,2021-08-10 18:43:00,ZENV
11.42,11.42,11.4,11.42,1200,2021-08-10 18:44:00,ZENV
11.42,11.42,11.4,11.42,800,2021-08-10 18:45:00,ZENV
11.39,11.4,11.39,11.4,400,2021-08-10 18:46:00,ZENV
11.4,11.4,11.4,11.4,200,2021-08-10 18:47:00,ZENV
11.4,11.4,11.4,11.4,200,2021-08-10 18:48:00,ZENV
11.4,11.4,11.4,11.4,100,2021-08-10 18:49:00,ZENV
11.39,11.4,11.39,11.39,700,2021-08-10 18:50:00,ZENV
11.39,11.39,11.39,11.39,100,2021-08-10 18:52:00,ZENV
11.4,11.4,11.39,11.39,200,2021-08-10 18:54:00,ZENV
11.4,11.4,11.4,11.4,200,2021-08-10 18:55:00,ZENV
11.4,11.4,11.39,11.39,200,2021-08-10 18:56:00,ZENV
11.4,11.4,11.4,11.4,100,2021-08-10 18:57:00,ZENV
11.4,11.4,11.4,11.4,200,2021-08-10 18:58:00,ZENV
11.4,11.4,11.4,11.4,200,2021-08-10 18:59:00,ZENV
11.4,11.4,11.4,11.4,100,2021-08-10 19:00:00,ZENV
11.4,11.4,11.4,11.4,200,2021-08-10 19:01:00,ZENV
11.39,11.39,11.39,11.39,100,2021-08-10 19:02:00,ZENV
11.4,11.4,11.39,11.39,500,2021-08-10 19:03:00,ZENV
11.4,11.4,11.4,11.4,100,2021-08-10 19:05:00,ZENV
11.4,11.4,11.4,11.4,200,2021-08-10 19:06:00,ZENV
11.4,11.4,11.4,11.4,100,2021-08-10 19:07:00,ZENV
11.4,11.4,11.38,11.38,200,2021-08-10 19:08:00,ZENV
11.4,11.4,11.4,11.4,200,2021-08-10 19:09:00,ZENV
11.38,11.38,11.38,11.38,200,2021-08-10 19:10:00,ZENV
11.4,11.4,11.38,11.4,300,2021-08-10 19:11:00,ZENV
11.4,11.4,11.38,11.38,200,2021-08-10 19:12:00,ZENV
11.4,11.4,11.4,11.4,100,2021-08-10 19:13:00,ZENV
11.4,11.4,11.4,11.4,200,2021-08-10 19:14:00,ZENV
11.4,11.4,11.37,11.37,600,2021-08-10 19:15:00,ZENV
11.4,11.4,11.4,11.4,200,2021-08-10 19:18:00,ZENV
11.4,11.4,11.4,11.4,200,2021-08-10 19:19:00,ZENV
11.4,11.4,11.38,11.38,300,2021-08-10 19:20:00,ZENV
11.4,11.4,11.4,11.4,100,2021-08-10 19:21:00,ZENV
11.4,11.4,11.38,11.38,300,2021-08-10 19:22:00,ZENV
11.4,11.4,11.4,11.4,200,2021-08-10 19:23:00,ZENV
11.38,11.4,11.38,11.4,300,2021-08-10 19:24:00,ZENV
11.4,11.4,11.4,11.4,600,2021-08-10 19:25:00,ZENV
11.4,11.4,11.4,11.4,100,2021-08-10 19:26:00,ZENV
11.39,11.4,11.39,11.4,200,2021-08-10 19:28:00,ZENV
11.4,11.4,11.4,11.4,200,2021-08-10 19:29:00,ZENV
11.38,11.4,11.38,11.4,400,2021-08-10 19:30:00,ZENV
11.4,11.4,11.4,11.4,200,2021-08-10 19:31:00,ZENV
11.37,11.4,11.35,11.385,650,2021-08-10 19:32:00,ZENV
11.385,11.4,11.385,11.4,400,2021-08-10 19:33:00,ZENV
11.4,11.42,11.4,11.41,300,2021-08-10 19:34:00,ZENV
11.42,11.42,11.355,11.405,1300,2021-08-10 19:35:00,ZENV
11.41,11.41,11.4,11.41,500,2021-08-10 19:36:00,ZENV
11.4,11.41,11.4,11.41,800,2021-08-10 19:37:00,ZENV
11.41,11.41,11.36,11.4,600,2021-08-10 19:38:00,ZENV
11.41,11.41,11.41,11.41,200,2021-08-10 19:39:00,ZENV
11.405,11.41,11.4,11.41,400,2021-08-10 19:40:00,ZENV
11.385,11.41,11.38,11.38,720,2021-08-10 19:41:00,ZENV
11.38,11.38,11.38,11.38,100,2021-08-10 19:42:00,ZENV
11.375,11.375,11.375,11.375,100,2021-08-10 19:43:00,ZENV
11.4,11.4,11.4,11.4,300,2021-08-10 19:44:00,ZENV
11.4,11.4,11.4,11.4,400,2021-08-10 19:45:00,ZENV
11.4,11.4,11.4,11.4,400,2021-08-10 19:46:00,ZENV
11.405,11.42,11.405,11.42,900,2021-08-10 19:47:00,ZENV
11.42,11.42,11.4,11.4,700,2021-08-10 19:48:00,ZENV
11.42,11.42,11.39,11.39,700,2021-08-10 19:49:00,ZENV
11.415,11.42,11.415,11.42,500,2021-08-10 19:50:00,ZENV
11.42,11.42,11.36,11.3924,1195,2021-08-10 19:51:00,ZENV
11.38,11.38,11.38,11.38,300,2021-08-10 19:52:00,ZENV
11.4,11.43,11.4,11.42,1300,2021-08-10 19:53:00,ZENV
11.43,11.43,11.4,11.4,1500,2021-08-10 19:54:00,ZENV
11.41,11.415,11.4,11.41,1862,2021-08-10 19:55:00,ZENV
11.41,11.41,11.385,11.4,1500,2021-08-10 19:56:00,ZENV
11.4,11.4,11.37,11.4,1400,2021-08-10 19:57:00,ZENV
11.4,11.4,11.38,11.4,1500,2021-08-10 19:58:00,ZENV
11.4,11.425,11.365,11.37,1678,2021-08-10 19:59:00,ZENV
11.03,11.03,11.03,11.03,100,2021-08-11 13:31:00,ZENV
11.24,11.24,11.17,11.1912,700,2021-08-11 13:36:00,ZENV
11.24,11.25,11.24,11.25,300,2021-08-11 13:37:00,ZENV
11.25,11.25,11.125,11.125,2518,2021-08-11 13:38:00,ZENV
11.2416,11.2416,11.2416,11.2416,1000,2021-08-11 13:40:00,ZENV
11.2346,11.2346,11.2346,11.2346,100,2021-08-11 13:41:00,ZENV
11.25,11.25,11.25,11.25,100,2021-08-11 13:42:00,ZENV
11.1,11.25,11.1,11.25,300,2021-08-11 13:43:00,ZENV
11.25,11.405,11.25,11.35,2082,2021-08-11 13:44:00,ZENV
11.36,11.375,11.13,11.36,1350,2021-08-11 13:45:00,ZENV
11.36,11.52,11.3,11.52,700,2021-08-11 13:46:00,ZENV
11.2805,11.29,11.2805,11.29,400,2021-08-11 13:48:00,ZENV
11.39,11.39,11.39,11.39,200,2021-08-11 13:49:00,ZENV
11.39,11.39,11.39,11.39,200,2021-08-11 13:50:00,ZENV
11.32,11.41,11.32,11.41,300,2021-08-11 13:51:00,ZENV
11.41,11.42,11.41,11.42,200,2021-08-11 13:52:00,ZENV
11.42,11.42,11.4,11.42,800,2021-08-11 13:53:00,ZENV
11.34,11.34,11.34,11.34,100,2021-08-11 13:56:00,ZENV
11.4,11.4,11.3505,11.3505,800,2021-08-11 13:57:00,ZENV
11.4,11.4,11.3,11.38,4600,2021-08-11 14:00:00,ZENV
11.38,11.4,11.38,11.38,900,2021-08-11 14:01:00,ZENV
11.4,11.4,11.4,11.4,700,2021-08-11 14:02:00,ZENV
11.4,11.405,11.4,11.405,400,2021-08-11 14:04:00,ZENV
11.265,11.265,11.26,11.26,400,2021-08-11 14:07:00,ZENV
11.245,11.245,11.245,11.245,100,2021-08-11 14:10:00,ZENV
11.295,11.295,11.295,11.295,100,2021-08-11 14:12:00,ZENV
11.38,11.39,11.37,11.38,800,2021-08-11 14:14:00,ZENV
11.39,11.39,11.39,11.39,300,2021-08-11 14:15:00,ZENV
11.31,11.31,11.31,11.31,100,2021-08-11 14:17:00,ZENV
11.31,11.31,11.31,11.31,100,2021-08-11 14:19:00,ZENV
11.4,11.4,11.4,11.4,200,2021-08-11 14:21:00,ZENV
11.4,11.4,11.33,11.33,300,2021-08-11 14:22:00,ZENV
11.4,11.4,11.39,11.39,200,2021-08-11 14:24:00,ZENV
11.39,11.39,11.33,11.33,200,2021-08-11 14:25:00,ZENV
11.39,11.39,11.39,11.39,200,2021-08-11 14:26:00,ZENV
11.37,11.39,11.37,11.39,200,2021-08-11 14:27:00,ZENV
11.39,11.39,11.39,11.39,100,2021-08-11 14:28:00,ZENV
11.33,11.395,11.33,11.395,300,2021-08-11 14:29:00,ZENV
11.39,11.39,11.39,11.39,100,2021-08-11 14:30:00,ZENV
11.39,11.39,11.39,11.39,100,2021-08-11 14:31:00,ZENV
11.33,11.39,11.325,11.325,1000,2021-08-11 14:32:00,ZENV
11.39,11.39,11.325,11.325,200,2021-08-11 14:33:00,ZENV
11.39,11.39,11.2601,11.2601,800,2021-08-11 14:34:00,ZENV
11.39,11.39,11.39,11.39,100,2021-08-11 14:35:00,ZENV
11.325,11.39,11.325,11.39,200,2021-08-11 14:36:00,ZENV
11.325,11.35,11.26,11.33,8046,2021-08-11 14:37:00,ZENV
11.27,11.27,11.27,11.27,200,2021-08-11 14:38:00,ZENV
11.295,11.32,11.265,11.32,650,2021-08-11 14:39:00,ZENV
11.295,11.295,11.295,11.295,100,2021-08-11 14:40:00,ZENV
11.285,11.32,11.285,11.32,700,2021-08-11 14:41:00,ZENV
11.3,11.3,11.3,11.3,100,2021-08-11 14:42:00,ZENV
11.3,11.3,11.3,11.3,400,2021-08-11 14:45:00,ZENV
11.305,11.305,11.305,11.305,500,2021-08-11 14:48:00,ZENV
11.28,11.28,11.26,11.26,200,2021-08-11 14:51:00,ZENV
11.285,11.285,11.285,11.285,500,2021-08-11 14:52:00,ZENV
11.265,11.265,11.265,11.265,200,2021-08-11 14:55:00,ZENV
11.28,11.28,11.28,11.28,400,2021-08-11 14:57:00,ZENV
11.23,11.23,11.23,11.23,200,2021-08-11 14:58:00,ZENV
11.23,11.255,11.2,11.255,900,2021-08-11 15:00:00,ZENV
11.2,11.2,11.2,11.2,100,2021-08-11 15:02:00,ZENV
11.2,11.27,11.2,11.27,800,2021-08-11 15:03:00,ZENV
11.2,11.2,11.2,11.2,300,2021-08-11 15:04:00,ZENV
11.2,11.2,11.12,11.12,400,2021-08-11 15:06:00,ZENV
11.165,11.165,11.165,11.165,600,2021-08-11 15:08:00,ZENV
11.2,11.2,11.16,11.1696,300,2021-08-11 15:09:00,ZENV
11.155,11.1824,11.155,11.1824,200,2021-08-11 15:10:00,ZENV
11.155,11.155,11.155,11.155,400,2021-08-11 15:12:00,ZENV
11.11,11.18,11.11,11.18,300,2021-08-11 15:13:00,ZENV
11.17,11.17,11.17,11.17,100,2021-08-11 15:15:00,ZENV
11.02,11.11,11.02,11.11,822,2021-08-11 15:16:00,ZENV
11.085,11.15,11.085,11.135,1000,2021-08-11 15:18:00,ZENV
11.205,11.205,11.205,11.205,300,2021-08-11 15:20:00,ZENV
11.1301,11.165,11.1301,11.165,800,2021-08-11 15:21:00,ZENV
11.105,11.105,11.105,11.105,100,2021-08-11 15:22:00,ZENV
11.135,11.135,11.135,11.135,100,2021-08-11 15:24:00,ZENV
11.15,11.215,11.15,11.215,700,2021-08-11 15:25:00,ZENV
11.29,11.29,11.29,11.29,200,2021-08-11 15:26:00,ZENV
11.29,11.29,11.29,11.29,300,2021-08-11 15:28:00,ZENV
11.19,11.19,11.19,11.19,100,2021-08-11 15:29:00,ZENV
11.2,11.2,11.2,11.2,200,2021-08-11 15:30:00,ZENV
11.08,11.15,11.08,11.15,500,2021-08-11 15:34:00,ZENV
11.175,11.175,11.16,11.16,300,2021-08-11 15:35:00,ZENV
11.27,11.27,11.27,11.27,300,2021-08-11 15:37:00,ZENV
11.28,11.28,11.275,11.275,400,2021-08-11 15:38:00,ZENV
11.28,11.28,11.28,11.28,200,2021-08-11 15:40:00,ZENV
11.2,11.26,11.2,11.26,600,2021-08-11 15:41:00,ZENV
11.33,11.33,11.33,11.33,100,2021-08-11 15:43:00,ZENV
11.26,11.27,11.26,11.27,200,2021-08-11 15:44:00,ZENV
11.165,11.165,11.16,11.165,354,2021-08-11 15:46:00,ZENV
11.25,11.25,11.25,11.25,100,2021-08-11 15:49:00,ZENV
11.24,11.24,11.24,11.24,100,2021-08-11 15:51:00,ZENV
11.3,11.3,11.3,11.3,100,2021-08-11 15:54:00,ZENV
11.0201,11.0201,11.0201,11.0201,100,2021-08-11 15:58:00,ZENV
11.27,11.27,11.27,11.27,100,2021-08-11 16:00:00,ZENV
11.16,11.16,11.16,11.16,100,2021-08-11 16:01:00,ZENV
11.23,11.25,11.23,11.25,700,2021-08-11 16:03:00,ZENV
11.32,11.37,11.32,11.37,900,2021-08-11 16:04:00,ZENV
11.37,11.37,11.37,11.37,100,2021-08-11 16:06:00,ZENV
11.35,11.35,11.34,11.34,200,2021-08-11 16:11:00,ZENV
11.35,11.35,11.35,11.35,700,2021-08-11 16:12:00,ZENV
11.35,11.35,11.35,11.35,100,2021-08-11 16:15:00,ZENV
11.38,11.38,11.38,11.38,100,2021-08-11 16:17:00,ZENV
11.39,11.39,11.35,11.35,200,2021-08-11 16:21:00,ZENV
11.38,11.39,11.38,11.39,200,2021-08-11 16:23:00,ZENV
11.4,11.4,11.4,11.4,100,2021-08-11 16:25:00,ZENV
11.4,11.4,11.35,11.35,200,2021-08-11 16:26:00,ZENV
11.39,11.5,11.37,11.44,1400,2021-08-11 16:28:00,ZENV
11.43,11.43,11.415,11.415,1500,2021-08-11 16:29:00,ZENV
11.41,11.41,11.4,11.41,550,2021-08-11 16:31:00,ZENV
11.22,11.22,11.22,11.22,200,2021-08-11 16:38:00,ZENV
11.195,11.195,11.195,11.195,100,2021-08-11 16:39:00,ZENV
11.2,11.2,11.2,11.2,100,2021-08-11 16:40:00,ZENV
11.195,11.195,11.195,11.195,100,2021-08-11 16:44:00,ZENV
11.34,11.34,11.34,11.34,100,2021-08-11 16:51:00,ZENV
11.34,11.34,11.34,11.34,100,2021-08-11 16:52:00,ZENV
11.31,11.32,11.3,11.32,1000,2021-08-11 16:53:00,ZENV
11.295,11.295,11.295,11.295,100,2021-08-11 16:57:00,ZENV
11.35,11.4,11.35,11.4,500,2021-08-11 17:00:00,ZENV
11.3,11.3,11.3,11.3,300,2021-08-11 17:03:00,ZENV
11.4,11.4,11.37,11.4,545,2021-08-11 17:06:00,ZENV
11.205,11.205,11.205,11.205,100,2021-08-11 17:10:00,ZENV
11.36,11.39,11.36,11.38,500,2021-08-11 17:12:00,ZENV
11.38,11.38,11.38,11.38,100,2021-08-11 17:13:00,ZENV
11.35,11.35,11.35,11.35,100,2021-08-11 17:17:00,ZENV
11.35,11.4,11.35,11.36,827,2021-08-11 17:19:00,ZENV
11.245,11.245,11.245,11.245,100,2021-08-11 17:20:00,ZENV
11.22,11.22,11.22,11.22,700,2021-08-11 17:24:00,ZENV
11.4,11.4,11.4,11.4,100,2021-08-11 17:26:00,ZENV
11.38,11.38,11.21,11.21,200,2021-08-11 17:27:00,ZENV
11.35,11.36,11.33,11.35,1100,2021-08-11 17:28:00,ZENV
11.19,11.19,11.19,11.19,100,2021-08-11 17:29:00,ZENV
11.36,11.4,11.36,11.4,1000,2021-08-11 17:34:00,ZENV
11.23,11.23,11.23,11.23,100,2021-08-11 17:41:00,ZENV
11.39,11.43,11.22,11.22,1100,2021-08-11 17:43:00,ZENV
11.41,11.41,11.41,11.41,100,2021-08-11 17:44:00,ZENV
11.4,11.4,11.4,11.4,100,2021-08-11 17:45:00,ZENV
11.4,11.4,11.4,11.4,100,2021-08-11 17:46:00,ZENV
11.4,11.4,11.4,11.4,100,2021-08-11 17:47:00,ZENV
11.4,11.4,11.21,11.21,200,2021-08-11 17:48:00,ZENV
11.39,11.39,11.39,11.39,100,2021-08-11 17:49:00,ZENV
11.39,11.39,11.39,11.39,100,2021-08-11 17:50:00,ZENV
11.35,11.35,11.35,11.35,100,2021-08-11 17:51:00,ZENV
11.4,11.4,11.4,11.4,100,2021-08-11 17:54:00,ZENV
11.4,11.4,11.375,11.375,200,2021-08-11 17:56:00,ZENV
11.35,11.35,11.35,11.35,100,2021-08-11 17:57:00,ZENV
11.4,11.4,11.4,11.4,100,2021-08-11 17:58:00,ZENV
11.4,11.4,11.4,11.4,100,2021-08-11 17:59:00,ZENV
11.4,11.4,11.4,11.4,100,2021-08-11 18:00:00,ZENV
11.4,11.4,11.4,11.4,100,2021-08-11 18:01:00,ZENV
11.345,11.4,11.345,11.4,600,2021-08-11 18:02:00,ZENV
11.4,11.435,11.4,11.405,550,2021-08-11 18:03:00,ZENV
11.39,11.39,11.38,11.38,200,2021-08-11 18:04:00,ZENV
11.39,11.39,11.39,11.39,300,2021-08-11 18:05:00,ZENV
11.39,11.39,11.39,11.39,100,2021-08-11 18:07:00,ZENV
11.4,11.4,11.4,11.4,200,2021-08-11 18:08:00,ZENV
11.305,11.305,11.305,11.305,100,2021-08-11 18:11:00,ZENV
11.305,11.305,11.305,11.305,100,2021-08-11 18:12:00,ZENV
11.4,11.4,11.4,11.4,500,2021-08-11 18:13:00,ZENV
11.355,11.355,11.355,11.355,100,2021-08-11 18:17:00,ZENV
11.4,11.4,11.4,11.4,100,2021-08-11 18:18:00,ZENV
11.39,11.415,11.39,11.4,1690,2021-08-11 18:19:00,ZENV
11.415,11.415,11.4,11.4,600,2021-08-11 18:20:00,ZENV
11.38,11.38,11.38,11.38,100,2021-08-11 18:21:00,ZENV
11.355,11.355,11.355,11.355,100,2021-08-11 18:22:00,ZENV
11.355,11.375,11.355,11.375,300,2021-08-11 18:28:00,ZENV
11.39,11.405,11.39,11.4,1800,2021-08-11 18:32:00,ZENV
11.41,11.41,11.41,11.41,400,2021-08-11 18:38:00,ZENV
11.225,11.225,11.225,11.225,100,2021-08-11 18:39:00,ZENV
11.345,11.4,11.2,11.2,3250,2021-08-11 18:40:00,ZENV
11.305,11.4,11.305,11.4,700,2021-08-11 18:41:00,ZENV
11.39,11.39,11.39,11.39,100,2021-08-11 18:42:00,ZENV
11.325,11.325,11.325,11.325,100,2021-08-11 18:44:00,ZENV
11.33,11.35,11.33,11.35,300,2021-08-11 18:47:00,ZENV
11.35,11.35,11.35,11.35,100,2021-08-11 18:48:00,ZENV
11.38,11.38,11.38,11.38,100,2021-08-11 18:51:00,ZENV
11.38,11.38,11.38,11.38,100,2021-08-11 18:52:00,ZENV
11.3,11.35,11.3,11.35,200,2021-08-11 18:53:00,ZENV
11.35,11.35,11.35,11.35,100,2021-08-11 18:54:00,ZENV
11.35,11.35,11.35,11.35,100,2021-08-11 18:55:00,ZENV
11.35,11.35,11.35,11.35,100,2021-08-11 18:56:00,ZENV
11.35,11.39,11.35,11.38,623,2021-08-11 18:57:00,ZENV
11.39,11.39,11.38,11.38,300,2021-08-11 18:58:00,ZENV
11.32,11.32,11.32,11.32,100,2021-08-11 19:00:00,ZENV
11.38,11.38,11.38,11.38,100,2021-08-11 19:01:00,ZENV
11.4,11.4,11.4,11.4,100,2021-08-11 19:02:00,ZENV
11.39,11.39,11.39,11.39,200,2021-08-11 19:05:00,ZENV
11.4,11.4,11.4,11.4,100,2021-08-11 19:06:00,ZENV
11.4,11.4,11.4,11.4,100,2021-08-11 19:07:00,ZENV
11.4,11.4,11.32,11.39,300,2021-08-11 19:08:00,ZENV
11.1378,11.4,11.1378,11.4,2900,2021-08-11 19:09:00,ZENV
11.4,11.4,11.35,11.35,300,2021-08-11 19:10:00,ZENV
11.375,11.375,11.375,11.375,100,2021-08-11 19:11:00,ZENV
11.4,11.4,11.4,11.4,400,2021-08-11 19:13:00,ZENV
11.4,11.4,11.4,11.4,100,2021-08-11 19:14:00,ZENV
11.4,11.4,11.4,11.4,200,2021-08-11 19:15:00,ZENV
11.38,11.4,11.38,11.38,300,2021-08-11 19:16:00,ZENV
11.4,11.4,11.4,11.4,200,2021-08-11 19:18:00,ZENV
11.4,11.4,11.4,11.4,100,2021-08-11 19:19:00,ZENV
11.4,11.4,11.38,11.38,200,2021-08-11 19:20:00,ZENV
11.4,11.4,11.4,11.4,200,2021-08-11 19:22:00,ZENV
11.4,11.4,11.4,11.4,200,2021-08-11 19:23:00,ZENV
11.4,11.4,11.4,11.4,100,2021-08-11 19:24:00,ZENV
11.4,11.4,11.4,11.4,300,2021-08-11 19:25:00,ZENV
11.41,11.41,11.41,11.41,200,2021-08-11 19:26:00,ZENV
11.41,11.41,11.395,11.395,300,2021-08-11 19:27:00,ZENV
11.385,11.4,11.385,11.4,200,2021-08-11 19:29:00,ZENV
11.4,11.4,11.385,11.385,300,2021-08-11 19:30:00,ZENV
11.38,11.38,11.38,11.38,200,2021-08-11 19:31:00,ZENV
11.4,11.4,11.4,11.4,100,2021-08-11 19:32:00,ZENV
11.4,11.4,11.4,11.4,200,2021-08-11 19:34:00,ZENV
11.4,11.4,11.38,11.38,200,2021-08-11 19:35:00,ZENV
11.4,11.4,11.4,11.4,200,2021-08-11 19:36:00,ZENV
11.4,11.4,11.4,11.4,300,2021-08-11 19:37:00,ZENV
11.38,11.4,11.38,11.4,1400,2021-08-11 19:38:00,ZENV
11.4,11.41,11.375,11.41,1100,2021-08-11 19:39:00,ZENV
11.4,11.405,11.4,11.405,1000,2021-08-11 19:40:00,ZENV
11.38,11.38,11.38,11.38,100,2021-08-11 19:42:00,ZENV
11.4,11.4,11.4,11.4,200,2021-08-11 19:43:00,ZENV
11.4,11.4,11.397,11.4,300,2021-08-11 19:44:00,ZENV
11.4,11.41,11.4,11.41,1550,2021-08-11 19:45:00,ZENV
11.4,11.4,11.4,11.4,100,2021-08-11 19:47:00,ZENV
11.4,11.4,11.4,11.4,600,2021-08-11 19:48:00,ZENV
11.39,11.39,11.39,11.39,100,2021-08-11 19:49:00,ZENV
11.375,11.4,11.375,11.4,500,2021-08-11 19:50:00,ZENV
11.39,11.41,11.39,11.405,900,2021-08-11 19:51:00,ZENV
11.39,11.415,11.385,11.415,1000,2021-08-11 19:52:00,ZENV
11.42,11.42,11.36,11.36,200,2021-08-11 19:53:00,ZENV
11.41,11.41,11.35,11.35,1877,2021-08-11 19:54:00,ZENV
11.39,11.39,11.35,11.35,800,2021-08-11 19:55:00,ZENV
11.39,11.41,11.39,11.4,2300,2021-08-11 19:56:00,ZENV
11.4,11.4,11.37,11.37,940,2021-08-11 19:57:00,ZENV
11.4,11.4,11.355,11.4,940,2021-08-11 19:58:00,ZENV
11.36,11.41,11.36,11.4,2386,2021-08-11 19:59:00,ZENV
11.26,11.26,11.26,11.26,1349,2021-08-12 13:30:00,ZENV
11.39,11.47,11.39,11.47,200,2021-08-12 13:34:00,ZENV
11.43,11.43,11.41,11.41,300,2021-08-12 13:35:00,ZENV
11.46,11.46,11.4,11.4,500,2021-08-12 13:36:00,ZENV
11.45,11.46,11.45,11.46,200,2021-08-12 13:37:00,ZENV
11.47,11.48,11.43,11.48,300,2021-08-12 13:38:00,ZENV
11.4,11.46,11.11,11.44,2700,2021-08-12 13:39:00,ZENV
11.245,11.43,11.245,11.305,500,2021-08-12 13:40:00,ZENV
11.42,11.45,11.4,11.45,825,2021-08-12 13:41:00,ZENV
11.31,11.45,11.31,11.38,528,2021-08-12 13:42:00,ZENV
11.255,11.47,11.255,11.47,672,2021-08-12 13:43:00,ZENV
11.4,11.44,11.315,11.315,700,2021-08-12 13:44:00,ZENV
11.45,11.45,11.4,11.4,525,2021-08-12 13:46:00,ZENV
11.4,11.44,11.4,11.43,500,2021-08-12 13:47:00,ZENV
11.43,11.43,11.305,11.43,800,2021-08-12 13:48:00,ZENV
11.43,11.43,11.43,11.43,200,2021-08-12 13:49:00,ZENV
11.43,11.43,11.43,11.43,200,2021-08-12 13:50:00,ZENV
11.4,11.4,11.4,11.4,200,2021-08-12 13:51:00,ZENV
11.4,11.4,11.285,11.4,600,2021-08-12 13:52:00,ZENV
11.4,11.41,11.355,11.41,300,2021-08-12 13:53:00,ZENV
11.44,11.44,11.43,11.43,200,2021-08-12 13:54:00,ZENV
11.41,11.45,11.39,11.43,2300,2021-08-12 13:55:00,ZENV
11.43,11.46,11.43,11.46,415,2021-08-12 13:56:00,ZENV
11.46,11.46,11.46,11.46,200,2021-08-12 13:57:00,ZENV
11.44,11.44,11.4,11.4,1158,2021-08-12 13:58:00,ZENV
11.43,11.43,11.43,11.43,100,2021-08-12 14:02:00,ZENV
11.43,11.43,11.43,11.43,200,2021-08-12 14:03:00,ZENV
11.42,11.42,11.42,11.42,200,2021-08-12 14:04:00,ZENV
11.41,11.41,11.41,11.41,200,2021-08-12 14:05:00,ZENV
11.41,11.41,11.41,11.41,200,2021-08-12 14:06:00,ZENV
11.305,11.41,11.3,11.3,500,2021-08-12 14:07:00,ZENV
11.41,11.41,11.41,11.41,200,2021-08-12 14:08:00,ZENV
11.41,11.41,11.41,11.41,200,2021-08-12 14:09:00,ZENV
11.41,11.41,11.395,11.41,1500,2021-08-12 14:10:00,ZENV
11.4,11.4,11.4,11.4,400,2021-08-12 14:11:00,ZENV
11.42,11.425,11.42,11.425,500,2021-08-12 14:12:00,ZENV
11.335,11.409,11.28,11.28,600,2021-08-12 14:13:00,ZENV
11.38,11.38,11.38,11.38,400,2021-08-12 14:14:00,ZENV
11.41,11.41,11.41,11.41,100,2021-08-12 14:15:00,ZENV
11.365,11.41,11.365,11.41,200,2021-08-12 14:16:00,ZENV
11.41,11.41,11.41,11.41,200,2021-08-12 14:17:00,ZENV
11.41,11.41,11.41,11.41,200,2021-08-12 14:18:00,ZENV
11.365,11.41,11.365,11.41,200,2021-08-12 14:19:00,ZENV
11.41,11.41,11.41,11.41,100,2021-08-12 14:20:00,ZENV
11.41,11.41,11.41,11.41,200,2021-08-12 14:21:00,ZENV
11.41,11.41,11.39,11.41,300,2021-08-12 14:22:00,ZENV
11.41,11.41,11.41,11.41,200,2021-08-12 14:23:00,ZENV
11.4,11.41,11.4,11.41,200,2021-08-12 14:24:00,ZENV
11.41,11.41,11.41,11.41,200,2021-08-12 14:25:00,ZENV
11.41,11.41,11.41,11.41,200,2021-08-12 14:26:00,ZENV
11.41,11.41,11.41,11.41,200,2021-08-12 14:27:00,ZENV
11.41,11.41,11.335,11.41,872,2021-08-12 14:28:00,ZENV
11.335,11.41,11.335,11.39,600,2021-08-12 14:29:00,ZENV
11.39,11.4,11.39,11.4,200,2021-08-12 14:30:00,ZENV
11.41,11.41,11.41,11.41,843,2021-08-12 14:31:00,ZENV
11.41,11.41,11.41,11.41,200,2021-08-12 14:32:00,ZENV
11.41,11.41,11.4,11.4,16209,2021-08-12 14:33:00,ZENV
11.4,11.42,11.39,11.4,3100,2021-08-12 14:34:00,ZENV
11.41,11.41,11.41,11.41,100,2021-08-12 14:35:00,ZENV
11.39,11.39,11.39,11.39,100,2021-08-12 14:37:00,ZENV
11.415,11.415,11.415,11.415,100,2021-08-12 14:38:00,ZENV
11.41,11.41,11.41,11.41,500,2021-08-12 14:39:00,ZENV
11.38,11.38,11.38,11.38,100,2021-08-12 14:40:00,ZENV
11.395,11.395,11.395,11.395,400,2021-08-12 14:41:00,ZENV
11.395,11.395,11.395,11.395,100,2021-08-12 14:42:00,ZENV
11.405,11.405,11.405,11.405,500,2021-08-12 14:44:00,ZENV
11.41,11.41,11.41,11.41,100,2021-08-12 14:49:00,ZENV
11.351,11.41,11.351,11.41,350,2021-08-12 14:50:00,ZENV
11.41,11.41,11.385,11.41,300,2021-08-12 14:51:00,ZENV
11.41,11.41,11.41,11.41,100,2021-08-12 14:52:00,ZENV
11.41,11.41,11.405,11.41,300,2021-08-12 14:53:00,ZENV
11.41,11.41,11.39,11.39,2558,2021-08-12 14:54:00,ZENV
11.38,11.4,11.38,11.4,1643,2021-08-12 14:55:00,ZENV
11.4,11.4,11.4,11.4,300,2021-08-12 14:56:00,ZENV
11.4,11.4,11.4,11.4,15100,2021-08-12 14:58:00,ZENV
11.365,11.4,11.365,11.365,1400,2021-08-12 14:59:00,ZENV
11.385,11.385,11.385,11.385,500,2021-08-12 15:00:00,ZENV
11.39,11.39,11.39,11.39,200,2021-08-12 15:01:00,ZENV
11.37,11.4,11.37,11.4,400,2021-08-12 15:02:00,ZENV
11.4,11.4,11.4,11.4,15100,2021-08-12 15:03:00,ZENV
11.405,11.405,11.405,11.405,900,2021-08-12 15:04:00,ZENV
11.365,11.365,11.365,11.365,100,2021-08-12 15:05:00,ZENV
11.4,11.41,11.385,11.395,16100,2021-08-12 15:08:00,ZENV
11.4,11.41,11.4,11.41,1500,2021-08-12 15:09:00,ZENV
11.41,11.41,11.4006,11.41,700,2021-08-12 15:11:00,ZENV
11.4,11.4,11.4,11.4,300,2021-08-12 15:13:00,ZENV
11.4,11.4,11.4,11.4,100,2021-08-12 15:19:00,ZENV
11.4,11.4,11.4,11.4,100,2021-08-12 15:21:00,ZENV
11.37,11.37,11.37,11.37,100,2021-08-12 15:25:00,ZENV
11.4,11.4,11.4,11.4,200,2021-08-12 15:26:00,ZENV
11.37,11.4,11.37,11.4,200,2021-08-12 15:27:00,ZENV
11.4,11.435,11.4,11.435,1730,2021-08-12 15:28:00,ZENV
11.41,11.41,11.38,11.38,600,2021-08-12 15:29:00,ZENV
11.4,11.4,11.4,11.4,4100,2021-08-12 15:31:00,ZENV
11.4,11.4,11.4,11.4,100,2021-08-12 15:32:00,ZENV
11.36,11.39,11.36,11.39,300,2021-08-12 15:33:00,ZENV
11.41,11.41,11.4,11.4,200,2021-08-12 15:36:00,ZENV
11.395,11.395,11.395,11.395,100,2021-08-12 15:37:00,ZENV
11.42,11.42,11.42,11.42,100,2021-08-12 15:38:00,ZENV
11.42,11.42,11.395,11.395,200,2021-08-12 15:39:00,ZENV
11.42,11.42,11.4,11.4,400,2021-08-12 15:40:00,ZENV
11.42,11.42,11.42,11.42,200,2021-08-12 15:41:00,ZENV
11.42,11.42,11.42,11.42,100,2021-08-12 15:42:00,ZENV
11.43,11.43,11.43,11.43,200,2021-08-12 15:43:00,ZENV
11.4,11.43,11.4,11.43,400,2021-08-12 15:44:00,ZENV
11.43,11.43,11.43,11.43,100,2021-08-12 15:45:00,ZENV
11.43,11.43,11.39,11.43,600,2021-08-12 15:46:00,ZENV
11.39,11.42,11.39,11.42,200,2021-08-12 15:47:00,ZENV
11.43,11.43,11.43,11.43,100,2021-08-12 15:48:00,ZENV
11.42,11.42,11.42,11.42,200,2021-08-12 15:49:00,ZENV
11.42,11.42,11.4,11.4,400,2021-08-12 15:50:00,ZENV
11.42,11.42,11.42,11.42,100,2021-08-12 15:51:00,ZENV
11.42,11.42,11.415,11.415,400,2021-08-12 15:52:00,ZENV
11.415,11.42,11.4,11.4,1000,2021-08-12 15:53:00,ZENV
11.42,11.42,11.4,11.4,1050,2021-08-12 15:54:00,ZENV
11.41,11.41,11.4,11.4,800,2021-08-12 15:55:00,ZENV
11.39,11.39,11.39,11.39,100,2021-08-12 15:56:00,ZENV
11.445,11.445,11.445,11.445,300,2021-08-12 15:58:00,ZENV
11.4632,11.4632,11.4632,11.4632,100,2021-08-12 16:00:00,ZENV
11.44,11.44,11.44,11.44,300,2021-08-12 16:01:00,ZENV
11.44,11.44,11.4,11.4,400,2021-08-12 16:03:00,ZENV
11.44,11.44,11.395,11.4,1001,2021-08-12 16:04:00,ZENV
11.4,11.44,11.4,11.44,400,2021-08-12 16:05:00,ZENV
11.44,11.44,11.44,11.44,262,2021-08-12 16:06:00,ZENV
11.44,11.44,11.4,11.4,400,2021-08-12 16:08:00,ZENV
11.4239,11.445,11.4239,11.445,1300,2021-08-12 16:09:00,ZENV
11.41,11.435,11.41,11.435,400,2021-08-12 16:10:00,ZENV
11.39,11.39,11.39,11.39,100,2021-08-12 16:11:00,ZENV
11.4,11.4,11.4,11.4,1706,2021-08-12 16:12:00,ZENV
11.3561,11.37,11.3561,11.37,423,2021-08-12 16:13:00,ZENV
11.42,11.42,11.42,11.42,100,2021-08-12 16:14:00,ZENV
11.385,11.385,11.385,11.385,100,2021-08-12 16:15:00,ZENV
11.385,11.435,11.385,11.42,800,2021-08-12 16:16:00,ZENV
11.435,11.435,11.385,11.42,900,2021-08-12 16:17:00,ZENV
11.42,11.42,11.42,11.42,100,2021-08-12 16:19:00,ZENV
11.42,11.42,11.42,11.42,300,2021-08-12 16:20:00,ZENV
11.39,11.44,11.39,11.44,200,2021-08-12 16:21:00,ZENV
11.44,11.44,11.42,11.42,400,2021-08-12 16:22:00,ZENV
11.44,11.44,11.44,11.44,100,2021-08-12 16:23:00,ZENV
11.42,11.42,11.395,11.395,300,2021-08-12 16:25:00,ZENV
11.4,11.44,11.4,11.44,200,2021-08-12 16:26:00,ZENV
11.42,11.42,11.42,11.42,500,2021-08-12 16:27:00,ZENV
11.435,11.435,11.4106,11.42,400,2021-08-12 16:28:00,ZENV
11.4,11.4,11.4,11.4,100,2021-08-12 16:29:00,ZENV
11.39,11.39,11.39,11.39,100,2021-08-12 16:30:00,ZENV
11.37,11.37,11.37,11.37,100,2021-08-12 16:32:00,ZENV
11.385,11.385,11.385,11.385,300,2021-08-12 16:33:00,ZENV
11.425,11.435,11.42,11.435,1500,2021-08-12 16:34:00,ZENV
11.4,11.435,11.4,11.435,1157,2021-08-12 16:35:00,ZENV
11.44,11.44,11.44,11.44,100,2021-08-12 16:38:00,ZENV
11.42,11.42,11.42,11.42,300,2021-08-12 16:40:00,ZENV
11.44,11.44,11.44,11.44,100,2021-08-12 16:41:00,ZENV
11.44,11.44,11.385,11.385,700,2021-08-12 16:42:00,ZENV
11.4,11.41,11.36,11.4,1029,2021-08-12 16:45:00,ZENV
11.4,11.4,11.4,11.4,300,2021-08-12 16:46:00,ZENV
11.42,11.42,11.42,11.42,100,2021-08-12 16:47:00,ZENV
11.42,11.445,11.41,11.445,900,2021-08-12 16:48:00,ZENV
11.445,11.445,11.445,11.445,200,2021-08-12 16:49:00,ZENV
11.41,11.41,11.4,11.4,700,2021-08-12 16:51:00,ZENV
11.4,11.4,11.4,11.4,901,2021-08-12 16:52:00,ZENV
11.4,11.4,11.4,11.4,300,2021-08-12 16:53:00,ZENV
11.42,11.42,11.42,11.42,200,2021-08-12 16:55:00,ZENV
11.39,11.42,11.39,11.42,200,2021-08-12 16:56:00,ZENV
11.42,11.45,11.42,11.44,600,2021-08-12 16:57:00,ZENV
11.44,11.44,11.42,11.44,600,2021-08-12 16:58:00,ZENV
11.44,11.44,11.44,11.44,200,2021-08-12 16:59:00,ZENV
11.44,11.44,11.44,11.44,200,2021-08-12 17:01:00,ZENV
11.44,11.44,11.4106,11.43,600,2021-08-12 17:02:00,ZENV
11.425,11.425,11.4,11.4,400,2021-08-12 17:04:00,ZENV
11.41,11.41,11.41,11.41,400,2021-08-12 17:05:00,ZENV
11.4,11.41,11.4,11.4,3479,2021-08-12 17:06:00,ZENV
11.425,11.425,11.4,11.4,3000,2021-08-12 17:08:00,ZENV
11.4,11.4,11.4,11.4,300,2021-08-12 17:09:00,ZENV
11.435,11.435,11.435,11.435,200,2021-08-12 17:12:00,ZENV
11.44,11.44,11.44,11.44,200,2021-08-12 17:13:00,ZENV
11.41,11.41,11.41,11.41,100,2021-08-12 17:14:00,ZENV
11.44,11.44,11.44,11.44,100,2021-08-12 17:15:00,ZENV
11.425,11.44,11.425,11.44,300,2021-08-12 17:16:00,ZENV
11.44,11.44,11.44,11.44,100,2021-08-12 17:17:00,ZENV
11.44,11.44,11.44,11.44,200,2021-08-12 17:18:00,ZENV
11.42,11.42,11.42,11.42,1000,2021-08-12 17:19:00,ZENV
11.44,11.44,11.385,11.385,600,2021-08-12 17:20:00,ZENV
11.4,11.4,11.4,11.4,3000,2021-08-12 17:21:00,ZENV
11.4,11.4,11.385,11.4,681,2021-08-12 17:22:00,ZENV
11.425,11.425,11.33,11.395,1500,2021-08-12 17:23:00,ZENV
11.4,11.42,11.375,11.375,300,2021-08-12 17:24:00,ZENV
11.38,11.39,11.38,11.39,200,2021-08-12 17:25:00,ZENV
11.42,11.42,11.42,11.42,100,2021-08-12 17:27:00,ZENV
11.37,11.4,11.37,11.4,400,2021-08-12 17:28:00,ZENV
11.4,11.4,11.4,11.4,200,2021-08-12 17:29:00,ZENV
11.35,11.39,11.35,11.39,200,2021-08-12 17:30:00,ZENV
11.36,11.42,11.33,11.34,900,2021-08-12 17:31:00,ZENV
11.33,11.33,11.33,11.33,200,2021-08-12 17:32:00,ZENV
11.32,11.32,11.32,11.32,100,2021-08-12 17:33:00,ZENV
11.385,11.385,11.385,11.385,100,2021-08-12 17:34:00,ZENV
11.4,11.4,11.4,11.4,200,2021-08-12 17:35:00,ZENV
11.405,11.405,11.3906,11.4,300,2021-08-12 17:36:00,ZENV
11.4,11.4,11.4,11.4,100,2021-08-12 17:37:00,ZENV
11.4,11.4,11.4,11.4,100,2021-08-12 17:38:00,ZENV
11.4,11.405,11.4,11.405,443,2021-08-12 17:39:00,ZENV
11.4,11.4,11.34,11.34,200,2021-08-12 17:40:00,ZENV
11.365,11.365,11.365,11.365,200,2021-08-12 17:41:00,ZENV
11.34,11.365,11.34,11.365,200,2021-08-12 17:42:00,ZENV
11.365,11.365,11.365,11.365,100,2021-08-12 17:43:00,ZENV
11.39,11.39,11.39,11.39,100,2021-08-12 17:47:00,ZENV
11.38,11.38,11.38,11.38,100,2021-08-12 17:48:00,ZENV
11.365,11.365,11.365,11.365,100,2021-08-12 17:49:00,ZENV
11.39,11.39,11.39,11.39,100,2021-08-12 17:50:00,ZENV
11.4,11.4,11.4,11.4,200,2021-08-12 17:51:00,ZENV
11.4,11.4,11.4,11.4,100,2021-08-12 17:52:00,ZENV
11.4,11.4,11.4,11.4,100,2021-08-12 17:53:00,ZENV
11.39,11.39,11.39,11.39,100,2021-08-12 17:54:00,ZENV
11.4,11.4,11.4,11.4,100,2021-08-12 17:55:00,ZENV
11.41,11.435,11.4,11.41,1900,2021-08-12 17:56:00,ZENV
11.435,11.435,11.4,11.41,600,2021-08-12 17:57:00,ZENV
11.43,11.43,11.37,11.37,200,2021-08-12 18:00:00,ZENV
11.4,11.4,11.4,11.4,200,2021-08-12 18:01:00,ZENV
11.4,11.4,11.4,11.4,200,2021-08-12 18:02:00,ZENV
11.39,11.39,11.39,11.39,300,2021-08-12 18:03:00,ZENV
11.385,11.385,11.385,11.385,100,2021-08-12 18:04:00,ZENV
11.4,11.4,11.4,11.4,300,2021-08-12 18:05:00,ZENV
11.44,11.44,11.4,11.4,200,2021-08-12 18:06:00,ZENV
11.4,11.4,11.4,11.4,300,2021-08-12 18:07:00,ZENV
11.4,11.4,11.4,11.4,200,2021-08-12 18:08:00,ZENV
11.4,11.4,11.4,11.4,200,2021-08-12 18:10:00,ZENV
11.4,11.4,11.4,11.4,200,2021-08-12 18:11:00,ZENV
11.43,11.43,11.43,11.43,100,2021-08-12 18:12:00,ZENV
11.39,11.4,11.39,11.4,300,2021-08-12 18:13:00,ZENV
11.39,11.39,11.39,11.39,100,2021-08-12 18:14:00,ZENV
11.4,11.4,11.4,11.4,100,2021-08-12 18:17:00,ZENV
11.4,11.4,11.4,11.4,200,2021-08-12 18:18:00,ZENV
11.39,11.39,11.39,11.39,100,2021-08-12 18:19:00,ZENV
11.4,11.43,11.4,11.43,1000,2021-08-12 18:20:00,ZENV
11.4,11.43,11.4,11.4,42000,2021-08-12 18:21:00,ZENV
11.4,11.435,11.4,11.435,500,2021-08-12 18:22:00,ZENV
11.4,11.435,11.4,11.435,500,2021-08-12 18:23:00,ZENV
11.435,11.435,11.4,11.4,860,2021-08-12 18:24:00,ZENV
11.4,11.4,11.4,11.4,200,2021-08-12 18:25:00,ZENV
11.39,11.39,11.39,11.39,200,2021-08-12 18:26:00,ZENV
11.425,11.425,11.425,11.425,100,2021-08-12 18:27:00,ZENV
11.4,11.43,11.4,11.42,500,2021-08-12 18:28:00,ZENV
11.4,11.435,11.39,11.4,700,2021-08-12 18:29:00,ZENV
11.4,11.4,11.4,11.4,100,2021-08-12 18:30:00,ZENV
11.4,11.445,11.4,11.4,2216,2021-08-12 18:31:00,ZENV
11.39,11.39,11.38,11.38,700,2021-08-12 18:32:00,ZENV
11.4,11.4,11.38,11.4,600,2021-08-12 18:33:00,ZENV
11.38,11.39,11.38,11.39,900,2021-08-12 18:34:00,ZENV
11.38,11.4,11.38,11.4,400,2021-08-12 18:35:00,ZENV
11.365,11.4,11.365,11.4,400,2021-08-12 18:36:00,ZENV
11.4,11.405,11.4,11.4,500,2021-08-12 18:37:00,ZENV
11.4,11.4,11.4,11.4,600,2021-08-12 18:38:00,ZENV
11.4,11.425,11.4,11.4,500,2021-08-12 18:39:00,ZENV
11.4,11.4,11.4,11.4,400,2021-08-12 18:40:00,ZENV
11.4,11.425,11.4,11.4,600,2021-08-12 18:41:00,ZENV
11.4,11.4,11.385,11.4,400,2021-08-12 18:42:00,ZENV
11.4,11.4,11.4,11.4,200,2021-08-12 18:43:00,ZENV
11.4,11.4,11.4,11.4,300,2021-08-12 18:44:00,ZENV
11.4,11.4,11.4,11.4,700,2021-08-12 18:45:00,ZENV
11.4,11.405,11.4,11.4,600,2021-08-12 18:46:00,ZENV
11.4,11.435,11.395,11.4,1660,2021-08-12 18:47:00,ZENV
11.4,11.4,11.4,11.4,300,2021-08-12 18:48:00,ZENV
11.4,11.4,11.38,11.4,400,2021-08-12 18:49:00,ZENV
11.4,11.41,11.4,11.4,700,2021-08-12 18:50:00,ZENV
11.4,11.4,11.4,11.4,600,2021-08-12 18:51:00,ZENV
11.4,11.4,11.39,11.4,1200,2021-08-12 18:52:00,ZENV
11.4,11.44,11.4,11.44,600,2021-08-12 18:53:00,ZENV
11.4,11.4,11.4,11.4,300,2021-08-12 18:56:00,ZENV
11.4,11.4,11.4,11.4,100,2021-08-12 18:57:00,ZENV
11.44,11.44,11.38,11.38,1078,2021-08-12 18:58:00,ZENV
11.4,11.4,11.4,11.4,100,2021-08-12 18:59:00,ZENV
11.4,11.42,11.4,11.4,700,2021-08-12 19:00:00,ZENV
11.4,11.4,11.395,11.395,200,2021-08-12 19:02:00,ZENV
11.395,11.395,11.39,11.39,700,2021-08-12 19:05:00,ZENV
11.395,11.395,11.39,11.39,500,2021-08-12 19:06:00,ZENV
11.395,11.395,11.395,11.395,100,2021-08-12 19:07:00,ZENV
11.39,11.39,11.38,11.38,400,2021-08-12 19:08:00,ZENV
11.38,11.38,11.38,11.38,200,2021-08-12 19:09:00,ZENV
11.375,11.375,11.375,11.375,100,2021-08-12 19:10:00,ZENV
11.4,11.4,11.4,11.4,100,2021-08-12 19:11:00,ZENV
11.39,11.39,11.39,11.39,300,2021-08-12 19:12:00,ZENV
11.38,11.38,11.37,11.38,300,2021-08-12 19:13:00,ZENV
11.38,11.38,11.38,11.38,300,2021-08-12 19:14:00,ZENV
11.38,11.38,11.38,11.38,200,2021-08-12 19:15:00,ZENV
11.38,11.4,11.38,11.38,1200,2021-08-12 19:16:00,ZENV
11.38,11.38,11.38,11.38,200,2021-08-12 19:19:00,ZENV
11.38,11.38,11.38,11.38,400,2021-08-12 19:20:00,ZENV
11.37,11.38,11.31,11.31,1400,2021-08-12 19:21:00,ZENV
11.35,11.35,11.32,11.325,600,2021-08-12 19:22:00,ZENV
11.345,11.35,11.345,11.35,300,2021-08-12 19:23:00,ZENV
11.35,11.355,11.35,11.355,400,2021-08-12 19:24:00,ZENV
11.365,11.365,11.365,11.365,100,2021-08-12 19:25:00,ZENV
11.365,11.365,11.365,11.365,300,2021-08-12 19:26:00,ZENV
11.35,11.35,11.31,11.31,600,2021-08-12 19:27:00,ZENV
11.34,11.34,11.34,11.34,200,2021-08-12 19:28:00,ZENV
11.4,11.4,11.4,11.4,100,2021-08-12 19:30:00,ZENV
11.4,11.4,11.4,11.4,100,2021-08-12 19:31:00,ZENV
11.4,11.4,11.4,11.4,300,2021-08-12 19:33:00,ZENV
11.4,11.4,11.38,11.38,400,2021-08-12 19:34:00,ZENV
11.4,11.4,11.39,11.39,900,2021-08-12 19:35:00,ZENV
11.39,11.435,11.39,11.4,471,2021-08-12 19:36:00,ZENV
11.4,11.4,11.395,11.395,400,2021-08-12 19:37:00,ZENV
11.4,11.4,11.4,11.4,100,2021-08-12 19:38:00,ZENV
11.4,11.4,11.395,11.395,200,2021-08-12 19:39:00,ZENV
11.4,11.4,11.395,11.395,200,2021-08-12 19:40:00,ZENV
11.4,11.415,11.4,11.415,1200,2021-08-12 19:41:00,ZENV
11.42,11.42,11.4,11.4,400,2021-08-12 19:42:00,ZENV
11.4,11.4,11.4,11.4,100,2021-08-12 19:43:00,ZENV
11.4,11.415,11.4,11.4,400,2021-08-12 19:44:00,ZENV
11.4,11.4,11.4,11.4,400,2021-08-12 19:45:00,ZENV
11.4,11.415,11.38,11.38,937,2021-08-12 19:46:00,ZENV
11.395,11.4,11.395,11.4,1600,2021-08-12 19:49:00,ZENV
11.4,11.4,11.4,11.4,500,2021-08-12 19:50:00,ZENV
11.4,11.4095,11.4,11.4095,970,2021-08-12 19:51:00,ZENV
11.4,11.4,11.39,11.39,628,2021-08-12 19:52:00,ZENV
11.4,11.4,11.4,11.4,400,2021-08-12 19:53:00,ZENV
11.4,11.4,11.39,11.4,700,2021-08-12 19:54:00,ZENV
11.4,11.415,11.39,11.4,1300,2021-08-12 19:55:00,ZENV
11.4,11.415,11.4,11.4,1200,2021-08-12 19:56:00,ZENV
11.4,11.415,11.4,11.4,1200,2021-08-12 19:57:00,ZENV
11.4,11.415,11.39,11.4,2642,2021-08-12 19:58:00,ZENV
11.415,11.415,11.39,11.4,2754,2021-08-12 19:59:00,ZENV
11.49,11.49,11.49,11.49,969,2021-08-13 13:30:00,ZENV
11.24,11.24,11.24,11.24,100,2021-08-13 13:44:00,ZENV
11.0401,11.0401,11.0401,11.0401,115,2021-08-13 13:49:00,ZENV
11.345,11.345,11.345,11.345,100,2021-08-13 13:57:00,ZENV
11.25,11.25,11.25,11.25,100,2021-08-13 14:09:00,ZENV
11.4,11.4,11.3,11.3,25201,2021-08-13 14:11:00,ZENV
11.25,11.28,11.25,11.28,527,2021-08-13 14:15:00,ZENV
11.26,11.26,11.26,11.26,100,2021-08-13 14:21:00,ZENV
11.2001,11.2014,11.2,11.2014,1100,2021-08-13 14:26:00,ZENV
11.25,11.25,11.25,11.25,100,2021-08-13 14:34:00,ZENV
11.2443,11.2443,11.2443,11.2443,1000,2021-08-13 14:38:00,ZENV
11.21,11.21,11.21,11.21,100,2021-08-13 14:47:00,ZENV
11.22,11.22,11.22,11.22,100,2021-08-13 14:50:00,ZENV
11.27,11.27,11.27,11.27,400,2021-08-13 14:55:00,ZENV
11.36,11.36,11.36,11.36,45000,2021-08-13 14:56:00,ZENV
11.32,11.32,11.32,11.32,100,2021-08-13 14:59:00,ZENV
11.3,11.3,11.3,11.3,200,2021-08-13 15:00:00,ZENV
11.31,11.31,11.31,11.31,100,2021-08-13 15:01:00,ZENV
11.31,11.31,11.31,11.31,100,2021-08-13 15:02:00,ZENV
11.3,11.3,11.3,11.3,460,2021-08-13 15:03:00,ZENV
11.3,11.3,11.3,11.3,401,2021-08-13 15:06:00,ZENV
11.3,11.3,11.3,11.3,650,2021-08-13 15:12:00,ZENV
11.3,11.3,11.3,11.3,256,2021-08-13 15:13:00,ZENV
11.25,11.25,11.25,11.25,250,2021-08-13 15:19:00,ZENV
11.21,11.21,11.21,11.21,100,2021-08-13 15:26:00,ZENV
11.22,11.22,11.22,11.22,172,2021-08-13 15:31:00,ZENV
11.25,11.25,11.25,11.25,100,2021-08-13 15:40:00,ZENV
11.25,11.25,11.25,11.25,100,2021-08-13 15:54:00,ZENV
11.25,11.25,11.25,11.25,200,2021-08-13 15:55:00,ZENV
11.25,11.26,11.25,11.2552,592,2021-08-13 15:56:00,ZENV
11.3,11.3,11.3,11.3,100,2021-08-13 15:58:00,ZENV
11.3,11.3,11.235,11.235,200,2021-08-13 16:01:00,ZENV
11.25,11.25,11.25,11.25,100,2021-08-13 16:10:00,ZENV
11.28,11.28,11.28,11.28,100,2021-08-13 16:24:00,ZENV
11.37,11.37,11.37,11.37,100,2021-08-13 16:56:00,ZENV
11.37,11.37,11.37,11.37,100,2021-08-13 17:11:00,ZENV
11.28,11.28,11.28,11.28,100,2021-08-13 17:27:00,ZENV
11.414,11.414,11.414,11.414,100,2021-08-13 17:32:00,ZENV
11.37,11.37,11.37,11.37,500,2021-08-13 17:42:00,ZENV
11.37,11.37,11.37,11.37,100,2021-08-13 17:43:00,ZENV
11.355,11.355,11.355,11.355,100,2021-08-13 17:58:00,ZENV
11.29,11.29,11.29,11.29,100,2021-08-13 18:12:00,ZENV
11.38,11.38,11.38,11.38,100,2021-08-13 18:20:00,ZENV
11.3,11.3,11.3,11.3,100,2021-08-13 18:23:00,ZENV
11.34,11.34,11.3305,11.3305,200,2021-08-13 18:33:00,ZENV
11.33,11.33,11.33,11.33,100,2021-08-13 18:34:00,ZENV
11.33,11.33,11.33,11.33,100,2021-08-13 18:36:00,ZENV
11.31,11.31,11.31,11.31,100,2021-08-13 18:49:00,ZENV
11.31,11.31,11.31,11.31,100,2021-08-13 19:03:00,ZENV
11.4,11.4,11.39,11.39,500,2021-08-13 19:10:00,ZENV
11.4,11.4,11.35,11.35,200,2021-08-13 19:11:00,ZENV
11.34,11.38,11.31,11.36,2500,2021-08-13 19:19:00,ZENV
11.26,11.26,11.26,11.26,100,2021-08-13 19:21:00,ZENV
11.26,11.26,11.26,11.26,100,2021-08-13 19:24:00,ZENV
11.325,11.325,11.325,11.325,100,2021-08-13 19:25:00,ZENV
11.325,11.38,11.325,11.38,200,2021-08-13 19:35:00,ZENV
11.37,11.39,11.265,11.28,1800,2021-08-13 19:39:00,ZENV
11.29,11.38,11.29,11.38,1600,2021-08-13 19:40:00,ZENV
11.37,11.38,11.37,11.37,3977,2021-08-13 19:41:00,ZENV
11.37,11.38,11.37,11.38,200,2021-08-13 19:42:00,ZENV
11.33,11.33,11.33,11.33,100,2021-08-13 19:43:00,ZENV
11.27,11.27,11.27,11.27,100,2021-08-13 19:44:00,ZENV
11.27,11.27,11.27,11.27,100,2021-08-13 19:46:00,ZENV
11.28,11.28,11.28,11.28,100,2021-08-13 19:48:00,ZENV
11.32,11.32,11.32,11.32,100,2021-08-13 19:50:00,ZENV
11.33,11.33,11.33,11.33,100,2021-08-13 19:55:00,ZENV
11.32,11.32,11.32,11.32,100,2021-08-13 19:57:00,ZENV
11.33,11.35,11.33,11.345,1300,2021-08-13 19:59:00,ZENV
11.39,11.39,11.39,11.39,1201,2021-08-13 20:00:00,ZENV
11.45,11.45,11.45,11.45,149,2021-08-16 11:00:00,ZENV
11.74,11.74,11.74,11.74,100,2021-08-16 11:42:00,ZENV
11.74,11.74,11.74,11.74,600,2021-08-16 11:47:00,ZENV
11.75,11.75,11.75,11.75,100,2021-08-16 12:37:00,ZENV
11.75,11.75,11.75,11.75,100,2021-08-16 13:16:00,ZENV
11.77,11.79,11.6,11.63,7037,2021-08-16 13:30:00,ZENV
11.76,11.84,11.76,11.815,27495,2021-08-16 13:31:00,ZENV
11.825,11.84,11.75,11.81,65900,2021-08-16 13:32:00,ZENV
11.81,11.85,11.8,11.8289,3570,2021-08-16 13:33:00,ZENV
11.83,11.97,11.825,11.95,5537,2021-08-16 13:34:00,ZENV
11.95,12.0,11.89,11.9,11843,2021-08-16 13:35:00,ZENV
11.965,12.18,11.935,12.18,9931,2021-08-16 13:36:00,ZENV
12.1454,12.18,12.1454,12.178,1300,2021-08-16 13:37:00,ZENV
12.1899,12.1899,12.14,12.1799,600,2021-08-16 13:38:00,ZENV
12.135,12.19,12.135,12.19,4250,2021-08-16 13:39:00,ZENV
12.17,12.33,12.1334,12.275,4500,2021-08-16 13:40:00,ZENV
12.3199,12.3199,12.2717,12.2717,600,2021-08-16 13:41:00,ZENV
12.31,12.31,12.295,12.31,400,2021-08-16 13:42:00,ZENV
12.3154,12.33,12.285,12.3,2631,2021-08-16 13:43:00,ZENV
12.3,12.3,12.25,12.25,1550,2021-08-16 13:44:00,ZENV
12.19,12.19,12.19,12.19,200,2021-08-16 13:45:00,ZENV
12.245,12.245,12.2,12.245,1400,2021-08-16 13:46:00,ZENV
12.2,12.2,12.19,12.19,200,2021-08-16 13:47:00,ZENV
12.19,12.19,12.19,12.19,100,2021-08-16 13:48:00,ZENV
12.17,12.17,12.17,12.17,100,2021-08-16 13:49:00,ZENV
12.215,12.32,12.11,12.17,8325,2021-08-16 13:50:00,ZENV
12.17,12.215,12.1023,12.17,2114,2021-08-16 13:51:00,ZENV
12.17,12.17,12.17,12.17,100,2021-08-16 13:52:00,ZENV
12.169,12.215,12.169,12.205,2758,2021-08-16 13:53:00,ZENV
12.18,12.18,12.17,12.17,200,2021-08-16 13:54:00,ZENV
12.17,12.2,12.16,12.2,1390,2021-08-16 13:55:00,ZENV
12.155,12.155,12.155,12.155,200,2021-08-16 13:56:00,ZENV
12.155,12.155,12.15,12.15,200,2021-08-16 13:57:00,ZENV
12.15,12.19,12.15,12.19,1230,2021-08-16 13:58:00,ZENV
12.19,12.29,12.19,12.23,1900,2021-08-16 14:00:00,ZENV
12.255,12.2568,12.255,12.2568,1100,2021-08-16 14:01:00,ZENV
12.23,12.44,12.23,12.43,9880,2021-08-16 14:02:00,ZENV
12.44,12.5701,12.44,12.5701,4725,2021-08-16 14:03:00,ZENV
12.51,12.77,12.33,12.33,12291,2021-08-16 14:04:00,ZENV
12.54,12.54,12.54,12.54,100,2021-08-16 14:05:00,ZENV
12.54,12.54,12.4,12.4,1750,2021-08-16 14:06:00,ZENV
12.52,12.52,12.52,12.52,100,2021-08-16 14:07:00,ZENV
12.5309,12.5309,12.5309,12.5309,104,2021-08-16 14:08:00,ZENV
12.475,12.475,12.475,12.475,500,2021-08-16 14:09:00,ZENV
12.54,12.76,12.485,12.6661,12526,2021-08-16 14:10:00,ZENV
12.72,12.74,12.55,12.58,12670,2021-08-16 14:11:00,ZENV
12.5926,12.69,12.58,12.58,3550,2021-08-16 14:12:00,ZENV
12.67,12.67,12.58,12.59,2450,2021-08-16 14:13:00,ZENV
12.5818,12.5818,12.57,12.57,250,2021-08-16 14:14:00,ZENV
12.58,12.59,12.57,12.58,1000,2021-08-16 14:15:00,ZENV
12.56,12.57,12.39,12.39,8594,2021-08-16 14:16:00,ZENV
12.2301,12.2301,12.2301,12.2301,627,2021-08-16 14:17:00,ZENV
12.37,12.39,12.37,12.39,3963,2021-08-16 14:18:00,ZENV
12.315,12.315,12.31,12.31,300,2021-08-16 14:19:00,ZENV
12.3,12.3,12.3,12.3,200,2021-08-16 14:21:00,ZENV
12.24,12.39,12.24,12.39,200,2021-08-16 14:22:00,ZENV
12.25,12.43,12.25,12.43,200,2021-08-16 14:23:00,ZENV
12.42,12.55,12.39,12.55,7693,2021-08-16 14:24:00,ZENV
12.51,12.58,12.51,12.545,1215,2021-08-16 14:25:00,ZENV
12.62,12.699,12.55,12.6119,6457,2021-08-16 14:26:00,ZENV
12.605,12.61,12.51,12.61,1929,2021-08-16 14:27:00,ZENV
12.6,12.6,12.6,12.6,200,2021-08-16 14:28:00,ZENV
12.6,12.6,12.6,12.6,300,2021-08-16 14:29:00,ZENV
12.54,12.54,12.54,12.54,300,2021-08-16 14:30:00,ZENV
12.6,12.6,12.52,12.52,1700,2021-08-16 14:32:00,ZENV
12.5174,12.52,12.5174,12.52,1100,2021-08-16 14:34:00,ZENV
12.54,12.54,12.5114,12.52,1862,2021-08-16 14:35:00,ZENV
12.55,12.59,12.55,12.59,200,2021-08-16 14:36:00,ZENV
12.55,12.6,12.55,12.57,1014,2021-08-16 14:37:00,ZENV
12.57,12.57,12.555,12.555,774,2021-08-16 14:38:00,ZENV
12.59,12.59,12.53,12.53,900,2021-08-16 14:39:00,ZENV
12.55,12.57,12.55,12.56,600,2021-08-16 14:40:00,ZENV
12.56,12.56,12.56,12.56,100,2021-08-16 14:41:00,ZENV
12.5276,12.55,12.5276,12.55,650,2021-08-16 14:42:00,ZENV
12.575,12.575,12.51,12.52,4001,2021-08-16 14:43:00,ZENV
12.52,12.52,12.42,12.42,18471,2021-08-16 14:44:00,ZENV
12.455,12.52,12.455,12.5,3512,2021-08-16 14:45:00,ZENV
12.465,12.465,12.465,12.465,100,2021-08-16 14:47:00,ZENV
12.465,12.4738,12.465,12.4738,700,2021-08-16 14:48:00,ZENV
12.465,12.465,12.465,12.465,200,2021-08-16 14:49:00,ZENV
12.51,12.51,12.51,12.51,800,2021-08-16 14:50:00,ZENV
12.5,12.5025,12.48,12.48,1610,2021-08-16 14:51:00,ZENV
12.495,12.495,12.48,12.495,2011,2021-08-16 14:53:00,ZENV
12.48,12.495,12.48,12.495,200,2021-08-16 14:54:00,ZENV
12.48,12.48,12.42,12.42,400,2021-08-16 14:55:00,ZENV
12.42,12.42,12.4101,12.4101,300,2021-08-16 14:56:00,ZENV
12.41,12.44,12.38,12.38,1971,2021-08-16 14:57:00,ZENV
12.39,12.39,12.39,12.39,200,2021-08-16 14:58:00,ZENV
12.39,12.39,12.36,12.36,300,2021-08-16 14:59:00,ZENV
12.36,12.42,12.35,12.42,620,2021-08-16 15:00:00,ZENV
12.38,12.38,12.33,12.38,1200,2021-08-16 15:01:00,ZENV
12.34,12.465,12.34,12.465,756,2021-08-16 15:02:00,ZENV
12.5,12.5,12.5,12.5,100,2021-08-16 15:03:00,ZENV
12.39,12.44,12.36,12.42,829,2021-08-16 15:05:00,ZENV
12.37,12.38,12.36,12.36,6407,2021-08-16 15:06:00,ZENV
12.36,12.37,12.355,12.36,700,2021-08-16 15:07:00,ZENV
12.34,12.34,12.34,12.34,100,2021-08-16 15:09:00,ZENV
12.405,12.41,12.34,12.41,300,2021-08-16 15:10:00,ZENV
12.35,12.405,12.33,12.33,479,2021-08-16 15:11:00,ZENV
12.4699,12.4699,12.36,12.36,1100,2021-08-16 15:12:00,ZENV
12.36,12.365,12.34,12.34,408,2021-08-16 15:13:00,ZENV
12.3,12.35,12.3,12.35,200,2021-08-16 15:14:00,ZENV
12.375,12.375,12.35,12.375,400,2021-08-16 15:15:00,ZENV
12.32,12.32,12.32,12.32,100,2021-08-16 15:16:00,ZENV
12.31,12.395,12.31,12.395,200,2021-08-16 15:17:00,ZENV
12.4,12.4,12.32,12.32,200,2021-08-16 15:18:00,ZENV
12.37,12.37,12.31,12.37,1700,2021-08-16 15:19:00,ZENV
12.37,12.37,12.28,12.28,3600,2021-08-16 15:20:00,ZENV
12.29,12.39,12.29,12.39,1309,2021-08-16 15:21:00,ZENV
12.34,12.34,12.34,12.34,100,2021-08-16 15:24:00,ZENV
12.3,12.3,12.3,12.3,100,2021-08-16 15:25:00,ZENV
12.28,12.28,12.28,12.28,100,2021-08-16 15:26:00,ZENV
12.28,12.34,12.28,12.34,2386,2021-08-16 15:27:00,ZENV
12.3844,12.3844,12.28,12.33,300,2021-08-16 15:28:00,ZENV
12.28,12.28,12.28,12.28,500,2021-08-16 15:29:00,ZENV
12.25,12.285,12.2,12.2,691,2021-08-16 15:30:00,ZENV
12.26,12.26,12.26,12.26,100,2021-08-16 15:31:00,ZENV
12.26,12.26,12.26,12.26,100,2021-08-16 15:32:00,ZENV
12.26,12.26,12.26,12.26,214,2021-08-16 15:33:00,ZENV
12.26,12.26,12.26,12.26,100,2021-08-16 15:34:00,ZENV
12.26,12.26,12.26,12.26,100,2021-08-16 15:35:00,ZENV
12.26,12.31,12.21,12.21,700,2021-08-16 15:36:00,ZENV
12.26,12.26,12.26,12.26,200,2021-08-16 15:37:00,ZENV
12.26,12.26,12.26,12.26,100,2021-08-16 15:38:00,ZENV
12.26,12.26,12.26,12.26,100,2021-08-16 15:39:00,ZENV
12.26,12.26,12.26,12.26,100,2021-08-16 15:40:00,ZENV
12.26,12.26,12.26,12.26,100,2021-08-16 15:41:00,ZENV
12.265,12.265,12.265,12.265,100,2021-08-16 15:42:00,ZENV
12.265,12.295,12.21,12.295,900,2021-08-16 15:43:00,ZENV
12.295,12.295,12.295,12.295,100,2021-08-16 15:44:00,ZENV
12.295,12.295,12.295,12.295,100,2021-08-16 15:45:00,ZENV
12.29,12.29,12.29,12.29,100,2021-08-16 15:46:00,ZENV
12.29,12.29,12.29,12.29,100,2021-08-16 15:47:00,ZENV
12.28,12.28,12.28,12.28,100,2021-08-16 15:48:00,ZENV
12.28,12.28,12.28,12.28,100,2021-08-16 15:49:00,ZENV
12.275,12.2988,12.25,12.27,4100,2021-08-16 15:50:00,ZENV
12.27,12.2747,12.25,12.25,1218,2021-08-16 15:51:00,ZENV
12.22,12.22,12.22,12.22,100,2021-08-16 15:52:00,ZENV
12.22,12.22,12.22,12.22,100,2021-08-16 15:53:00,ZENV
12.235,12.235,12.235,12.235,100,2021-08-16 15:54:00,ZENV
12.245,12.245,12.245,12.245,200,2021-08-16 15:55:00,ZENV
12.245,12.27,12.24,12.25,1409,2021-08-16 15:56:00,ZENV
12.24,12.24,12.24,12.24,100,2021-08-16 15:58:00,ZENV
12.25,12.25,12.25,12.25,100,2021-08-16 15:59:00,ZENV
12.265,12.27,12.265,12.27,600,2021-08-16 16:00:00,ZENV
12.27,12.27,12.27,12.27,300,2021-08-16 16:01:00,ZENV
12.275,12.275,12.26,12.26,1000,2021-08-16 16:02:00,ZENV
12.275,12.275,12.26,12.26,200,2021-08-16 16:03:00,ZENV
12.275,12.275,12.275,12.275,100,2021-08-16 16:04:00,ZENV
12.275,12.275,12.27,12.27,200,2021-08-16 16:05:00,ZENV
12.27,12.29,12.27,12.29,1211,2021-08-16 16:06:00,ZENV
12.28,12.33,12.28,12.33,2620,2021-08-16 16:07:00,ZENV
12.33,12.45,12.33,12.45,8520,2021-08-16 16:08:00,ZENV
12.425,12.425,12.35,12.35,2023,2021-08-16 16:09:00,ZENV
12.375,12.4499,12.3506,12.4499,970,2021-08-16 16:10:00,ZENV
12.36,12.405,12.35,12.375,1942,2021-08-16 16:11:00,ZENV
12.35,12.35,12.35,12.35,500,2021-08-16 16:12:00,ZENV
12.33,12.3494,12.26,12.31,2400,2021-08-16 16:13:00,ZENV
12.29,12.29,12.29,12.29,200,2021-08-16 16:15:00,ZENV
12.33,12.33,12.33,12.33,926,2021-08-16 16:16:00,ZENV
12.3,12.3,12.3,12.3,200,2021-08-16 16:17:00,ZENV
12.31,12.31,12.3,12.3,200,2021-08-16 16:18:00,ZENV
12.36,12.36,12.3,12.31,500,2021-08-16 16:20:00,ZENV
12.3,12.36,12.3,12.36,300,2021-08-16 16:21:00,ZENV
12.36,12.36,12.3,12.3,400,2021-08-16 16:22:00,ZENV
12.3431,12.3431,12.31,12.31,1151,2021-08-16 16:23:00,ZENV
12.34,12.35,12.31,12.31,5942,2021-08-16 16:24:00,ZENV
12.32,12.325,12.2951,12.2951,1104,2021-08-16 16:26:00,ZENV
12.295,12.295,12.295,12.295,100,2021-08-16 16:27:00,ZENV
12.295,12.295,12.295,12.295,200,2021-08-16 16:28:00,ZENV
12.31,12.31,12.295,12.295,300,2021-08-16 16:30:00,ZENV
12.295,12.295,12.26,12.26,200,2021-08-16 16:32:00,ZENV
12.295,12.295,12.295,12.295,127,2021-08-16 16:33:00,ZENV
12.295,12.295,12.26,12.26,300,2021-08-16 16:34:00,ZENV
12.295,12.295,12.26,12.26,200,2021-08-16 16:36:00,ZENV
12.295,12.3,12.26,12.3,300,2021-08-16 16:38:00,ZENV
12.316,12.316,12.28,12.28,700,2021-08-16 16:40:00,ZENV
12.3,12.32,12.285,12.29,900,2021-08-16 16:42:00,ZENV
12.3,12.3,12.3,12.3,200,2021-08-16 16:43:00,ZENV
12.285,12.3199,12.285,12.3199,949,2021-08-16 16:44:00,ZENV
12.3,12.3,12.3,12.3,300,2021-08-16 16:45:00,ZENV
12.3,12.31,12.25,12.25,6357,2021-08-16 16:46:00,ZENV
12.25,12.25,12.16,12.16,4060,2021-08-16 16:48:00,ZENV
12.16,12.16,12.05,12.05,5084,2021-08-16 16:49:00,ZENV
12.045,12.045,11.91,11.91,7452,2021-08-16 16:50:00,ZENV
11.9047,11.9047,11.9047,11.9047,100,2021-08-16 16:51:00,ZENV
11.96,11.96,11.955,11.955,200,2021-08-16 16:52:00,ZENV
11.98,11.98,11.91,11.91,880,2021-08-16 16:53:00,ZENV
11.91,11.91,11.91,11.91,200,2021-08-16 16:54:00,ZENV
11.9299,11.9299,11.83,11.83,1200,2021-08-16 16:55:00,ZENV
11.82,11.82,11.82,11.82,200,2021-08-16 16:56:00,ZENV
11.8,11.86,11.8,11.86,800,2021-08-16 16:57:00,ZENV
11.81,11.81,11.81,11.81,150,2021-08-16 16:58:00,ZENV
11.82,11.83,11.82,11.83,200,2021-08-16 16:59:00,ZENV
11.86,11.86,11.86,11.86,100,2021-08-16 17:00:00,ZENV
11.84,11.84,11.84,11.84,200,2021-08-16 17:01:00,ZENV
11.88,11.88,11.83,11.8784,496,2021-08-16 17:03:00,ZENV
11.83,11.83,11.83,11.83,200,2021-08-16 17:04:00,ZENV
11.89,11.89,11.83,11.88,1377,2021-08-16 17:05:00,ZENV
11.99,11.99,11.99,11.99,1000,2021-08-16 17:06:00,ZENV
11.895,11.895,11.895,11.895,118,2021-08-16 17:07:00,ZENV
11.95,11.95,11.95,11.95,200,2021-08-16 17:09:00,ZENV
11.84,11.84,11.8,11.8,200,2021-08-16 17:11:00,ZENV
11.81,11.81,11.81,11.81,100,2021-08-16 17:12:00,ZENV
11.81,11.81,11.81,11.81,100,2021-08-16 17:13:00,ZENV
11.81,11.94,11.81,11.94,300,2021-08-16 17:14:00,ZENV
11.86,11.97,11.86,11.9,400,2021-08-16 17:15:00,ZENV
11.83,11.96,11.83,11.96,300,2021-08-16 17:16:00,ZENV
11.81,11.97,11.81,11.95,2500,2021-08-16 17:17:00,ZENV
11.89,11.97,11.86,11.86,528,2021-08-16 17:18:00,ZENV
11.95,11.98,11.86,11.96,1300,2021-08-16 17:19:00,ZENV
11.885,11.95,11.885,11.95,300,2021-08-16 17:20:00,ZENV
11.885,11.96,11.885,11.96,400,2021-08-16 17:21:00,ZENV
11.87,11.96,11.87,11.94,300,2021-08-16 17:22:00,ZENV
11.86,11.96,11.86,11.96,300,2021-08-16 17:23:00,ZENV
11.905,11.95,11.905,11.95,200,2021-08-16 17:24:00,ZENV
11.9,11.94,11.9,11.94,200,2021-08-16 17:25:00,ZENV
11.81,11.94,11.81,11.94,300,2021-08-16 17:26:00,ZENV
11.87,11.87,11.87,11.87,100,2021-08-16 17:27:00,ZENV
11.905,11.96,11.86,11.95,1648,2021-08-16 17:29:00,ZENV
11.95,11.98,11.91,11.98,300,2021-08-16 17:32:00,ZENV
11.9,11.95,11.9,11.95,200,2021-08-16 17:33:00,ZENV
11.91,11.99,11.91,11.99,200,2021-08-16 17:34:00,ZENV
11.97,12.0,11.92,12.0,11215,2021-08-16 17:35:00,ZENV
12.05,12.05,12.05,12.05,200,2021-08-16 17:36:00,ZENV
12.065,12.065,12.0,12.03,815,2021-08-16 17:38:00,ZENV
12.005,12.005,12.005,12.005,500,2021-08-16 17:39:00,ZENV
12.005,12.005,12.005,12.005,100,2021-08-16 17:40:00,ZENV
12.005,12.005,12.005,12.005,300,2021-08-16 17:41:00,ZENV
12.04,12.04,12.04,12.04,200,2021-08-16 17:42:00,ZENV
12.035,12.035,12.035,12.035,200,2021-08-16 17:44:00,ZENV
12.04,12.04,12.04,12.04,110,2021-08-16 17:45:00,ZENV
12.04,12.1,12.04,12.1,700,2021-08-16 17:46:00,ZENV
11.975,11.975,11.85,11.975,530,2021-08-16 17:48:00,ZENV
11.97,11.97,11.97,11.97,100,2021-08-16 17:49:00,ZENV
11.97,11.97,11.97,11.97,200,2021-08-16 17:50:00,ZENV
11.97,11.97,11.97,11.97,200,2021-08-16 17:52:00,ZENV
11.95,11.95,11.95,11.95,200,2021-08-16 17:54:00,ZENV
11.945,11.945,11.945,11.945,100,2021-08-16 17:55:00,ZENV
11.945,12.0328,11.945,12.0328,1200,2021-08-16 17:56:00,ZENV
11.965,12.0882,11.965,12.0882,492,2021-08-16 17:58:00,ZENV
11.93,11.93,11.92,11.92,219,2021-08-16 18:00:00,ZENV
12.002,12.0499,11.915,12.0499,1209,2021-08-16 18:01:00,ZENV
11.935,11.96,11.935,11.96,200,2021-08-16 18:03:00,ZENV
11.91,11.91,11.91,11.91,100,2021-08-16 18:04:00,ZENV
11.9,11.9,11.9,11.9,100,2021-08-16 18:05:00,ZENV
11.9,11.9,11.9,11.9,100,2021-08-16 18:06:00,ZENV
11.9,12.0,11.9,12.0,1800,2021-08-16 18:07:00,ZENV
11.97,11.97,11.945,11.945,600,2021-08-16 18:08:00,ZENV
11.945,11.945,11.945,11.945,100,2021-08-16 18:10:00,ZENV
11.965,11.965,11.95,11.95,200,2021-08-16 18:11:00,ZENV
11.965,12.04,11.965,12.03,1700,2021-08-16 18:12:00,ZENV
12.03,12.03,12.03,12.03,200,2021-08-16 18:13:00,ZENV
12.04,12.04,12.015,12.015,2080,2021-08-16 18:14:00,ZENV
12.035,12.17,12.035,12.14,2253,2021-08-16 18:15:00,ZENV
12.125,12.125,12.125,12.125,100,2021-08-16 18:16:00,ZENV
12.06,12.06,12.06,12.06,100,2021-08-16 18:17:00,ZENV
12.05,12.05,12.05,12.05,802,2021-08-16 18:18:00,ZENV
11.86,11.93,11.86,11.93,200,2021-08-16 18:20:00,ZENV
11.87,12.025,11.87,12.025,500,2021-08-16 18:21:00,ZENV
11.945,11.945,11.93,11.93,319,2021-08-16 18:22:00,ZENV
11.97,12.04,11.91,11.91,800,2021-08-16 18:23:00,ZENV
11.92,11.925,11.92,11.925,200,2021-08-16 18:24:00,ZENV
11.82,11.95,11.82,11.95,200,2021-08-16 18:25:00,ZENV
11.895,11.895,11.89,11.89,207,2021-08-16 18:26:00,ZENV
11.895,12.085,11.895,12.085,1300,2021-08-16 18:27:00,ZENV
12.0,12.0,12.0,12.0,1143,2021-08-16 18:28:00,ZENV
12.0,12.0,11.99,11.99,426,2021-08-16 18:29:00,ZENV
12.0,12.0,12.0,12.0,1165,2021-08-16 18:30:00,ZENV
12.0,12.0,12.0,12.0,100,2021-08-16 18:31:00,ZENV
11.94,11.94,11.85,11.85,200,2021-08-16 18:32:00,ZENV
11.94,11.94,11.94,11.94,100,2021-08-16 18:33:00,ZENV
11.94,11.94,11.94,11.94,200,2021-08-16 18:34:00,ZENV
11.935,11.935,11.935,11.935,100,2021-08-16 18:35:00,ZENV
11.95,11.95,11.94,11.94,200,2021-08-16 18:36:00,ZENV
11.94,11.95,11.94,11.94,313,2021-08-16 18:37:00,ZENV
11.95,11.95,11.935,11.935,200,2021-08-16 18:38:00,ZENV
11.935,11.95,11.935,11.95,200,2021-08-16 18:39:00,ZENV
11.95,11.96,11.905,11.96,1024,2021-08-16 18:40:00,ZENV
12.0,12.05,12.0,12.05,800,2021-08-16 18:41:00,ZENV
12.03,12.0395,12.0,12.0395,1400,2021-08-16 18:42:00,ZENV
12.09,12.11,12.0,12.11,656,2021-08-16 18:43:00,ZENV
12.05,12.05,12.0499,12.0499,987,2021-08-16 18:44:00,ZENV
12.045,12.045,12.045,12.045,100,2021-08-16 18:47:00,ZENV
12.045,12.045,12.045,12.045,100,2021-08-16 18:48:00,ZENV
12.1,12.1,12.1,12.1,100,2021-08-16 18:49:00,ZENV
12.02,12.02,12.02,12.02,100,2021-08-16 18:50:00,ZENV
12.065,12.11,12.065,12.11,200,2021-08-16 18:51:00,ZENV
12.065,12.065,12.065,12.065,100,2021-08-16 18:52:00,ZENV
12.065,12.065,12.065,12.065,100,2021-08-16 18:53:00,ZENV
12.12,12.15,12.11,12.15,914,2021-08-16 18:54:00,ZENV
12.11,12.11,12.11,12.11,100,2021-08-16 18:55:00,ZENV
12.11,12.15,12.11,12.15,522,2021-08-16 18:56:00,ZENV
12.1165,12.1165,12.1165,12.1165,312,2021-08-16 18:57:00,ZENV
12.145,12.18,12.145,12.18,1470,2021-08-16 18:59:00,ZENV
12.135,12.135,12.135,12.135,200,2021-08-16 19:00:00,ZENV
12.135,12.15,12.135,12.135,1129,2021-08-16 19:01:00,ZENV
12.135,12.135,12.135,12.135,300,2021-08-16 19:02:00,ZENV
12.11,12.11,12.11,12.11,100,2021-08-16 19:03:00,ZENV
12.005,12.005,12.005,12.005,100,2021-08-16 19:04:00,ZENV
12.0,12.04,12.0,12.015,400,2021-08-16 19:05:00,ZENV
12.04,12.065,12.04,12.065,1000,2021-08-16 19:06:00,ZENV
12.005,12.005,12.005,12.005,200,2021-08-16 19:08:00,ZENV
12.0,12.0,12.0,12.0,300,2021-08-16 19:09:00,ZENV
12.005,12.085,12.005,12.085,1100,2021-08-16 19:11:00,ZENV
12.075,12.1,12.075,12.1,600,2021-08-16 19:12:00,ZENV
12.17,12.17,12.17,12.17,885,2021-08-16 19:13:00,ZENV
12.115,12.15,12.115,12.15,1298,2021-08-16 19:15:00,ZENV
12.11,12.15,12.11,12.15,300,2021-08-16 19:16:00,ZENV
12.15,12.15,12.15,12.15,100,2021-08-16 19:17:00,ZENV
12.075,12.075,12.075,12.075,100,2021-08-16 19:18:00,ZENV
12.075,12.15,12.075,12.15,2100,2021-08-16 19:19:00,ZENV
12.13,12.175,12.1,12.1,700,2021-08-16 19:20:00,ZENV
12.055,12.055,12.055,12.055,100,2021-08-16 19:22:00,ZENV
12.055,12.1,12.05,12.08,1039,2021-08-16 19:23:00,ZENV
12.1,12.1,12.08,12.08,581,2021-08-16 19:24:00,ZENV
12.08,12.1,12.08,12.09,2265,2021-08-16 19:25:00,ZENV
12.09,12.14,12.07,12.115,75718,2021-08-16 19:27:00,ZENV
12.1,12.1,12.1,12.1,600,2021-08-16 19:28:00,ZENV
12.105,12.12,12.07,12.07,1791,2021-08-16 19:29:00,ZENV
12.0369,12.065,12.0369,12.065,917,2021-08-16 19:30:00,ZENV
12.04,12.0999,12.04,12.0999,248,2021-08-16 19:31:00,ZENV
12.0989,12.0989,12.0989,12.0989,707,2021-08-16 19:32:00,ZENV
12.065,12.065,12.065,12.065,331,2021-08-16 19:33:00,ZENV
12.065,12.065,12.065,12.065,100,2021-08-16 19:34:00,ZENV
12.065,12.09,12.065,12.065,300,2021-08-16 19:35:00,ZENV
12.065,12.15,12.065,12.15,1119,2021-08-16 19:36:00,ZENV
12.15,12.15,12.14,12.14,300,2021-08-16 19:37:00,ZENV
12.14,12.15,12.1,12.15,300,2021-08-16 19:38:00,ZENV
12.14,12.14,12.14,12.14,200,2021-08-16 19:39:00,ZENV
12.14,12.16,12.14,12.16,300,2021-08-16 19:40:00,ZENV
12.19,12.25,12.19,12.2387,2302,2021-08-16 19:41:00,ZENV
12.27,12.27,12.19,12.25,1891,2021-08-16 19:43:00,ZENV
12.2,12.2113,12.2,12.205,700,2021-08-16 19:44:00,ZENV
12.205,12.205,12.195,12.195,300,2021-08-16 19:45:00,ZENV
12.2,12.2,12.2,12.2,200,2021-08-16 19:46:00,ZENV
12.2,12.21,12.2,12.21,200,2021-08-16 19:47:00,ZENV
12.24,12.24,12.2,12.205,777,2021-08-16 19:48:00,ZENV
12.205,12.23,12.205,12.23,800,2021-08-16 19:49:00,ZENV
12.27,12.31,12.27,12.3,4376,2021-08-16 19:50:00,ZENV
12.28,12.28,12.24,12.24,1231,2021-08-16 19:51:00,ZENV
12.24,12.28,12.24,12.24,500,2021-08-16 19:52:00,ZENV
12.2,12.3,12.11,12.11,13409,2021-08-16 19:53:00,ZENV
12.14,12.26,12.13,12.23,8728,2021-08-16 19:54:00,ZENV
12.26,12.28,12.23,12.25,8537,2021-08-16 19:55:00,ZENV
12.245,12.3,12.245,12.265,1428,2021-08-16 19:56:00,ZENV
12.3073,12.3299,12.28,12.31,5206,2021-08-16 19:57:00,ZENV
12.34,12.49,12.33,12.42,10698,2021-08-16 19:58:00,ZENV
12.42,12.6,12.41,12.5,18748,2021-08-16 19:59:00,ZENV
12.49,12.49,12.49,12.49,3523,2021-08-16 20:00:00,ZENV
12.45,12.45,12.45,12.45,100,2021-08-16 20:30:00,ZENV
12.49,12.49,12.49,12.49,900,2021-08-16 20:56:00,ZENV
12.31,12.31,12.31,12.31,6100,2021-08-16 21:02:00,ZENV
12.4901,12.4901,12.31,12.31,4209,2021-08-16 21:03:00,ZENV
12.4899,12.4899,12.48,12.48,355,2021-08-17 12:19:00,ZENV
12.49,12.49,12.49,12.49,199,2021-08-17 12:30:00,ZENV
12.26,12.26,12.26,12.26,2217,2021-08-17 13:30:00,ZENV
12.15,12.15,12.15,12.15,100,2021-08-17 13:33:00,ZENV
12.35,12.443,12.35,12.443,1125,2021-08-17 13:34:00,ZENV
12.4692,12.4692,12.4692,12.4692,1250,2021-08-17 13:35:00,ZENV
12.2606,12.2606,12.2606,12.2606,6000,2021-08-17 13:37:00,ZENV
12.54,12.55,12.29,12.335,8830,2021-08-17 13:38:00,ZENV
12.29,12.43,12.14,12.43,3057,2021-08-17 13:39:00,ZENV
12.41,12.41,12.41,12.41,100,2021-08-17 13:49:00,ZENV
12.445,12.445,12.34,12.42,3551,2021-08-17 13:50:00,ZENV
12.355,12.355,12.355,12.355,200,2021-08-17 13:51:00,ZENV
12.32,12.32,12.32,12.32,100,2021-08-17 14:02:00,ZENV
12.34,12.34,12.33,12.33,600,2021-08-17 14:05:00,ZENV
12.35,12.55,12.35,12.55,1600,2021-08-17 14:08:00,ZENV
12.5369,12.5369,12.5369,12.5369,100,2021-08-17 14:09:00,ZENV
12.5,12.5362,12.5,12.53,1700,2021-08-17 14:10:00,ZENV
12.53,12.53,12.53,12.53,132,2021-08-17 14:11:00,ZENV
12.53,12.53,12.53,12.53,200,2021-08-17 14:12:00,ZENV
12.5499,12.5499,12.53,12.53,1100,2021-08-17 14:15:00,ZENV
12.5,12.5,12.438,12.438,1569,2021-08-17 14:16:00,ZENV
12.49,12.49,12.43,12.4309,883,2021-08-17 14:17:00,ZENV
12.42,12.42,12.42,12.42,600,2021-08-17 14:19:00,ZENV
12.4101,12.4101,12.4101,12.4101,700,2021-08-17 14:21:00,ZENV
12.2601,12.42,12.2601,12.42,1784,2021-08-17 14:23:00,ZENV
12.35,12.35,12.35,12.35,200,2021-08-17 14:24:00,ZENV
12.39,12.39,12.39,12.39,400,2021-08-17 14:25:00,ZENV
12.42,12.62,12.42,12.61,13244,2021-08-17 14:26:00,ZENV
12.545,12.62,12.545,12.6,5834,2021-08-17 14:28:00,ZENV
12.66,12.77,12.66,12.7053,850,2021-08-17 14:29:00,ZENV
12.68,12.77,12.68,12.7375,5474,2021-08-17 14:30:00,ZENV
12.67,13.0,12.67,12.97,14205,2021-08-17 14:31:00,ZENV
12.935,13.0,12.9,13.0,11179,2021-08-17 14:32:00,ZENV
13.0,13.02,12.9863,13.02,10276,2021-08-17 14:33:00,ZENV
13.02,13.08,13.01,13.055,1644,2021-08-17 14:34:00,ZENV
13.065,13.065,13.0507,13.0507,400,2021-08-17 14:36:00,ZENV
13.065,13.065,13.065,13.065,900,2021-08-17 14:37:00,ZENV
13.05,13.05,13.05,13.05,100,2021-08-17 14:38:00,ZENV
13.03,13.03,13.01,13.01,3088,2021-08-17 14:39:00,ZENV
12.94,12.95,12.93,12.93,800,2021-08-17 14:40:00,ZENV
12.94,12.94,12.94,12.94,100,2021-08-17 14:41:00,ZENV
12.93,13.0,12.93,13.0,2100,2021-08-17 14:42:00,ZENV
12.91,12.91,12.91,12.91,100,2021-08-17 14:43:00,ZENV
12.92,12.92,12.92,12.92,300,2021-08-17 14:44:00,ZENV
12.91,12.91,12.91,12.91,700,2021-08-17 14:45:00,ZENV
12.91,12.91,12.9,12.9,399,2021-08-17 14:46:00,ZENV
12.84,12.84,12.84,12.84,200,2021-08-17 14:47:00,ZENV
12.84,12.84,12.84,12.84,800,2021-08-17 14:48:00,ZENV
12.84,12.84,12.84,12.84,500,2021-08-17 14:49:00,ZENV
12.84,12.84,12.84,12.84,600,2021-08-17 14:50:00,ZENV
12.84,12.84,12.6801,12.76,800,2021-08-17 14:51:00,ZENV
12.82,12.84,12.82,12.84,2289,2021-08-17 14:52:00,ZENV
12.84,12.84,12.84,12.84,900,2021-08-17 14:53:00,ZENV
12.84,12.925,12.815,12.88,38943,2021-08-17 14:54:00,ZENV
12.87,12.8795,12.87,12.8795,200,2021-08-17 14:56:00,ZENV
12.8004,12.8004,12.8004,12.8004,100,2021-08-17 15:00:00,ZENV
12.845,12.845,12.79,12.79,200,2021-08-17 15:05:00,ZENV
12.74,12.74,12.74,12.74,190,2021-08-17 15:11:00,ZENV
12.74,12.767,12.65,12.65,2374,2021-08-17 15:12:00,ZENV
12.56,12.56,12.56,12.56,2000,2021-08-17 15:13:00,ZENV
12.76,12.76,12.76,12.76,500,2021-08-17 15:17:00,ZENV
12.76,12.76,12.76,12.76,465,2021-08-17 15:18:00,ZENV
12.5812,12.5812,12.5812,12.5812,300,2021-08-17 15:39:00,ZENV
12.5401,12.5401,12.5401,12.5401,2000,2021-08-17 15:40:00,ZENV
12.64,12.64,12.64,12.64,200,2021-08-17 15:41:00,ZENV
12.6219,12.6219,12.6219,12.6219,150,2021-08-17 15:45:00,ZENV
12.5862,12.5862,12.56,12.56,200,2021-08-17 15:47:00,ZENV
12.56,12.56,12.56,12.56,100,2021-08-17 15:49:00,ZENV
12.585,12.585,12.56,12.56,500,2021-08-17 15:50:00,ZENV
12.6234,12.6234,12.6234,12.6234,700,2021-08-17 15:51:00,ZENV
12.57,12.57,12.57,12.57,145,2021-08-17 15:52:00,ZENV
12.62,12.63,12.6187,12.6187,2180,2021-08-17 15:53:00,ZENV
12.64,12.6784,12.64,12.6784,4923,2021-08-17 15:54:00,ZENV
12.615,12.625,12.6,12.625,400,2021-08-17 15:57:00,ZENV
12.65,12.65,12.6202,12.6202,600,2021-08-17 15:59:00,ZENV
12.625,12.625,12.6,12.6,26400,2021-08-17 16:01:00,ZENV
12.6,12.62,12.59,12.59,618,2021-08-17 16:02:00,ZENV
12.6,12.78,12.6,12.6,10294,2021-08-17 16:14:00,ZENV
12.65,12.65,12.64,12.64,200,2021-08-17 16:16:00,ZENV
12.65,12.66,12.65,12.6595,1200,2021-08-17 16:17:00,ZENV
12.65,12.66,12.6,12.6107,3572,2021-08-17 16:18:00,ZENV
12.55,12.595,12.55,12.595,600,2021-08-17 16:19:00,ZENV
12.61,12.61,12.57,12.57,200,2021-08-17 16:23:00,ZENV
12.65,12.65,12.65,12.65,429,2021-08-17 16:28:00,ZENV
12.6013,12.6013,12.6013,12.6013,200,2021-08-17 16:31:00,ZENV
12.58,12.58,12.41,12.41,10030,2021-08-17 16:32:00,ZENV
12.4216,12.4216,12.4216,12.4216,1600,2021-08-17 16:33:00,ZENV
12.5389,12.5389,12.5389,12.5389,200,2021-08-17 16:40:00,ZENV
12.5784,12.5784,12.5784,12.5784,100,2021-08-17 16:41:00,ZENV
12.2,12.2,12.14,12.2,3792,2021-08-17 16:45:00,ZENV
12.1469,12.1469,12.1469,12.1469,250,2021-08-17 16:51:00,ZENV
12.186,12.186,12.186,12.186,170,2021-08-17 16:52:00,ZENV
12.17,12.17,12.17,12.17,100,2021-08-17 16:56:00,ZENV
12.19,12.2,12.14,12.14,1200,2021-08-17 17:02:00,ZENV
12.16,12.16,12.16,12.16,100,2021-08-17 17:04:00,ZENV
12.15,12.15,12.15,12.15,100,2021-08-17 17:05:00,ZENV
12.15,12.15,12.15,12.15,100,2021-08-17 17:08:00,ZENV
12.1401,12.1401,12.1401,12.1401,2000,2021-08-17 17:11:00,ZENV
12.15,12.15,12.15,12.15,100,2021-08-17 17:39:00,ZENV
12.15,12.15,12.15,12.15,100,2021-08-17 17:40:00,ZENV
12.165,12.165,12.14,12.14,1121,2021-08-17 17:43:00,ZENV
12.15,12.15,12.1498,12.1498,200,2021-08-17 17:46:00,ZENV
12.14,12.14,12.13,12.13,1000,2021-08-17 17:47:00,ZENV
12.12,12.12,12.12,12.12,160,2021-08-17 17:54:00,ZENV
12.12,12.14,12.12,12.1205,1116,2021-08-17 17:55:00,ZENV
12.135,12.135,12.135,12.135,200,2021-08-17 17:56:00,ZENV
12.12,12.141,12.12,12.12,884,2021-08-17 17:57:00,ZENV
12.12,12.16,12.12,12.1203,4200,2021-08-17 17:59:00,ZENV
12.16,12.16,12.16,12.16,180,2021-08-17 18:00:00,ZENV
12.12,12.1749,12.12,12.1749,400,2021-08-17 18:01:00,ZENV
12.15,12.15,12.12,12.12,1400,2021-08-17 18:03:00,ZENV
12.12,12.12,12.12,12.12,893,2021-08-17 18:04:00,ZENV
12.12,12.14,12.12,12.14,4061,2021-08-17 18:05:00,ZENV
12.14,12.165,12.12,12.165,2832,2021-08-17 18:06:00,ZENV
12.165,12.2,12.14,12.17,11060,2021-08-17 18:07:00,ZENV
12.18,12.18,12.18,12.18,500,2021-08-17 18:12:00,ZENV
12.18,12.19,12.18,12.19,600,2021-08-17 18:13:00,ZENV
12.1401,12.141,12.1401,12.141,453,2021-08-17 18:14:00,ZENV
12.15,12.15,12.14,12.14,400,2021-08-17 18:15:00,ZENV
12.15,12.1509,12.14,12.14,600,2021-08-17 18:16:00,ZENV
12.16,12.2,12.16,12.2,224,2021-08-17 18:17:00,ZENV
12.14,12.14,12.14,12.14,112,2021-08-17 18:18:00,ZENV
12.15,12.2,12.15,12.2,970,2021-08-17 18:20:00,ZENV
12.19,12.19,12.17,12.17,300,2021-08-17 18:21:00,ZENV
12.2,12.2,12.19,12.2,1811,2021-08-17 18:22:00,ZENV
12.18,12.2,12.18,12.2,3810,2021-08-17 18:23:00,ZENV
12.19,12.2,12.19,12.2,3565,2021-08-17 18:24:00,ZENV
12.175,12.175,12.175,12.175,100,2021-08-17 18:30:00,ZENV
12.18,12.18,12.18,12.18,500,2021-08-17 18:33:00,ZENV
12.18,12.18,12.18,12.18,200,2021-08-17 18:35:00,ZENV
12.2,12.2,12.2,12.2,300,2021-08-17 18:36:00,ZENV
12.19,12.2,12.17,12.2,5340,2021-08-17 18:37:00,ZENV
12.2,12.2,12.2,12.2,135,2021-08-17 18:38:00,ZENV
12.2,12.2,12.1503,12.1503,1500,2021-08-17 18:39:00,ZENV
12.17,12.17,12.17,12.17,100,2021-08-17 18:40:00,ZENV
12.17,12.17,12.14,12.17,1000,2021-08-17 18:41:00,ZENV
12.17,12.17,12.1401,12.15,600,2021-08-17 18:42:00,ZENV
12.17,12.17,12.17,12.17,400,2021-08-17 18:43:00,ZENV
12.1401,12.18,12.1401,12.18,676,2021-08-17 18:44:00,ZENV
12.15,12.17,12.15,12.17,1140,2021-08-17 18:45:00,ZENV
12.175,12.175,12.175,12.175,400,2021-08-17 18:46:00,ZENV
12.17,12.17,12.1401,12.1401,386,2021-08-17 18:48:00,ZENV
12.17,12.17,12.17,12.17,300,2021-08-17 18:52:00,ZENV
12.17,12.17,12.17,12.17,1000,2021-08-17 18:57:00,ZENV
12.15,12.15,12.15,12.15,500,2021-08-17 18:58:00,ZENV
12.17,12.2,12.17,12.2,6188,2021-08-17 18:59:00,ZENV
12.2,12.2,12.2,12.2,100,2021-08-17 19:00:00,ZENV
12.2,12.2,12.18,12.2,3337,2021-08-17 19:01:00,ZENV
12.2,12.2,12.2,12.2,1287,2021-08-17 19:02:00,ZENV
12.175,12.175,12.175,12.175,500,2021-08-17 19:06:00,ZENV
12.1401,12.2,12.1401,12.2,817,2021-08-17 19:07:00,ZENV
12.2,12.2,12.17,12.2,1126,2021-08-17 19:08:00,ZENV
12.19,12.2,12.19,12.2,1609,2021-08-17 19:09:00,ZENV
12.2,12.2,12.19,12.2,4072,2021-08-17 19:10:00,ZENV
12.195,12.23,12.15,12.185,12222,2021-08-17 19:11:00,ZENV
12.19,12.19,12.14,12.14,700,2021-08-17 19:12:00,ZENV
12.15,12.15,12.14,12.14,2530,2021-08-17 19:13:00,ZENV
12.17,12.17,12.12,12.12,5226,2021-08-17 19:14:00,ZENV
12.2,12.2,12.16,12.19,1100,2021-08-17 19:16:00,ZENV
12.16,12.44,12.16,12.39,11573,2021-08-17 19:17:00,ZENV
12.395,12.395,12.23,12.245,1000,2021-08-17 19:18:00,ZENV
12.21,12.21,12.2,12.2098,2320,2021-08-17 19:19:00,ZENV
12.2,12.35,12.2,12.35,1769,2021-08-17 19:20:00,ZENV
12.28,12.28,12.28,12.28,1000,2021-08-17 19:22:00,ZENV
12.47,12.47,12.47,12.47,100,2021-08-17 19:27:00,ZENV
12.28,12.28,12.28,12.28,100,2021-08-17 19:30:00,ZENV
12.3,12.31,12.3,12.31,200,2021-08-17 19:42:00,ZENV
12.35,12.5,12.35,12.42,6340,2021-08-17 19:50:00,ZENV
12.49,12.49,12.49,12.49,100,2021-08-17 19:51:00,ZENV
12.435,12.435,12.435,12.435,100,2021-08-17 19:53:00,ZENV
12.4,12.4,12.32,12.39,3580,2021-08-17 19:54:00,ZENV
12.4534,12.46,12.4534,12.46,2200,2021-08-17 19:55:00,ZENV
12.33,12.33,12.33,12.33,100,2021-08-17 19:57:00,ZENV
12.4,12.41,12.37,12.37,661,2021-08-17 19:58:00,ZENV
12.41,12.46,12.38,12.45,1800,2021-08-17 19:59:00,ZENV
12.36,12.36,12.36,12.36,2716,2021-08-17 20:00:00,ZENV
12.5754,12.5754,12.5754,12.5754,200,2021-08-18 12:41:00,ZENV
12.29,12.29,12.29,12.29,1065,2021-08-18 13:30:00,ZENV
12.32,12.32,12.3,12.3,270,2021-08-18 13:32:00,ZENV
12.3,12.3,12.3,12.3,100,2021-08-18 13:33:00,ZENV
12.19,12.19,12.19,12.19,100,2021-08-18 13:48:00,ZENV
12.1901,12.1901,12.1901,12.1901,300,2021-08-18 13:49:00,ZENV
12.1754,12.1754,12.1754,12.1754,200,2021-08-18 13:55:00,ZENV
12.2079,12.2079,12.2079,12.2079,500,2021-08-18 13:56:00,ZENV
12.39,12.39,12.215,12.3075,300,2021-08-18 13:57:00,ZENV
12.305,12.4,12.305,12.4,1100,2021-08-18 13:58:00,ZENV
12.19,12.19,12.19,12.19,200,2021-08-18 14:02:00,ZENV
12.305,12.305,12.305,12.305,250,2021-08-18 14:03:00,ZENV
12.4,12.4,12.27,12.27,200,2021-08-18 14:06:00,ZENV
12.6809,12.6809,12.56,12.56,400,2021-08-18 14:12:00,ZENV
12.56,12.56,12.48,12.48,770,2021-08-18 14:13:00,ZENV
12.533,12.69,12.533,12.595,1200,2021-08-18 14:17:00,ZENV
12.495,12.495,12.495,12.495,100,2021-08-18 14:18:00,ZENV
12.59,12.59,12.59,12.59,200,2021-08-18 14:21:00,ZENV
12.49,12.59,12.48,12.59,1000,2021-08-18 14:22:00,ZENV
12.49,12.49,12.48,12.48,200,2021-08-18 14:23:00,ZENV
12.6131,12.6131,12.29,12.29,7477,2021-08-18 14:24:00,ZENV
12.355,12.355,12.35,12.35,400,2021-08-18 14:25:00,ZENV
12.38,12.41,12.38,12.41,300,2021-08-18 14:26:00,ZENV
12.4,12.51,12.38,12.38,1000,2021-08-18 14:27:00,ZENV
12.4,12.4233,12.39,12.4233,2000,2021-08-18 14:29:00,ZENV
12.17,12.17,12.17,12.17,100,2021-08-18 14:30:00,ZENV
12.24,12.24,12.24,12.24,600,2021-08-18 14:33:00,ZENV
12.31,12.31,12.31,12.31,100,2021-08-18 14:43:00,ZENV
12.35,12.35,12.35,12.35,200,2021-08-18 14:45:00,ZENV
12.31,12.355,12.31,12.355,200,2021-08-18 14:47:00,ZENV
12.2792,12.2792,12.2792,12.2792,1000,2021-08-18 14:50:00,ZENV
12.275,12.2914,12.275,12.2914,200,2021-08-18 14:53:00,ZENV
12.365,12.45,12.365,12.365,500,2021-08-18 14:55:00,ZENV
12.365,12.365,12.365,12.365,100,2021-08-18 14:56:00,ZENV
12.45,12.45,12.39,12.39,300,2021-08-18 14:59:00,ZENV
12.45,12.45,12.45,12.45,300,2021-08-18 15:01:00,ZENV
12.45,12.45,12.435,12.435,400,2021-08-18 15:03:00,ZENV
12.39,12.39,12.38,12.38,270,2021-08-18 15:11:00,ZENV
12.44,12.44,12.44,12.44,100,2021-08-18 15:15:00,ZENV
12.415,12.415,12.415,12.415,100,2021-08-18 15:19:00,ZENV
12.42,12.42,12.42,12.42,100,2021-08-18 15:22:00,ZENV
12.44,12.44,12.44,12.44,100,2021-08-18 15:24:00,ZENV
12.44,12.44,12.44,12.44,100,2021-08-18 15:26:00,ZENV
12.44,12.44,12.44,12.44,100,2021-08-18 15:30:00,ZENV
12.4,12.41,12.38,12.38,1900,2021-08-18 15:41:00,ZENV
12.38,12.38,12.265,12.265,1000,2021-08-18 15:43:00,ZENV
12.305,12.305,12.305,12.305,100,2021-08-18 15:48:00,ZENV
12.24,12.24,12.24,12.24,200,2021-08-18 15:50:00,ZENV
12.3,12.3,12.3,12.3,200,2021-08-18 15:53:00,ZENV
12.3,12.32,12.3,12.32,593,2021-08-18 15:54:00,ZENV
12.25,12.35,12.25,12.35,300,2021-08-18 15:55:00,ZENV
12.32,12.32,12.32,12.32,100,2021-08-18 15:56:00,ZENV
12.35,12.35,12.34,12.34,400,2021-08-18 15:57:00,ZENV
12.35,12.35,12.34,12.34,500,2021-08-18 15:58:00,ZENV
12.35,12.35,12.325,12.325,300,2021-08-18 15:59:00,ZENV
12.3,12.32,12.29,12.32,653,2021-08-18 16:00:00,ZENV
12.35,12.35,12.3,12.34,1160,2021-08-18 16:01:00,ZENV
12.35,12.35,12.35,12.35,300,2021-08-18 16:02:00,ZENV
12.35,12.35,12.35,12.35,300,2021-08-18 16:03:00,ZENV
12.345,12.345,12.28,12.34,1102,2021-08-18 16:04:00,ZENV
12.34,12.34,12.32,12.34,800,2021-08-18 16:05:00,ZENV
12.35,12.35,12.34,12.34,300,2021-08-18 16:06:00,ZENV
12.34,12.34,12.34,12.34,100,2021-08-18 16:07:00,ZENV
12.35,12.35,12.33,12.35,600,2021-08-18 16:08:00,ZENV
12.35,12.35,12.3075,12.3075,500,2021-08-18 16:09:00,ZENV
12.35,12.35,12.3075,12.35,900,2021-08-18 16:10:00,ZENV
12.35,12.35,12.35,12.35,400,2021-08-18 16:11:00,ZENV
12.35,12.35,12.35,12.35,750,2021-08-18 16:12:00,ZENV
12.35,12.35,12.3075,12.3075,500,2021-08-18 16:13:00,ZENV
12.35,12.35,12.35,12.35,900,2021-08-18 16:14:00,ZENV
12.35,12.35,12.35,12.35,300,2021-08-18 16:15:00,ZENV
12.35,12.35,12.3075,12.3075,600,2021-08-18 16:16:00,ZENV
12.305,12.305,12.305,12.305,100,2021-08-18 16:18:00,ZENV
12.35,12.35,12.35,12.35,100,2021-08-18 16:19:00,ZENV
12.34,12.34,12.34,12.34,100,2021-08-18 16:23:00,ZENV
12.35,12.35,12.27,12.27,1200,2021-08-18 16:24:00,ZENV
12.27,12.27,12.27,12.27,100,2021-08-18 16:25:00,ZENV
12.29,12.29,12.29,12.29,100,2021-08-18 16:28:00,ZENV
12.32,12.34,12.3,12.31,1300,2021-08-18 16:29:00,ZENV
12.3,12.3,12.29,12.29,500,2021-08-18 16:32:00,ZENV
12.29,12.29,12.225,12.225,665,2021-08-18 16:34:00,ZENV
12.225,12.3,12.15,12.3,4400,2021-08-18 16:35:00,ZENV
12.14,12.14,12.14,12.14,100,2021-08-18 16:36:00,ZENV
12.19,12.19,12.19,12.19,200,2021-08-18 16:38:00,ZENV
12.16,12.16,12.14,12.14,300,2021-08-18 16:40:00,ZENV
12.3,12.3,12.3,12.3,100,2021-08-18 16:43:00,ZENV
12.31,12.31,12.31,12.31,100,2021-08-18 16:45:00,ZENV
12.19,12.198,12.19,12.198,200,2021-08-18 16:47:00,ZENV
12.16,12.16,12.16,12.16,100,2021-08-18 17:02:00,ZENV
12.2,12.2,12.2,12.2,533,2021-08-18 17:04:00,ZENV
12.2,12.2,12.2,12.2,100,2021-08-18 17:08:00,ZENV
12.21,12.21,12.19,12.19,1346,2021-08-18 17:16:00,ZENV
12.19,12.19,12.14,12.14,500,2021-08-18 17:17:00,ZENV
12.19,12.19,12.14,12.14,1990,2021-08-18 17:22:00,ZENV
12.15,12.26,12.08,12.15,10984,2021-08-18 17:27:00,ZENV
12.095,12.2,12.095,12.2,300,2021-08-18 17:28:00,ZENV
12.14,12.14,12.14,12.14,447,2021-08-18 17:31:00,ZENV
12.11,12.11,12.1,12.1,2000,2021-08-18 17:36:00,ZENV
12.1,12.1,12.08,12.08,1939,2021-08-18 17:37:00,ZENV
12.14,12.14,12.14,12.14,100,2021-08-18 17:42:00,ZENV
12.17,12.175,12.17,12.17,1160,2021-08-18 17:43:00,ZENV
12.21,12.22,12.19,12.22,532,2021-08-18 17:46:00,ZENV
12.23,12.23,12.135,12.22,400,2021-08-18 17:47:00,ZENV
12.23,12.23,12.23,12.23,100,2021-08-18 17:48:00,ZENV
12.29,12.29,12.29,12.29,100,2021-08-18 17:49:00,ZENV
12.3,12.3,12.3,12.3,200,2021-08-18 17:54:00,ZENV
12.25,12.25,12.25,12.25,100,2021-08-18 17:56:00,ZENV
12.255,12.255,12.255,12.255,100,2021-08-18 18:01:00,ZENV
12.26,12.26,12.25,12.25,1542,2021-08-18 18:07:00,ZENV
12.25,12.25,12.25,12.25,500,2021-08-18 18:12:00,ZENV
12.25,12.25,12.25,12.25,1500,2021-08-18 18:13:00,ZENV
12.25,12.25,12.25,12.25,100,2021-08-18 18:14:00,ZENV
12.25,12.25,12.25,12.25,2700,2021-08-18 18:16:00,ZENV
12.25,12.25,12.25,12.25,100,2021-08-18 18:17:00,ZENV
12.25,12.25,12.25,12.25,969,2021-08-18 18:21:00,ZENV
12.25,12.25,12.25,12.25,100,2021-08-18 18:22:00,ZENV
12.28,12.28,12.28,12.28,100,2021-08-18 18:23:00,ZENV
12.28,12.28,12.28,12.28,1000,2021-08-18 18:28:00,ZENV
12.3,12.3,12.25,12.25,200,2021-08-18 18:29:00,ZENV
12.2549,12.2549,12.2549,12.2549,200,2021-08-18 18:31:00,ZENV
12.35,12.35,12.3,12.3,507,2021-08-18 18:44:00,ZENV
12.29,12.33,12.29,12.32,2450,2021-08-18 19:05:00,ZENV
12.27,12.305,12.27,12.305,200,2021-08-18 19:12:00,ZENV
12.3404,12.3404,12.3,12.3,500,2021-08-18 19:15:00,ZENV
12.26,12.26,12.26,12.26,100,2021-08-18 19:20:00,ZENV
12.25,12.25,12.25,12.25,200,2021-08-18 19:22:00,ZENV
12.25,12.3,12.25,12.3,300,2021-08-18 19:28:00,ZENV
12.26,12.28,12.25,12.28,1272,2021-08-18 19:29:00,ZENV
12.25,12.2509,12.25,12.2509,426,2021-08-18 19:38:00,ZENV
12.25,12.25,12.25,12.25,100,2021-08-18 19:46:00,ZENV
12.25,12.2842,12.25,12.2842,1000,2021-08-18 19:49:00,ZENV
12.26,12.26,12.26,12.26,100,2021-08-18 19:51:00,ZENV
12.295,12.295,12.25,12.25,900,2021-08-18 19:52:00,ZENV
12.25,12.255,12.25,12.25,800,2021-08-18 19:53:00,ZENV
12.25,12.25,12.25,12.25,4795,2021-08-18 19:55:00,ZENV
12.25,12.265,12.25,12.255,400,2021-08-18 19:56:00,ZENV
12.25,12.255,12.11,12.24,17299,2021-08-18 19:57:00,ZENV
12.23,12.23,12.1,12.15,16359,2021-08-18 19:58:00,ZENV
12.245,12.245,12.16,12.23,1200,2021-08-18 19:59:00,ZENV
12.27,12.27,12.27,12.27,1867,2021-08-18 20:00:00,ZENV
12.19,12.65,12.19,12.6206,1401,2021-08-19 13:30:00,ZENV
12.91,12.94,12.62,12.72,700,2021-08-19 13:31:00,ZENV
12.87,12.87,12.73,12.73,600,2021-08-19 13:32:00,ZENV
12.87,12.87,12.73,12.73,600,2021-08-19 13:33:00,ZENV
12.7,12.7,12.7,12.7,200,2021-08-19 13:34:00,ZENV
12.66,12.66,12.66,12.66,400,2021-08-19 13:35:00,ZENV
12.74,12.74,12.74,12.74,300,2021-08-19 13:36:00,ZENV
12.74,12.74,12.72,12.72,450,2021-08-19 13:37:00,ZENV
12.74,12.74,12.74,12.74,300,2021-08-19 13:38:00,ZENV
12.73,12.73,12.65,12.65,400,2021-08-19 13:39:00,ZENV
12.73,12.73,12.7,12.7,300,2021-08-19 13:43:00,ZENV
12.7,12.7,12.4812,12.61,5197,2021-08-19 13:44:00,ZENV
12.565,12.565,12.565,12.565,100,2021-08-19 13:46:00,ZENV
12.565,12.61,12.565,12.58,400,2021-08-19 13:47:00,ZENV
12.33,12.33,12.33,12.33,100,2021-08-19 13:50:00,ZENV
12.35,12.5975,12.35,12.5975,700,2021-08-19 13:54:00,ZENV
12.57,12.59,12.37,12.475,1350,2021-08-19 13:59:00,ZENV
12.36,12.36,12.36,12.36,200,2021-08-19 14:00:00,ZENV
12.38,12.38,12.38,12.38,100,2021-08-19 14:02:00,ZENV
12.49,12.49,12.38,12.48,400,2021-08-19 14:03:00,ZENV
12.59,12.59,12.59,12.59,1000,2021-08-19 14:04:00,ZENV
12.39,12.57,12.35,12.35,11548,2021-08-19 14:08:00,ZENV
12.35,12.46,12.35,12.46,1200,2021-08-19 14:10:00,ZENV
12.46,12.46,12.46,12.46,100,2021-08-19 14:11:00,ZENV
12.55,12.56,12.46,12.46,1200,2021-08-19 14:12:00,ZENV
12.48,12.48,12.48,12.48,200,2021-08-19 14:14:00,ZENV
12.46,12.46,12.38,12.38,300,2021-08-19 14:19:00,ZENV
12.39,12.46,12.39,12.46,300,2021-08-19 14:24:00,ZENV
12.35,12.5,12.35,12.5,1000,2021-08-19 14:26:00,ZENV
12.69,12.69,12.4904,12.4904,550,2021-08-19 14:29:00,ZENV
12.65,12.695,12.55,12.695,3300,2021-08-19 14:30:00,ZENV
12.66,12.66,12.65,12.65,500,2021-08-19 14:31:00,ZENV
12.655,12.66,12.645,12.655,5509,2021-08-19 14:32:00,ZENV
12.65,12.65,12.65,12.65,200,2021-08-19 14:33:00,ZENV
12.65,12.655,12.65,12.655,1400,2021-08-19 14:34:00,ZENV
12.65,12.655,12.65,12.655,300,2021-08-19 14:35:00,ZENV
12.65,12.65,12.65,12.65,1400,2021-08-19 14:36:00,ZENV
12.65,12.65,12.52,12.52,5741,2021-08-19 14:37:00,ZENV
12.58,12.58,12.58,12.58,1000,2021-08-19 14:38:00,ZENV
12.58,12.64,12.52,12.52,5273,2021-08-19 14:39:00,ZENV
12.55,12.59,12.495,12.58,15175,2021-08-19 14:40:00,ZENV
12.55,12.585,12.5,12.54,15802,2021-08-19 14:41:00,ZENV
12.53,12.55,12.53,12.55,4400,2021-08-19 14:42:00,ZENV
12.55,12.55,12.55,12.55,873,2021-08-19 14:43:00,ZENV
12.5,12.5,12.5,12.5,200,2021-08-19 14:46:00,ZENV
12.5,12.5,12.5,12.5,191,2021-08-19 14:47:00,ZENV
12.445,12.45,12.445,12.45,300,2021-08-19 14:48:00,ZENV
12.4,12.4,12.4,12.4,100,2021-08-19 14:49:00,ZENV
12.4,12.4,12.4,12.4,100,2021-08-19 14:50:00,ZENV
12.39,12.4,12.39,12.4,300,2021-08-19 14:52:00,ZENV
12.415,12.415,12.415,12.415,100,2021-08-19 14:54:00,ZENV
12.43,12.5,12.415,12.5,2778,2021-08-19 14:55:00,ZENV
12.48,12.65,12.48,12.55,3600,2021-08-19 14:57:00,ZENV
12.5706,12.5706,12.5706,12.5706,300,2021-08-19 14:59:00,ZENV
12.5,12.55,12.5,12.55,300,2021-08-19 15:04:00,ZENV
12.49,12.5,12.49,12.5,200,2021-08-19 15:05:00,ZENV
12.47,12.51,12.47,12.51,300,2021-08-19 15:06:00,ZENV
12.48,12.48,12.48,12.48,200,2021-08-19 15:10:00,ZENV
12.5,12.54,12.475,12.54,300,2021-08-19 15:15:00,ZENV
12.475,12.475,12.475,12.475,200,2021-08-19 15:16:00,ZENV
12.55,12.55,12.55,12.55,100,2021-08-19 15:21:00,ZENV
12.525,12.525,12.525,12.525,200,2021-08-19 15:23:00,ZENV
12.55,12.69,12.54,12.69,2039,2021-08-19 15:27:00,ZENV
12.54,12.54,12.52,12.52,1000,2021-08-19 15:28:00,ZENV
12.55,12.55,12.55,12.55,200,2021-08-19 15:37:00,ZENV
12.55,12.55,12.55,12.55,500,2021-08-19 15:44:00,ZENV
12.505,12.505,12.505,12.505,100,2021-08-19 15:45:00,ZENV
12.52,12.52,12.52,12.52,100,2021-08-19 15:48:00,ZENV
12.52,12.52,12.52,12.52,100,2021-08-19 15:49:00,ZENV
12.53,12.55,12.53,12.55,400,2021-08-19 15:51:00,ZENV
12.55,12.55,12.55,12.55,1100,2021-08-19 15:54:00,ZENV
12.545,12.55,12.545,12.55,200,2021-08-19 15:56:00,ZENV
12.545,12.545,12.545,12.545,100,2021-08-19 15:57:00,ZENV
12.545,12.61,12.545,12.61,400,2021-08-19 15:59:00,ZENV
12.57,12.6,12.555,12.57,400,2021-08-19 16:00:00,ZENV
12.57,12.57,12.57,12.57,100,2021-08-19 16:01:00,ZENV
12.57,12.6,12.57,12.6,200,2021-08-19 16:02:00,ZENV
12.57,12.71,12.57,12.71,2300,2021-08-19 16:05:00,ZENV
12.69,12.69,12.63,12.63,400,2021-08-19 16:06:00,ZENV
12.63,12.7,12.63,12.7,300,2021-08-19 16:13:00,ZENV
12.62,12.62,12.62,12.62,100,2021-08-19 16:15:00,ZENV
12.7,12.7,12.7,12.7,100,2021-08-19 16:17:00,ZENV
12.63,12.63,12.63,12.63,199,2021-08-19 16:18:00,ZENV
12.69,12.71,12.69,12.71,600,2021-08-19 16:20:00,ZENV
12.71,12.71,12.71,12.71,100,2021-08-19 16:21:00,ZENV
12.64,12.64,12.64,12.64,100,2021-08-19 16:29:00,ZENV
12.61,12.62,12.6,12.62,400,2021-08-19 16:31:00,ZENV
12.61,12.61,12.61,12.61,900,2021-08-19 16:35:00,ZENV
12.61,12.61,12.61,12.61,100,2021-08-19 16:37:00,ZENV
12.63,12.63,12.6,12.6,200,2021-08-19 16:41:00,ZENV
12.65,12.65,12.65,12.65,100,2021-08-19 16:43:00,ZENV
12.68,12.73,12.68,12.73,300,2021-08-19 16:44:00,ZENV
12.7,12.79,12.7,12.73,3700,2021-08-19 16:45:00,ZENV
12.73,12.74,12.73,12.73,2400,2021-08-19 16:46:00,ZENV
12.73,12.73,12.73,12.73,800,2021-08-19 16:47:00,ZENV
12.73,12.73,12.73,12.73,900,2021-08-19 16:48:00,ZENV
12.73,12.73,12.73,12.73,800,2021-08-19 16:49:00,ZENV
12.76,12.77,12.73,12.77,940,2021-08-19 16:50:00,ZENV
12.78,12.95,12.77,12.95,1500,2021-08-19 16:51:00,ZENV
12.98,12.98,12.97,12.97,900,2021-08-19 16:52:00,ZENV
12.97,12.97,12.97,12.97,100,2021-08-19 16:53:00,ZENV
12.9797,12.9797,12.9797,12.9797,193,2021-08-19 16:54:00,ZENV
12.9619,12.9619,12.77,12.77,1485,2021-08-19 17:01:00,ZENV
12.78,12.78,12.78,12.78,100,2021-08-19 17:04:00,ZENV
12.85,12.85,12.85,12.85,100,2021-08-19 17:06:00,ZENV
12.78,12.78,12.78,12.78,100,2021-08-19 17:08:00,ZENV
12.7967,12.7967,12.7967,12.7967,100,2021-08-19 17:12:00,ZENV
12.79,12.79,12.79,12.79,100,2021-08-19 17:15:00,ZENV
12.79,12.79,12.79,12.79,100,2021-08-19 17:16:00,ZENV
12.78,12.78,12.78,12.78,450,2021-08-19 17:17:00,ZENV
12.71,12.71,12.71,12.71,1100,2021-08-19 17:18:00,ZENV
12.71,12.71,12.71,12.71,100,2021-08-19 17:19:00,ZENV
12.71,12.71,12.71,12.71,100,2021-08-19 17:22:00,ZENV
12.7,12.7,12.7,12.7,100,2021-08-19 17:23:00,ZENV
12.75,12.75,12.6,12.7,550,2021-08-19 17:25:00,ZENV
12.7,12.76,12.7,12.76,900,2021-08-19 17:26:00,ZENV
12.7,12.78,12.7,12.78,1700,2021-08-19 17:27:00,ZENV
12.79,12.93,12.76,12.78,3296,2021-08-19 17:28:00,ZENV
12.74,12.74,12.7,12.7189,1400,2021-08-19 17:30:00,ZENV
12.75,12.77,12.73,12.77,3400,2021-08-19 17:32:00,ZENV
12.7,12.77,12.7,12.75,4480,2021-08-19 17:33:00,ZENV
12.76,12.78,12.74,12.7425,11050,2021-08-19 17:34:00,ZENV
12.73,12.74,12.73,12.74,700,2021-08-19 17:35:00,ZENV
12.74,12.78,12.74,12.755,15150,2021-08-19 17:36:00,ZENV
12.75,12.75,12.75,12.75,200,2021-08-19 17:37:00,ZENV
12.745,12.745,12.745,12.745,100,2021-08-19 17:41:00,ZENV
12.75,12.75,12.75,12.75,200,2021-08-19 17:42:00,ZENV
12.75,12.75,12.75,12.75,200,2021-08-19 17:43:00,ZENV
12.75,12.75,12.745,12.745,400,2021-08-19 17:44:00,ZENV
12.78,12.78,12.71,12.71,300,2021-08-19 17:45:00,ZENV
12.78,12.78,12.78,12.78,100,2021-08-19 17:46:00,ZENV
12.78,12.78,12.78,12.78,600,2021-08-19 17:47:00,ZENV
12.745,12.78,12.745,12.78,300,2021-08-19 17:48:00,ZENV
12.71,12.78,12.71,12.78,300,2021-08-19 17:50:00,ZENV
12.66,12.66,12.66,12.66,100,2021-08-19 17:54:00,ZENV
12.71,12.7225,12.71,12.7225,538,2021-08-19 17:56:00,ZENV
12.67,12.71,12.67,12.71,600,2021-08-19 17:57:00,ZENV
12.73,12.73,12.715,12.715,400,2021-08-19 17:58:00,ZENV
12.75,12.75,12.75,12.75,100,2021-08-19 17:59:00,ZENV
12.76,12.93,12.76,12.93,31750,2021-08-19 18:00:00,ZENV
12.94,12.94,12.94,12.94,700,2021-08-19 18:01:00,ZENV
12.86,12.92,12.86,12.92,600,2021-08-19 18:03:00,ZENV
12.92,12.93,12.91,12.93,2039,2021-08-19 18:06:00,ZENV
12.92,12.94,12.89,12.94,612,2021-08-19 18:07:00,ZENV
12.99,12.99,12.9578,12.9578,200,2021-08-19 18:10:00,ZENV
13.0,13.03,13.0,13.03,1839,2021-08-19 18:11:00,ZENV
12.99,13.0,12.99,13.0,300,2021-08-19 18:12:00,ZENV
12.93,12.93,12.93,12.93,100,2021-08-19 18:17:00,ZENV
12.93,12.93,12.93,12.93,100,2021-08-19 18:19:00,ZENV
12.93,12.95,12.89,12.89,50200,2021-08-19 18:21:00,ZENV
12.9999,12.9999,12.89,12.89,700,2021-08-19 18:22:00,ZENV
12.93,12.93,12.93,12.93,100,2021-08-19 18:23:00,ZENV
12.945,12.945,12.945,12.945,200,2021-08-19 18:24:00,ZENV
12.93,12.93,12.93,12.93,100,2021-08-19 18:26:00,ZENV
12.95,12.95,12.95,12.95,1550,2021-08-19 18:29:00,ZENV
12.95,12.95,12.95,12.95,200,2021-08-19 18:30:00,ZENV
12.95,12.95,12.9,12.9,1100,2021-08-19 18:31:00,ZENV
12.96,13.06,12.94,13.0512,2600,2021-08-19 18:32:00,ZENV
13.1,13.1,13.0899,13.0899,8140,2021-08-19 18:33:00,ZENV
13.1,13.1,13.0887,13.0903,500,2021-08-19 18:34:00,ZENV
13.1,13.1,13.0925,13.1,3500,2021-08-19 18:35:00,ZENV
13.0999,13.0999,13.0999,13.0999,500,2021-08-19 18:38:00,ZENV
13.0384,13.0384,13.0384,13.0384,129,2021-08-19 18:39:00,ZENV
13.04,13.04,13.04,13.04,100,2021-08-19 18:40:00,ZENV
13.1,13.1,13.0912,13.0912,600,2021-08-19 18:42:00,ZENV
13.06,13.1,13.06,13.1,12200,2021-08-19 18:43:00,ZENV
13.05,13.05,13.05,13.05,100,2021-08-19 18:44:00,ZENV
13.0501,13.09,13.05,13.05,2100,2021-08-19 18:45:00,ZENV
13.0002,13.005,13.0002,13.005,600,2021-08-19 18:47:00,ZENV
13.06,13.1,13.06,13.1,3195,2021-08-19 18:48:00,ZENV
13.1,13.23,13.0999,13.23,8396,2021-08-19 18:49:00,ZENV
13.1301,13.36,13.1301,13.34,26201,2021-08-19 18:50:00,ZENV
13.325,13.4,13.3,13.3,5312,2021-08-19 18:51:00,ZENV
13.3129,13.36,13.22,13.2601,3398,2021-08-19 18:52:00,ZENV
13.26,13.35,13.2007,13.26,10900,2021-08-19 18:53:00,ZENV
13.2909,13.2909,13.22,13.22,400,2021-08-19 18:54:00,ZENV
13.24,13.2996,13.24,13.26,7006,2021-08-19 18:55:00,ZENV
13.275,13.275,13.25,13.275,11000,2021-08-19 18:56:00,ZENV
13.275,13.275,13.25,13.275,3700,2021-08-19 18:57:00,ZENV
13.26,13.26,13.01,13.22,2450,2021-08-19 18:58:00,ZENV
13.1,13.1,13.1,13.1,700,2021-08-19 19:01:00,ZENV
13.05,13.15,13.01,13.15,3200,2021-08-19 19:02:00,ZENV
13.135,13.17,13.135,13.17,400,2021-08-19 19:03:00,ZENV
13.15,13.15,13.15,13.15,550,2021-08-19 19:04:00,ZENV
13.12,13.12,13.12,13.12,300,2021-08-19 19:05:00,ZENV
13.1166,13.17,13.085,13.17,600,2021-08-19 19:06:00,ZENV
13.135,13.17,13.1,13.17,58400,2021-08-19 19:07:00,ZENV
13.11,13.16,13.1,13.1,6789,2021-08-19 19:08:00,ZENV
13.07,13.1299,13.07,13.1299,9620,2021-08-19 19:09:00,ZENV
12.91,13.1,12.88,13.09,3500,2021-08-19 19:10:00,ZENV
13.07,13.11,13.07,13.1,3600,2021-08-19 19:11:00,ZENV
13.105,13.105,13.1,13.1,200,2021-08-19 19:12:00,ZENV
13.1,13.1,13.1,13.1,100,2021-08-19 19:13:00,ZENV
13.09,13.0916,13.085,13.085,1200,2021-08-19 19:14:00,ZENV
13.0715,13.0715,13.0715,13.0715,100,2021-08-19 19:15:00,ZENV
13.07,13.07,13.0601,13.07,411,2021-08-19 19:16:00,ZENV
13.06,13.06,13.06,13.06,100,2021-08-19 19:17:00,ZENV
13.06,13.06,13.06,13.06,300,2021-08-19 19:18:00,ZENV
12.9,12.945,12.87,12.9,3600,2021-08-19 19:19:00,ZENV
12.89,12.94,12.89,12.94,1000,2021-08-19 19:20:00,ZENV
12.89,12.89,12.89,12.89,200,2021-08-19 19:21:00,ZENV
12.89,12.89,12.855,12.855,1100,2021-08-19 19:22:00,ZENV
12.821,12.855,12.79,12.79,2131,2021-08-19 19:23:00,ZENV
12.8733,12.9,12.855,12.9,1200,2021-08-19 19:24:00,ZENV
12.8,12.855,12.8,12.8,300,2021-08-19 19:25:00,ZENV
12.855,12.855,12.79,12.8,540,2021-08-19 19:26:00,ZENV
12.79,12.855,12.79,12.855,400,2021-08-19 19:28:00,ZENV
12.9199,12.92,12.855,12.91,6618,2021-08-19 19:29:00,ZENV
12.845,12.92,12.845,12.92,1132,2021-08-19 19:32:00,ZENV
12.92,13.0,12.9034,13.0,1686,2021-08-19 19:33:00,ZENV
13.0,13.05,12.95,13.05,7271,2021-08-19 19:34:00,ZENV
13.04,13.04,13.04,13.04,100,2021-08-19 19:35:00,ZENV
12.99,13.06,12.99,13.06,1348,2021-08-19 19:36:00,ZENV
13.07,13.07,13.0684,13.07,1227,2021-08-19 19:39:00,ZENV
13.02,13.02,13.02,13.02,20000,2021-08-19 19:40:00,ZENV
13.02,13.02,13.02,13.02,200,2021-08-19 19:41:00,ZENV
12.96,12.995,12.96,12.995,200,2021-08-19 19:42:00,ZENV
12.995,13.03,12.995,12.995,300,2021-08-19 19:43:00,ZENV
12.995,12.995,12.995,12.995,200,2021-08-19 19:44:00,ZENV
12.995,12.995,12.995,12.995,300,2021-08-19 19:45:00,ZENV
12.995,13.03,12.995,12.995,300,2021-08-19 19:46:00,ZENV
12.995,12.995,12.995,12.995,300,2021-08-19 19:47:00,ZENV
13.0193,13.0193,12.995,12.995,200,2021-08-19 19:48:00,ZENV
12.995,13.01,12.96,13.01,1632,2021-08-19 19:49:00,ZENV
12.985,12.985,12.985,12.985,400,2021-08-19 19:50:00,ZENV
12.985,12.985,12.985,12.985,100,2021-08-19 19:51:00,ZENV
12.985,13.02,12.985,13.01,1050,2021-08-19 19:52:00,ZENV
13.02,13.02,12.98,12.98,2757,2021-08-19 19:53:00,ZENV
13.01,13.01,12.99,12.99,1632,2021-08-19 19:54:00,ZENV
13.01,13.01,12.9792,13.0,6767,2021-08-19 19:55:00,ZENV
12.95,13.0,12.95,12.95,925,2021-08-19 19:56:00,ZENV
13.0,13.0,12.98,13.0,2200,2021-08-19 19:57:00,ZENV
12.995,13.07,12.96,12.96,27791,2021-08-19 19:58:00,ZENV
13.01,13.01,12.95,12.95,1038,2021-08-19 19:59:00,ZENV
12.99,12.99,12.99,12.99,133,2021-08-19 20:00:00,ZENV
12.91,12.91,12.91,12.91,100,2021-08-19 20:38:00,ZENV
13.75,13.75,13.75,13.75,200,2021-08-19 22:13:00,ZENV
13.15,13.4,13.15,13.4,1290,2021-08-20 13:30:00,ZENV
13.3896,13.4,13.3896,13.4,1750,2021-08-20 13:34:00,ZENV
13.35,13.39,13.35,13.39,1653,2021-08-20 13:38:00,ZENV
13.23,13.2801,13.22,13.2801,1200,2021-08-20 13:39:00,ZENV
13.28,13.28,13.28,13.28,100,2021-08-20 13:40:00,ZENV
13.32,13.32,13.3187,13.32,448,2021-08-20 13:41:00,ZENV
13.26,13.26,13.26,13.26,100,2021-08-20 13:42:00,ZENV
13.34,13.4,13.34,13.37,6223,2021-08-20 13:47:00,ZENV
13.38,13.65,13.37,13.64,7899,2021-08-20 13:48:00,ZENV
13.6199,13.6199,13.49,13.49,350,2021-08-20 13:49:00,ZENV
13.54,13.54,13.54,13.54,100,2021-08-20 13:50:00,ZENV
13.4701,13.55,13.4701,13.55,3100,2021-08-20 13:51:00,ZENV
13.56,13.56,13.56,13.56,100,2021-08-20 13:55:00,ZENV
13.6,13.61,13.59,13.61,400,2021-08-20 13:56:00,ZENV
13.645,13.69,13.645,13.69,400,2021-08-20 13:57:00,ZENV
13.76,13.76,13.741,13.75,300,2021-08-20 13:58:00,ZENV
13.7,13.75,13.61,13.63,4700,2021-08-20 13:59:00,ZENV
13.665,13.665,13.6,13.6,200,2021-08-20 14:00:00,ZENV
13.6906,13.6906,13.66,13.66,500,2021-08-20 14:02:00,ZENV
13.65,13.65,13.65,13.65,100,2021-08-20 14:03:00,ZENV
13.675,13.675,13.675,13.675,104,2021-08-20 14:05:00,ZENV
13.68,13.72,13.68,13.72,1050,2021-08-20 14:06:00,ZENV
13.69,13.69,13.69,13.69,100,2021-08-20 14:08:00,ZENV
13.7499,13.7499,13.7499,13.7499,100,2021-08-20 14:10:00,ZENV
13.74,13.88,13.74,13.88,4300,2021-08-20 14:11:00,ZENV
13.74,13.74,13.7,13.73,473,2021-08-20 14:18:00,ZENV
13.73,13.73,13.7101,13.7101,300,2021-08-20 14:19:00,ZENV
13.75,13.75,13.75,13.75,250,2021-08-20 14:23:00,ZENV
13.76,13.83,13.7588,13.83,900,2021-08-20 14:24:00,ZENV
13.87,13.93,13.85,13.93,3200,2021-08-20 14:25:00,ZENV
13.9,13.9,13.85,13.8979,6291,2021-08-20 14:26:00,ZENV
13.85,13.87,13.85,13.86,1000,2021-08-20 14:27:00,ZENV
13.885,13.885,13.67,13.67,1944,2021-08-20 14:28:00,ZENV
13.843,13.843,13.843,13.843,2000,2021-08-20 14:29:00,ZENV
13.7001,13.7001,13.7001,13.7001,285,2021-08-20 14:33:00,ZENV
13.7896,13.7896,13.7896,13.7896,300,2021-08-20 14:36:00,ZENV
13.7523,13.78,13.7523,13.78,1125,2021-08-20 14:37:00,ZENV
13.75,13.8,13.75,13.8,400,2021-08-20 14:41:00,ZENV
13.7201,13.82,13.7201,13.82,2300,2021-08-20 14:42:00,ZENV
13.9199,13.9199,13.9199,13.9199,1000,2021-08-20 14:44:00,ZENV
13.92,13.92,13.845,13.92,1801,2021-08-20 14:45:00,ZENV
13.96,13.96,13.96,13.96,100,2021-08-20 14:54:00,ZENV
13.9725,13.99,13.9725,13.98,1100,2021-08-20 15:00:00,ZENV
13.82,13.82,13.82,13.82,100,2021-08-20 15:01:00,ZENV
13.82,13.83,13.82,13.82,1200,2021-08-20 15:03:00,ZENV
13.75,13.75,13.69,13.75,47600,2021-08-20 15:11:00,ZENV
13.675,13.76,13.675,13.76,1800,2021-08-20 15:12:00,ZENV
13.75,13.76,13.75,13.76,400,2021-08-20 15:13:00,ZENV
13.8,13.8,13.8,13.8,605,2021-08-20 15:16:00,ZENV
13.8,13.8,13.8,13.8,100,2021-08-20 15:17:00,ZENV
13.805,13.9,13.78,13.9,1700,2021-08-20 15:22:00,ZENV
13.9,13.97,13.9,13.97,911,2021-08-20 15:23:00,ZENV
14.0,14.0,14.0,14.0,100,2021-08-20 15:29:00,ZENV
13.875,13.875,13.875,13.875,100,2021-08-20 15:30:00,ZENV
13.93,13.98,13.87,13.98,2899,2021-08-20 15:33:00,ZENV
13.87,13.8701,13.87,13.8701,350,2021-08-20 15:38:00,ZENV
13.76,13.76,13.7,13.74,5696,2021-08-20 15:40:00,ZENV
13.75,13.75,13.72,13.74,2004,2021-08-20 15:41:00,ZENV
13.7,13.75,13.67,13.67,50100,2021-08-20 15:43:00,ZENV
13.67,13.67,13.67,13.67,100,2021-08-20 15:45:00,ZENV
13.6762,13.6762,13.6762,13.6762,250,2021-08-20 15:46:00,ZENV
13.74,13.75,13.67,13.715,1005,2021-08-20 15:48:00,ZENV
13.74,13.74,13.74,13.74,100,2021-08-20 15:49:00,ZENV
13.75,13.75,13.735,13.735,400,2021-08-20 15:52:00,ZENV
13.75,13.86,13.75,13.86,4474,2021-08-20 15:53:00,ZENV
13.75,13.8,13.75,13.8,50600,2021-08-20 15:55:00,ZENV
13.85,13.85,13.85,13.85,200,2021-08-20 15:58:00,ZENV
13.9619,13.97,13.9619,13.97,575,2021-08-20 15:59:00,ZENV
13.88,13.98,13.88,13.98,2200,2021-08-20 16:02:00,ZENV
13.9372,13.9372,13.9372,13.9372,200,2021-08-20 16:04:00,ZENV
13.9739,13.9739,13.9739,13.9739,360,2021-08-20 16:07:00,ZENV
13.98,13.98,13.8201,13.8201,1200,2021-08-20 16:09:00,ZENV
13.9733,13.9733,13.9351,13.9351,660,2021-08-20 16:11:00,ZENV
13.98,13.98,13.9,13.98,1799,2021-08-20 16:13:00,ZENV
13.9,13.9,13.9,13.9,200,2021-08-20 16:14:00,ZENV
13.83,13.83,13.72,13.72,2900,2021-08-20 16:16:00,ZENV
13.75,13.75,13.72,13.75,154000,2021-08-20 16:17:00,ZENV
13.72,13.8886,13.665,13.86,1100,2021-08-20 16:18:00,ZENV
13.75,13.79,13.6507,13.79,2623,2021-08-20 16:21:00,ZENV
13.75,13.75,13.75,13.75,28000,2021-08-20 16:23:00,ZENV
13.81,13.85,13.75,13.75,665,2021-08-20 16:25:00,ZENV
13.6626,13.83,13.6626,13.83,1050,2021-08-20 16:27:00,ZENV
13.61,13.8,13.61,13.8,2100,2021-08-20 16:29:00,ZENV
13.6001,13.6001,13.6001,13.6001,100,2021-08-20 16:37:00,ZENV
13.685,13.685,13.685,13.685,1000,2021-08-20 16:39:00,ZENV
13.7422,13.75,13.7422,13.75,1099,2021-08-20 16:40:00,ZENV
13.74,13.75,13.74,13.75,200,2021-08-20 16:41:00,ZENV
13.76,13.76,13.76,13.76,200,2021-08-20 16:49:00,ZENV
13.751,13.751,13.751,13.751,200,2021-08-20 16:52:00,ZENV
13.75,13.83,13.75,13.83,1099,2021-08-20 17:00:00,ZENV
13.73,13.73,13.73,13.73,200,2021-08-20 17:01:00,ZENV
13.67,13.67,13.64,13.67,1947,2021-08-20 17:04:00,ZENV
13.68,13.68,13.68,13.68,200,2021-08-20 17:05:00,ZENV
13.695,13.695,13.68,13.68,400,2021-08-20 17:06:00,ZENV
13.695,13.695,13.695,13.695,100,2021-08-20 17:07:00,ZENV
13.6711,13.6975,13.6711,13.6975,996,2021-08-20 17:08:00,ZENV
13.72,13.73,13.71,13.73,500,2021-08-20 17:13:00,ZENV
13.75,13.87,13.75,13.8,3100,2021-08-20 17:14:00,ZENV
13.76,13.76,13.74,13.74,300,2021-08-20 17:15:00,ZENV
13.7,13.7,13.7,13.7,300,2021-08-20 17:16:00,ZENV
13.7,13.7,13.6905,13.6905,600,2021-08-20 17:17:00,ZENV
13.7,13.7,13.6905,13.6905,200,2021-08-20 17:18:00,ZENV
13.7,13.7,13.7,13.7,100,2021-08-20 17:30:00,ZENV
13.71,13.71,13.7,13.71,1564,2021-08-20 17:31:00,ZENV
13.6967,13.6967,13.6967,13.6967,1000,2021-08-20 17:32:00,ZENV
13.67,13.67,13.67,13.67,148,2021-08-20 17:47:00,ZENV
13.67,13.67,13.67,13.67,200,2021-08-20 17:49:00,ZENV
13.61,13.61,13.61,13.61,400,2021-08-20 17:52:00,ZENV
13.6,13.6,13.6,13.6,200,2021-08-20 17:59:00,ZENV
13.625,13.625,13.625,13.625,400,2021-08-20 18:03:00,ZENV
13.65,13.65,13.625,13.625,200,2021-08-20 18:06:00,ZENV
13.64,13.65,13.62,13.65,2770,2021-08-20 18:08:00,ZENV
13.64,13.66,13.64,13.65,1200,2021-08-20 18:09:00,ZENV
13.67,13.72,13.67,13.72,900,2021-08-20 18:10:00,ZENV
13.73,13.73,13.73,13.73,425,2021-08-20 18:11:00,ZENV
13.73,13.76,13.73,13.76,400,2021-08-20 18:12:00,ZENV
13.79,13.79,13.79,13.79,225,2021-08-20 18:13:00,ZENV
13.79,13.79,13.79,13.79,100,2021-08-20 18:14:00,ZENV
13.75,13.75,13.75,13.75,19599,2021-08-20 18:15:00,ZENV
13.7518,13.77,13.7518,13.77,600,2021-08-20 18:16:00,ZENV
13.79,13.79,13.79,13.79,100,2021-08-20 18:17:00,ZENV
13.748,13.79,13.748,13.79,1088,2021-08-20 18:19:00,ZENV
13.79,13.97,13.7777,13.97,3800,2021-08-20 18:20:00,ZENV
13.87,13.94,13.87,13.94,200,2021-08-20 18:23:00,ZENV
13.8902,13.8902,13.8902,13.8902,140,2021-08-20 18:25:00,ZENV
13.94,13.94,13.94,13.94,100,2021-08-20 18:26:00,ZENV
13.94,13.94,13.9387,13.9387,300,2021-08-20 18:27:00,ZENV
13.94,13.94,13.94,13.94,100,2021-08-20 18:28:00,ZENV
13.94,13.94,13.94,13.94,100,2021-08-20 18:31:00,ZENV
13.87,13.87,13.87,13.87,100,2021-08-20 18:34:00,ZENV
13.94,13.94,13.94,13.94,100,2021-08-20 18:37:00,ZENV
13.92,13.92,13.92,13.92,200,2021-08-20 18:42:00,ZENV
13.96,13.98,13.88,13.98,2090,2021-08-20 18:43:00,ZENV
13.98,14.0,13.9452,14.0,5401,2021-08-20 18:44:00,ZENV
14.0,14.0,13.95,13.95,500,2021-08-20 18:45:00,ZENV
13.95,14.11,13.95,14.07,6767,2021-08-20 18:46:00,ZENV
14.07,14.07,14.07,14.07,100,2021-08-20 18:47:00,ZENV
14.07,14.07,14.07,14.07,100,2021-08-20 18:48:00,ZENV
14.1399,14.1399,14.1399,14.1399,200,2021-08-20 18:51:00,ZENV
14.07,14.07,14.0084,14.0084,900,2021-08-20 18:52:00,ZENV
14.01,14.01,13.94,13.94,1200,2021-08-20 18:54:00,ZENV
13.8704,13.8704,13.71,13.71,2074,2021-08-20 18:55:00,ZENV
13.87,13.87,13.87,13.87,100,2021-08-20 18:56:00,ZENV
13.85,13.85,13.83,13.83,200,2021-08-20 18:59:00,ZENV
13.8,13.86,13.8,13.86,800,2021-08-20 19:02:00,ZENV
13.9421,13.9421,13.9421,13.9421,350,2021-08-20 19:04:00,ZENV
13.96,13.96,13.95,13.95,300,2021-08-20 19:07:00,ZENV
13.865,13.96,13.865,13.96,200,2021-08-20 19:09:00,ZENV
13.94,13.94,13.94,13.94,100,2021-08-20 19:11:00,ZENV
13.81,13.94,13.81,13.94,200,2021-08-20 19:13:00,ZENV
13.95,13.95,13.95,13.95,100,2021-08-20 19:16:00,ZENV
13.82,13.92,13.81,13.92,400,2021-08-20 19:17:00,ZENV
13.93,13.93,13.93,13.93,100,2021-08-20 19:19:00,ZENV
13.93,13.93,13.93,13.93,100,2021-08-20 19:20:00,ZENV
13.84,13.84,13.83,13.83,300,2021-08-20 19:22:00,ZENV
13.825,13.85,13.825,13.85,400,2021-08-20 19:24:00,ZENV
13.88,13.88,13.88,13.88,100,2021-08-20 19:26:00,ZENV
13.89,13.89,13.89,13.89,100,2021-08-20 19:28:00,ZENV
13.88,13.88,13.88,13.88,100,2021-08-20 19:29:00,ZENV
13.865,13.89,13.865,13.89,500,2021-08-20 19:30:00,ZENV
13.93,13.93,13.93,13.93,100,2021-08-20 19:31:00,ZENV
13.95,13.95,13.95,13.95,100,2021-08-20 19:33:00,ZENV
13.88,13.88,13.88,13.88,100,2021-08-20 19:34:00,ZENV
13.94,13.94,13.94,13.94,100,2021-08-20 19:35:00,ZENV
13.88,13.94,13.88,13.94,200,2021-08-20 19:36:00,ZENV
13.95,13.95,13.89,13.95,300,2021-08-20 19:38:00,ZENV
13.935,13.935,13.92,13.92,226,2021-08-20 19:39:00,ZENV
13.92,13.935,13.91,13.91,1700,2021-08-20 19:40:00,ZENV
13.84,13.84,13.84,13.84,100,2021-08-20 19:42:00,ZENV
13.8318,13.8318,13.83,13.83,350,2021-08-20 19:44:00,ZENV
13.84,13.84,13.84,13.84,100,2021-08-20 19:45:00,ZENV
13.84,13.85,13.84,13.85,900,2021-08-20 19:46:00,ZENV
13.845,13.849,13.84,13.849,822,2021-08-20 19:47:00,ZENV
13.885,13.885,13.885,13.885,100,2021-08-20 19:49:00,ZENV
13.9309,13.9309,13.84,13.84,1368,2021-08-20 19:50:00,ZENV
13.85,13.8589,13.85,13.8589,1835,2021-08-20 19:52:00,ZENV
13.85,13.93,13.85,13.9,8301,2021-08-20 19:54:00,ZENV
13.93,13.93,13.93,13.93,100,2021-08-20 19:55:00,ZENV
13.91,13.92,13.91,13.92,1355,2021-08-20 19:56:00,ZENV
13.92,13.92,13.92,13.92,200,2021-08-20 19:57:00,ZENV
13.9216,13.93,13.88,13.92,2267,2021-08-20 19:58:00,ZENV
13.96,13.96,13.845,13.936,3482,2021-08-20 19:59:00,ZENV
13.84,13.84,13.84,13.84,400,2021-08-20 20:00:00,ZENV
13.75,13.75,13.75,13.75,100,2021-08-20 20:18:00,ZENV
13.92,13.92,13.92,13.92,900,2021-08-23 12:11:00,ZENV
13.94,14.15,13.94,14.1469,2938,2021-08-23 13:30:00,ZENV
14.12,14.12,14.085,14.085,200,2021-08-23 13:31:00,ZENV
14.0221,14.0221,14.0,14.0,500,2021-08-23 13:35:00,ZENV
14.09,14.14,14.09,14.14,922,2021-08-23 13:36:00,ZENV
14.09,14.0953,14.03,14.03,400,2021-08-23 13:40:00,ZENV
14.1399,14.1399,14.1,14.13,1300,2021-08-23 13:41:00,ZENV
14.16,14.16,14.16,14.16,1166,2021-08-23 13:42:00,ZENV
14.17,14.19,14.17,14.19,200,2021-08-23 13:43:00,ZENV
14.19,14.23,14.18,14.23,1250,2021-08-23 13:44:00,ZENV
14.23,14.23,14.1,14.1,4789,2021-08-23 13:45:00,ZENV
14.115,14.18,14.1,14.14,13318,2021-08-23 13:46:00,ZENV
14.12,14.12,14.1077,14.1077,300,2021-08-23 13:47:00,ZENV
14.11,14.27,14.11,14.12,7300,2021-08-23 13:48:00,ZENV
14.16,14.19,14.15,14.19,1300,2021-08-23 13:49:00,ZENV
14.16,14.184,14.16,14.184,600,2021-08-23 13:50:00,ZENV
14.216,14.216,14.216,14.216,100,2021-08-23 13:52:00,ZENV
14.17,14.17,14.17,14.17,100,2021-08-23 13:54:00,ZENV
14.16,14.19,14.115,14.115,1200,2021-08-23 13:55:00,ZENV
14.115,14.115,14.115,14.115,100,2021-08-23 13:56:00,ZENV
14.13,14.21,14.11,14.16,700,2021-08-23 13:57:00,ZENV
14.21,14.23,14.1,14.11,7000,2021-08-23 13:58:00,ZENV
14.155,14.2,14.1,14.145,2400,2021-08-23 13:59:00,ZENV
14.18,14.19,14.1,14.11,1700,2021-08-23 14:00:00,ZENV
14.105,14.19,14.1,14.19,1200,2021-08-23 14:01:00,ZENV
14.23,14.23,14.22,14.22,400,2021-08-23 14:02:00,ZENV
14.27,14.28,14.27,14.27,300,2021-08-23 14:03:00,ZENV
14.28,14.28,14.2101,14.28,1500,2021-08-23 14:04:00,ZENV
14.28,14.37,14.28,14.3696,17473,2021-08-23 14:05:00,ZENV
14.35,14.56,14.35,14.55,9610,2021-08-23 14:06:00,ZENV
14.5,14.52,14.35,14.49,1100,2021-08-23 14:07:00,ZENV
14.49,14.51,14.49,14.51,400,2021-08-23 14:08:00,ZENV
14.57,14.57,14.54,14.57,300,2021-08-23 14:09:00,ZENV
14.57,14.68,14.57,14.68,400,2021-08-23 14:10:00,ZENV
14.66,14.73,14.4401,14.73,8330,2021-08-23 14:11:00,ZENV
14.7,14.7,14.7,14.7,100,2021-08-23 14:12:00,ZENV
14.53,14.76,14.5,14.75,9661,2021-08-23 14:13:00,ZENV
14.57,14.57,14.435,14.5,3617,2021-08-23 14:16:00,ZENV
14.5,14.505,14.5,14.505,2755,2021-08-23 14:17:00,ZENV
14.51,14.51,14.51,14.51,100,2021-08-23 14:19:00,ZENV
14.51,14.51,14.5,14.5,900,2021-08-23 14:20:00,ZENV
14.51,14.64,14.51,14.64,300,2021-08-23 14:21:00,ZENV
14.6202,14.65,14.6,14.6,400,2021-08-23 14:22:00,ZENV
14.62,14.62,14.6,14.6,1002,2021-08-23 14:23:00,ZENV
14.57,14.57,14.57,14.57,100,2021-08-23 14:24:00,ZENV
14.6165,14.62,14.61,14.61,1400,2021-08-23 14:25:00,ZENV
14.6929,14.6929,14.6929,14.6929,500,2021-08-23 14:26:00,ZENV
14.74,14.77,14.74,14.75,600,2021-08-23 14:27:00,ZENV
14.58,14.92,14.58,14.9,14200,2021-08-23 14:28:00,ZENV
14.7628,14.7628,14.7628,14.7628,400,2021-08-23 14:29:00,ZENV
14.89,14.91,14.7616,14.91,700,2021-08-23 14:30:00,ZENV
14.91,14.91,14.91,14.91,300,2021-08-23 14:33:00,ZENV
14.75,14.89,14.75,14.89,200,2021-08-23 14:35:00,ZENV
14.91,15.0,14.8664,14.9438,2437,2021-08-23 14:36:00,ZENV
14.99,15.1,14.99,15.1,4126,2021-08-23 14:37:00,ZENV
15.1,15.18,15.0001,15.15,8068,2021-08-23 14:39:00,ZENV
15.085,15.11,15.085,15.1,1507,2021-08-23 14:40:00,ZENV
15.13,15.13,15.13,15.13,1000,2021-08-23 14:41:00,ZENV
15.1,15.1,15.05,15.09,3814,2021-08-23 14:42:00,ZENV
15.0,15.0,14.95,14.9806,1829,2021-08-23 14:43:00,ZENV
14.9305,15.045,14.92,15.045,1822,2021-08-23 14:44:00,ZENV
14.9715,14.9715,14.9715,14.9715,400,2021-08-23 14:46:00,ZENV
15.0,15.0,14.91,14.91,850,2021-08-23 14:47:00,ZENV
14.8708,15.01,14.8708,15.0,2872,2021-08-23 14:48:00,ZENV
15.05,15.05,15.05,15.05,200,2021-08-23 14:50:00,ZENV
15.05,15.05,15.05,15.05,100,2021-08-23 14:51:00,ZENV
15.07,15.07,15.07,15.07,400,2021-08-23 14:52:00,ZENV
15.055,15.055,15.055,15.055,300,2021-08-23 14:53:00,ZENV
15.0201,15.07,15.0201,15.07,300,2021-08-23 14:54:00,ZENV
15.08,15.08,15.08,15.08,100,2021-08-23 14:55:00,ZENV
15.09,15.16,15.06,15.16,1400,2021-08-23 14:58:00,ZENV
15.11,15.11,15.035,15.035,1200,2021-08-23 15:00:00,ZENV
15.0,15.0,15.0,15.0,100,2021-08-23 15:01:00,ZENV
15.035,15.035,15.0,15.0,1050,2021-08-23 15:02:00,ZENV
14.995,15.0,14.995,15.0,700,2021-08-23 15:03:00,ZENV
14.95,14.95,14.95,14.95,100,2021-08-23 15:04:00,ZENV
14.95,15.0,14.93,15.0,1546,2021-08-23 15:06:00,ZENV
15.0,15.01,14.825,14.88,5249,2021-08-23 15:08:00,ZENV
14.83,14.83,14.83,14.83,100,2021-08-23 15:09:00,ZENV
14.85,14.94,14.74,14.94,1300,2021-08-23 15:11:00,ZENV
14.81,14.81,14.81,14.81,200,2021-08-23 15:12:00,ZENV
14.934,14.934,14.934,14.934,700,2021-08-23 15:20:00,ZENV
14.93,14.94,14.895,14.895,700,2021-08-23 15:21:00,ZENV
15.0,15.0,14.9592,15.0,3200,2021-08-23 15:23:00,ZENV
15.07,15.07,15.07,15.07,500,2021-08-23 15:24:00,ZENV
14.95,15.0,14.95,15.0,500,2021-08-23 15:25:00,ZENV
15.0,15.0,15.0,15.0,100,2021-08-23 15:26:00,ZENV
15.0,15.0,15.0,15.0,1300,2021-08-23 15:27:00,ZENV
15.0,15.11,14.98,15.11,1000,2021-08-23 15:28:00,ZENV
15.0,15.0,15.0,15.0,17968,2021-08-23 15:29:00,ZENV
15.035,15.035,15.035,15.035,1000,2021-08-23 15:31:00,ZENV
15.035,15.035,15.035,15.035,100,2021-08-23 15:32:00,ZENV
15.0,15.03,14.97,14.97,1600,2021-08-23 15:34:00,ZENV
15.0109,15.0109,15.0109,15.0109,500,2021-08-23 15:36:00,ZENV
15.0199,15.0199,15.0199,15.0199,750,2021-08-23 15:37:00,ZENV
15.0,15.0,15.0,15.0,100,2021-08-23 15:42:00,ZENV
15.0,15.0,14.9606,14.9777,2600,2021-08-23 15:44:00,ZENV
15.0,15.085,15.0,15.0,7400,2021-08-23 15:45:00,ZENV
15.0,15.06,15.0,15.0,25100,2021-08-23 15:46:00,ZENV
15.025,15.025,14.98,15.0,3008,2021-08-23 15:47:00,ZENV
15.04,15.05,15.04,15.05,300,2021-08-23 15:52:00,ZENV
15.05,15.15,15.05,15.15,500,2021-08-23 15:53:00,ZENV
15.1371,15.149,15.1371,15.149,249,2021-08-23 15:55:00,ZENV
15.15,15.31,15.15,15.31,1322,2021-08-23 15:56:00,ZENV
15.27,15.28,15.22,15.28,600,2021-08-23 15:58:00,ZENV
15.28,15.4,15.21,15.4,500,2021-08-23 15:59:00,ZENV
15.36,15.36,15.32,15.32,300,2021-08-23 16:00:00,ZENV
15.4,15.4,15.4,15.4,100,2021-08-23 16:01:00,ZENV
15.344,15.344,15.344,15.344,750,2021-08-23 16:02:00,ZENV
15.35,15.4,15.35,15.4,1500,2021-08-23 16:03:00,ZENV
15.41,15.41,15.35,15.35,17019,2021-08-23 16:06:00,ZENV
15.326,15.326,15.326,15.326,100,2021-08-23 16:08:00,ZENV
15.42,15.42,15.42,15.42,100,2021-08-23 16:09:00,ZENV
15.375,15.375,15.375,15.375,100,2021-08-23 16:10:00,ZENV
15.37,15.43,15.37,15.43,1804,2021-08-23 16:11:00,ZENV
15.5,15.5,15.44,15.5,722,2021-08-23 16:12:00,ZENV
15.5458,15.59,15.5458,15.59,2400,2021-08-23 16:13:00,ZENV
15.5999,15.79,15.51,15.76,4836,2021-08-23 16:14:00,ZENV
15.71,15.71,15.66,15.67,700,2021-08-23 16:15:00,ZENV
15.75,15.75,15.62,15.62,1300,2021-08-23 16:16:00,ZENV
15.685,15.73,15.685,15.685,600,2021-08-23 16:18:00,ZENV
15.725,15.75,15.7,15.7,1000,2021-08-23 16:19:00,ZENV
15.7,15.7485,15.68,15.68,700,2021-08-23 16:20:00,ZENV
15.63,15.63,15.63,15.63,100,2021-08-23 16:24:00,ZENV
15.63,15.63,15.49,15.49,1230,2021-08-23 16:25:00,ZENV
15.43,15.43,15.43,15.43,100,2021-08-23 16:26:00,ZENV
15.4,15.4,15.4,15.4,100,2021-08-23 16:27:00,ZENV
15.5155,15.5155,15.5155,15.5155,100,2021-08-23 16:31:00,ZENV
15.42,15.42,15.42,15.42,100,2021-08-23 16:35:00,ZENV
15.495,15.495,15.495,15.495,300,2021-08-23 16:36:00,ZENV
15.4498,15.495,15.4498,15.495,1100,2021-08-23 16:38:00,ZENV
15.45,15.45,15.4,15.4,424,2021-08-23 16:42:00,ZENV
15.43,15.445,15.43,15.445,300,2021-08-23 16:46:00,ZENV
15.46,15.6,15.45,15.59,1800,2021-08-23 16:47:00,ZENV
15.48,15.48,15.4,15.445,1460,2021-08-23 16:48:00,ZENV
15.475,15.475,15.475,15.475,400,2021-08-23 16:51:00,ZENV
15.45,15.45,15.45,15.45,300,2021-08-23 16:55:00,ZENV
15.47,15.47,15.4,15.45,32400,2021-08-23 16:56:00,ZENV
15.45,15.45,15.4,15.445,7500,2021-08-23 16:57:00,ZENV
15.445,15.5,15.4,15.45,1600,2021-08-23 16:58:00,ZENV
15.45,15.455,15.45,15.45,1000,2021-08-23 16:59:00,ZENV
15.45,15.505,15.45,15.465,800,2021-08-23 17:00:00,ZENV
15.46,15.48,15.455,15.455,600,2021-08-23 17:01:00,ZENV
15.43,15.51,15.43,15.51,1250,2021-08-23 17:02:00,ZENV
15.45,15.4548,15.445,15.445,300,2021-08-23 17:03:00,ZENV
15.5001,15.53,15.5001,15.53,1200,2021-08-23 17:04:00,ZENV
15.53,15.53,15.5,15.5,2400,2021-08-23 17:05:00,ZENV
15.49,15.49,15.475,15.475,400,2021-08-23 17:06:00,ZENV
15.5,15.645,15.49,15.49,900,2021-08-23 17:07:00,ZENV
15.5,15.51,15.45,15.47,1550,2021-08-23 17:08:00,ZENV
15.4899,15.4899,15.47,15.47,400,2021-08-23 17:16:00,ZENV
15.33,15.33,15.33,15.33,200,2021-08-23 17:28:00,ZENV
15.32,15.32,15.32,15.32,100,2021-08-23 17:31:00,ZENV
15.405,15.43,15.405,15.43,900,2021-08-23 17:34:00,ZENV
15.4799,15.4799,15.425,15.425,400,2021-08-23 17:35:00,ZENV
15.44,15.44,15.44,15.44,100,2021-08-23 17:36:00,ZENV
15.476,15.476,15.44,15.44,600,2021-08-23 17:38:00,ZENV
15.44,15.44,15.38,15.4,850,2021-08-23 17:39:00,ZENV
15.325,15.4,15.32,15.4,700,2021-08-23 17:43:00,ZENV
15.395,15.45,15.395,15.45,1950,2021-08-23 17:45:00,ZENV
15.5,15.6,15.45,15.45,12142,2021-08-23 17:46:00,ZENV
15.5,15.505,15.5,15.505,1500,2021-08-23 17:54:00,ZENV
15.5,15.51,15.5,15.5,300,2021-08-23 17:55:00,ZENV
15.5999,15.5999,15.51,15.51,1200,2021-08-23 17:57:00,ZENV
15.5674,15.6,15.565,15.5902,750,2021-08-23 17:59:00,ZENV
15.565,15.565,15.53,15.53,200,2021-08-23 18:10:00,ZENV
15.5601,15.5601,15.56,15.56,1364,2021-08-23 18:14:00,ZENV
15.58,15.58,15.56,15.56,400,2021-08-23 18:16:00,ZENV
15.5,15.52,15.5,15.5,500,2021-08-23 18:17:00,ZENV
15.6101,15.6101,15.55,15.55,600,2021-08-23 18:27:00,ZENV
15.55,15.55,15.55,15.55,500,2021-08-23 18:28:00,ZENV
15.57,15.57,15.56,15.57,600,2021-08-23 18:29:00,ZENV
15.63,15.63,15.63,15.63,100,2021-08-23 18:30:00,ZENV
15.6,15.6,15.6,15.6,840,2021-08-23 18:31:00,ZENV
15.6299,15.6299,15.61,15.61,1300,2021-08-23 18:32:00,ZENV
15.6,15.6,15.6,15.6,900,2021-08-23 18:35:00,ZENV
15.62,15.65,15.6,15.62,1800,2021-08-23 18:40:00,ZENV
15.6,15.6,15.57,15.6,1400,2021-08-23 18:42:00,ZENV
15.6,15.6,15.6,15.6,300,2021-08-23 18:45:00,ZENV
15.6,15.6,15.565,15.6,400,2021-08-23 18:47:00,ZENV
15.6,15.64,15.6,15.64,900,2021-08-23 18:49:00,ZENV
15.64,15.64,15.64,15.64,100,2021-08-23 18:50:00,ZENV
15.64,15.64,15.64,15.64,100,2021-08-23 18:51:00,ZENV
15.6,15.6,15.6,15.6,100,2021-08-23 18:52:00,ZENV
15.59,15.59,15.59,15.59,200,2021-08-23 18:57:00,ZENV
15.59,15.59,15.59,15.59,100,2021-08-23 18:58:00,ZENV
15.59,15.59,15.59,15.59,100,2021-08-23 18:59:00,ZENV
15.59,15.59,15.56,15.56,400,2021-08-23 19:00:00,ZENV
15.56,15.56,15.56,15.56,100,2021-08-23 19:01:00,ZENV
15.585,15.6,15.55,15.56,1300,2021-08-23 19:02:00,ZENV
15.56,15.57,15.56,15.56,900,2021-08-23 19:03:00,ZENV
15.6,15.63,15.6,15.62,800,2021-08-23 19:04:00,ZENV
15.6,15.6,15.6,15.6,300,2021-08-23 19:05:00,ZENV
15.6,15.6,15.58,15.58,500,2021-08-23 19:06:00,ZENV
15.58,15.615,15.58,15.615,500,2021-08-23 19:07:00,ZENV
15.6007,15.65,15.6007,15.65,1000,2021-08-23 19:08:00,ZENV
15.64,15.64,15.58,15.58,3358,2021-08-23 19:09:00,ZENV
15.56,15.62,15.52,15.62,1000,2021-08-23 19:10:00,ZENV
15.59,15.59,15.455,15.5494,18094,2021-08-23 19:11:00,ZENV
15.535,15.535,15.535,15.535,100,2021-08-23 19:12:00,ZENV
15.57,15.635,15.57,15.635,700,2021-08-23 19:13:00,ZENV
15.645,15.645,15.64,15.64,900,2021-08-23 19:14:00,ZENV
15.61,15.61,15.52,15.59,600,2021-08-23 19:15:00,ZENV
15.5501,15.635,15.55,15.55,1305,2021-08-23 19:16:00,ZENV
15.55,15.63,15.5,15.5,3200,2021-08-23 19:17:00,ZENV
15.55,15.685,15.55,15.685,1900,2021-08-23 19:18:00,ZENV
15.6901,15.6901,15.57,15.57,1300,2021-08-23 19:19:00,ZENV
15.57,15.57,15.57,15.57,200,2021-08-23 19:20:00,ZENV
15.57,15.57,15.57,15.57,200,2021-08-23 19:21:00,ZENV
15.57,15.58,15.57,15.58,200,2021-08-23 19:22:00,ZENV
15.58,15.58,15.58,15.58,600,2021-08-23 19:23:00,ZENV
15.58,15.58,15.55,15.55,200,2021-08-23 19:24:00,ZENV
15.51,15.51,15.51,15.51,100,2021-08-23 19:26:00,ZENV
15.5101,15.575,15.5101,15.57,2200,2021-08-23 19:27:00,ZENV
15.6286,15.6286,15.6286,15.6286,3180,2021-08-23 19:28:00,ZENV
15.58,15.58,15.565,15.565,300,2021-08-23 19:31:00,ZENV
15.6,15.645,15.6,15.645,640,2021-08-23 19:32:00,ZENV
15.6701,15.6781,15.6701,15.6781,1133,2021-08-23 19:35:00,ZENV
15.555,15.5598,15.555,15.5598,200,2021-08-23 19:36:00,ZENV
15.57,15.61,15.57,15.61,600,2021-08-23 19:37:00,ZENV
15.69,15.74,15.69,15.74,200,2021-08-23 19:38:00,ZENV
15.74,15.79,15.675,15.73,4777,2021-08-23 19:40:00,ZENV
15.685,15.685,15.685,15.685,100,2021-08-23 19:42:00,ZENV
15.72,15.79,15.72,15.78,1830,2021-08-23 19:43:00,ZENV
15.75,15.8,15.75,15.8,500,2021-08-23 19:45:00,ZENV
15.8,15.8,15.655,15.75,2084,2021-08-23 19:46:00,ZENV
15.75,15.85,15.74,15.79,6237,2021-08-23 19:47:00,ZENV
15.75,15.75,15.75,15.75,100,2021-08-23 19:48:00,ZENV
15.69,15.69,15.5816,15.5816,550,2021-08-23 19:50:00,ZENV
15.66,15.75,15.66,15.75,1600,2021-08-23 19:51:00,ZENV
15.7499,15.75,15.66,15.74,9336,2021-08-23 19:52:00,ZENV
15.75,15.81,15.75,15.76,4850,2021-08-23 19:53:00,ZENV
15.75,15.81,15.735,15.735,4450,2021-08-23 19:55:00,ZENV
15.81,15.8299,15.75,15.82,3100,2021-08-23 19:56:00,ZENV
15.75,15.81,15.73,15.75,2800,2021-08-23 19:57:00,ZENV
15.78,15.79,15.715,15.76,3750,2021-08-23 19:58:00,ZENV
15.8,15.87,15.755,15.785,7916,2021-08-23 19:59:00,ZENV
15.74,15.74,15.74,15.74,1565,2021-08-23 20:00:00,ZENV
15.9,15.9,15.9,15.9,100,2021-08-24 13:29:00,ZENV
15.82,15.82,15.82,15.82,1357,2021-08-24 13:30:00,ZENV
15.72,15.74,15.72,15.74,1200,2021-08-24 13:32:00,ZENV
15.74,15.75,15.72,15.72,1000,2021-08-24 13:38:00,ZENV
15.5,15.74,15.5,15.74,758,2021-08-24 13:41:00,ZENV
15.6,15.6,15.56,15.56,988,2021-08-24 13:42:00,ZENV
15.56,15.589,15.3046,15.589,6065,2021-08-24 13:43:00,ZENV
15.2601,15.54,15.26,15.54,3534,2021-08-24 13:44:00,ZENV
15.534,15.5465,15.39,15.39,3200,2021-08-24 13:45:00,ZENV
15.39,15.39,15.39,15.39,200,2021-08-24 13:46:00,ZENV
15.39,15.54,15.24,15.24,2928,2021-08-24 13:47:00,ZENV
15.5204,15.5204,15.395,15.395,281,2021-08-24 13:49:00,ZENV
15.395,15.395,15.395,15.395,100,2021-08-24 13:50:00,ZENV
15.395,15.55,15.395,15.405,1500,2021-08-24 13:51:00,ZENV
15.55,15.6,15.44,15.44,400,2021-08-24 13:52:00,ZENV
15.33,15.55,15.33,15.55,1500,2021-08-24 13:57:00,ZENV
15.61,15.61,15.61,15.61,220,2021-08-24 13:58:00,ZENV
15.3,15.68,15.3,15.3703,760,2021-08-24 13:59:00,ZENV
15.33,15.68,15.29,15.68,700,2021-08-24 14:00:00,ZENV
15.66,15.67,15.66,15.66,500,2021-08-24 14:04:00,ZENV
15.67,15.67,15.66,15.66,725,2021-08-24 14:05:00,ZENV
15.6227,15.67,15.6227,15.67,600,2021-08-24 14:06:00,ZENV
15.68,15.75,15.68,15.75,710,2021-08-24 14:08:00,ZENV
15.75,15.75,15.75,15.75,100,2021-08-24 14:09:00,ZENV
15.74,15.74,15.645,15.74,1200,2021-08-24 14:10:00,ZENV
15.73,15.73,15.73,15.73,100,2021-08-24 14:12:00,ZENV
15.795,15.795,15.795,15.795,100,2021-08-24 14:14:00,ZENV
15.852,15.8899,15.72,15.88,1100,2021-08-24 14:15:00,ZENV
15.77,16.16,15.745,15.95,16233,2021-08-24 14:16:00,ZENV
16.14,16.17,16.0,16.13,1250,2021-08-24 14:17:00,ZENV
16.17,16.44,16.17,16.22,1000,2021-08-24 14:18:00,ZENV
16.22,16.22,16.2041,16.22,1600,2021-08-24 14:19:00,ZENV
16.19,16.21,16.12,16.12,300,2021-08-24 14:20:00,ZENV
16.02,16.12,16.005,16.0621,600,2021-08-24 14:22:00,ZENV
16.0,16.0,15.8198,15.98,2369,2021-08-24 14:23:00,ZENV
15.9194,15.99,15.89,15.99,915,2021-08-24 14:25:00,ZENV
15.99,16.0,15.99,16.0,411,2021-08-24 14:26:00,ZENV
16.08,16.1,16.0,16.1,800,2021-08-24 14:27:00,ZENV
16.09,16.12,15.93,15.93,1039,2021-08-24 14:28:00,ZENV
16.0,16.0,16.0,16.0,100,2021-08-24 14:29:00,ZENV
16.09,16.09,16.09,16.09,100,2021-08-24 14:30:00,ZENV
16.1,16.1,16.0985,16.0988,422,2021-08-24 14:31:00,ZENV
16.25,16.25,16.01,16.14,500,2021-08-24 14:32:00,ZENV
16.14,16.14,16.14,16.14,300,2021-08-24 14:33:00,ZENV
16.14,16.14,16.14,16.14,100,2021-08-24 14:34:00,ZENV
16.13,16.13,16.13,16.13,100,2021-08-24 14:35:00,ZENV
16.14,16.14,16.14,16.14,100,2021-08-24 14:36:00,ZENV
16.14,16.14,16.14,16.14,100,2021-08-24 14:37:00,ZENV
16.0001,16.2,16.0001,16.19,1600,2021-08-24 14:38:00,ZENV
16.14,16.14,16.14,16.14,1000,2021-08-24 14:40:00,ZENV
16.08,16.08,16.08,16.08,300,2021-08-24 14:41:00,ZENV
16.15,16.15,16.0,16.045,26184,2021-08-24 14:42:00,ZENV
15.98,15.98,15.92,15.92,1400,2021-08-24 14:43:00,ZENV
15.95,15.97,15.95,15.97,300,2021-08-24 14:44:00,ZENV
15.97,15.97,15.97,15.97,600,2021-08-24 14:46:00,ZENV
15.97,15.97,15.97,15.97,300,2021-08-24 14:47:00,ZENV
16.03,16.03,15.95,15.95,400,2021-08-24 14:48:00,ZENV
16.015,16.015,16.015,16.015,400,2021-08-24 14:49:00,ZENV
16.015,16.015,16.015,16.015,100,2021-08-24 14:50:00,ZENV
16.015,16.015,15.98,15.98,300,2021-08-24 14:51:00,ZENV
16.015,16.015,16.011,16.015,550,2021-08-24 14:52:00,ZENV
16.015,16.015,16.0,16.012,870,2021-08-24 14:53:00,ZENV
16.015,16.015,16.015,16.015,200,2021-08-24 14:54:00,ZENV
16.015,16.015,16.015,16.015,200,2021-08-24 14:55:00,ZENV
16.015,16.015,16.015,16.015,300,2021-08-24 14:56:00,ZENV
15.9999,16.005,15.98,16.005,1360,2021-08-24 14:57:00,ZENV
16.005,16.005,16.005,16.005,200,2021-08-24 14:58:00,ZENV
16.005,16.005,16.005,16.005,300,2021-08-24 14:59:00,ZENV
16.005,16.005,16.005,16.005,300,2021-08-24 15:00:00,ZENV
16.005,16.005,16.005,16.005,100,2021-08-24 15:01:00,ZENV
16.005,16.005,16.005,16.005,300,2021-08-24 15:02:00,ZENV
16.005,16.005,15.98,16.005,400,2021-08-24 15:03:00,ZENV
16.005,16.005,16.005,16.005,200,2021-08-24 15:04:00,ZENV
16.005,16.005,16.005,16.005,300,2021-08-24 15:05:00,ZENV
16.005,16.005,15.91,15.91,1425,2021-08-24 15:06:00,ZENV
15.97,16.045,15.93,16.045,823,2021-08-24 15:12:00,ZENV
15.97,16.035,15.97,16.035,300,2021-08-24 15:13:00,ZENV
16.035,16.035,16.035,16.035,100,2021-08-24 15:14:00,ZENV
16.035,16.045,16.035,16.045,200,2021-08-24 15:16:00,ZENV
16.04,16.04,16.04,16.04,200,2021-08-24 15:17:00,ZENV
16.04,16.15,16.0,16.0,6900,2021-08-24 15:18:00,ZENV
16.045,16.045,15.94,16.0,400,2021-08-24 15:19:00,ZENV
15.97,15.97,15.97,15.97,100,2021-08-24 15:20:00,ZENV
15.97,16.0,15.97,15.97,400,2021-08-24 15:22:00,ZENV
16.0,16.0,15.99,15.99,200,2021-08-24 15:24:00,ZENV
16.0,16.0,16.0,16.0,300,2021-08-24 15:25:00,ZENV
16.0,16.0,15.975,15.975,934,2021-08-24 15:26:00,ZENV
16.0,16.0,16.0,16.0,200,2021-08-24 15:27:00,ZENV
16.0,16.0,15.97,15.97,700,2021-08-24 15:28:00,ZENV
16.0,16.0,16.0,16.0,300,2021-08-24 15:29:00,ZENV
16.0,16.0,16.0,16.0,300,2021-08-24 15:30:00,ZENV
16.0,16.0,16.0,16.0,100,2021-08-24 15:31:00,ZENV
16.0,16.0,16.0,16.0,300,2021-08-24 15:32:00,ZENV
16.0,16.0,16.0,16.0,200,2021-08-24 15:33:00,ZENV
16.0,16.0,15.975,15.975,500,2021-08-24 15:34:00,ZENV
15.95,16.0,15.95,16.0,700,2021-08-24 15:35:00,ZENV
16.0,16.0,16.0,16.0,200,2021-08-24 15:36:00,ZENV
16.0,16.0,15.97,15.97,400,2021-08-24 15:37:00,ZENV
16.0,16.0,16.0,16.0,100,2021-08-24 15:38:00,ZENV
16.0,16.0,16.0,16.0,300,2021-08-24 15:39:00,ZENV
16.0,16.0,16.0,16.0,400,2021-08-24 15:40:00,ZENV
16.0,16.0,16.0,16.0,200,2021-08-24 15:41:00,ZENV
16.0,16.0,16.0,16.0,200,2021-08-24 15:42:00,ZENV
15.9927,16.01,15.9927,16.01,700,2021-08-24 15:43:00,ZENV
16.0,16.0,16.0,16.0,200,2021-08-24 15:44:00,ZENV
16.01,16.01,15.95,15.95,12139,2021-08-24 15:45:00,ZENV
15.9999,15.9999,15.9999,15.9999,1000,2021-08-24 15:48:00,ZENV
16.0,16.0,16.0,16.0,100,2021-08-24 15:49:00,ZENV
16.0,16.0,16.0,16.0,100,2021-08-24 15:50:00,ZENV
16.0,16.0,15.98,15.98,200,2021-08-24 15:51:00,ZENV
16.0,16.0,16.0,16.0,200,2021-08-24 15:52:00,ZENV
16.0,16.0,16.0,16.0,100,2021-08-24 15:53:00,ZENV
15.98,16.0,15.98,16.0,200,2021-08-24 15:54:00,ZENV
15.97,15.97,15.97,15.97,100,2021-08-24 15:55:00,ZENV
15.96,16.0,15.96,16.0,300,2021-08-24 15:57:00,ZENV
15.96,16.0,15.95,16.0,500,2021-08-24 15:58:00,ZENV
16.0,16.0,16.0,16.0,300,2021-08-24 15:59:00,ZENV
16.0,16.0,16.0,16.0,200,2021-08-24 16:00:00,ZENV
16.0,16.04,15.97,15.97,1350,2021-08-24 16:02:00,ZENV
15.9427,15.97,15.9427,15.97,1000,2021-08-24 16:03:00,ZENV
16.025,16.045,15.9668,16.04,1300,2021-08-24 16:04:00,ZENV
16.14,16.14,16.02,16.02,300,2021-08-24 16:05:00,ZENV
16.08,16.08,16.08,16.08,500,2021-08-24 16:06:00,ZENV
16.08,16.16,16.08,16.09,400,2021-08-24 16:07:00,ZENV
16.16,16.16,16.16,16.16,100,2021-08-24 16:09:00,ZENV
16.16,16.16,16.16,16.16,100,2021-08-24 16:10:00,ZENV
16.095,16.15,16.095,16.15,500,2021-08-24 16:11:00,ZENV
16.16,16.16,16.16,16.16,100,2021-08-24 16:12:00,ZENV
16.09,16.13,16.09,16.13,500,2021-08-24 16:13:00,ZENV
16.0498,16.11,16.0498,16.11,475,2021-08-24 16:14:00,ZENV
16.075,16.18,16.075,16.18,500,2021-08-24 16:15:00,ZENV
16.18,16.18,16.125,16.125,500,2021-08-24 16:17:00,ZENV
16.125,16.125,16.125,16.125,100,2021-08-24 16:18:00,ZENV
16.16,16.16,16.09,16.09,1250,2021-08-24 16:19:00,ZENV
16.13,16.13,16.09,16.09,500,2021-08-24 16:20:00,ZENV
16.125,16.16,16.125,16.16,300,2021-08-24 16:21:00,ZENV
16.16,16.16,16.16,16.16,100,2021-08-24 16:23:00,ZENV
16.145,16.145,16.145,16.145,500,2021-08-24 16:24:00,ZENV
16.19,16.19,16.145,16.145,200,2021-08-24 16:25:00,ZENV
16.145,16.19,16.1,16.19,800,2021-08-24 16:26:00,ZENV
16.19,16.19,16.145,16.145,200,2021-08-24 16:27:00,ZENV
16.145,16.18,16.13,16.18,400,2021-08-24 16:28:00,ZENV
16.15,16.15,16.1,16.1,973,2021-08-24 16:29:00,ZENV
16.17,16.19,16.05,16.085,9018,2021-08-24 16:30:00,ZENV
15.995,16.02,15.995,16.01,1000,2021-08-24 16:31:00,ZENV
16.01,16.01,16.01,16.01,800,2021-08-24 16:32:00,ZENV
16.01,16.01,16.01,16.01,100,2021-08-24 16:33:00,ZENV
16.069,16.069,16.069,16.069,1000,2021-08-24 16:34:00,ZENV
16.05,16.05,16.05,16.05,100,2021-08-24 16:37:00,ZENV
16.05,16.05,16.05,16.05,100,2021-08-24 16:38:00,ZENV
16.05,16.05,16.05,16.05,500,2021-08-24 16:40:00,ZENV
16.05,16.05,16.05,16.05,100,2021-08-24 16:41:00,ZENV
16.08,16.08,16.08,16.08,100,2021-08-24 16:42:00,ZENV
16.05,16.08,16.05,16.055,1500,2021-08-24 16:43:00,ZENV
16.06,16.06,16.06,16.06,100,2021-08-24 16:44:00,ZENV
16.045,16.045,16.045,16.045,100,2021-08-24 16:45:00,ZENV
16.06,16.06,16.06,16.06,100,2021-08-24 16:46:00,ZENV
16.06,16.06,15.98,15.98,1100,2021-08-24 16:48:00,ZENV
15.98,15.98,15.98,15.98,216,2021-08-24 16:49:00,ZENV
15.99,16.0,15.9882,15.9882,600,2021-08-24 16:52:00,ZENV
16.12,16.12,16.055,16.12,300,2021-08-24 17:00:00,ZENV
16.055,16.13,16.055,16.13,200,2021-08-24 17:02:00,ZENV
16.13,16.13,16.06,16.06,200,2021-08-24 17:03:00,ZENV
16.13,16.13,16.13,16.13,100,2021-08-24 17:04:00,ZENV
16.13,16.13,16.12,16.12,200,2021-08-24 17:06:00,ZENV
16.12,16.12,16.12,16.12,100,2021-08-24 17:08:00,ZENV
16.12,16.12,16.12,16.12,100,2021-08-24 17:09:00,ZENV
16.11,16.11,15.99,15.99,200,2021-08-24 17:11:00,ZENV
16.11,16.11,16.11,16.11,100,2021-08-24 17:12:00,ZENV
16.08,16.08,16.05,16.05,900,2021-08-24 17:13:00,ZENV
16.06,16.06,15.93,15.93,1600,2021-08-24 17:14:00,ZENV
15.95,16.0,15.95,15.97,600,2021-08-24 17:15:00,ZENV
16.045,16.045,16.0,16.0,2100,2021-08-24 17:21:00,ZENV
16.0,16.04,16.0,16.04,300,2021-08-24 17:23:00,ZENV
16.0,16.04,16.0,16.04,700,2021-08-24 17:28:00,ZENV
16.03,16.03,16.03,16.03,100,2021-08-24 17:29:00,ZENV
16.02,16.03,16.02,16.03,350,2021-08-24 17:30:00,ZENV
16.08,16.08,16.08,16.08,300,2021-08-24 17:31:00,ZENV
16.09,16.14,16.09,16.14,300,2021-08-24 17:33:00,ZENV
16.18,16.18,16.13,16.18,689,2021-08-24 17:35:00,ZENV
16.19,16.19,16.19,16.19,200,2021-08-24 17:36:00,ZENV
16.19,16.19,16.19,16.19,100,2021-08-24 17:38:00,ZENV
16.19,16.19,16.19,16.19,300,2021-08-24 17:39:00,ZENV
16.13,16.13,16.0701,16.0701,550,2021-08-24 17:40:00,ZENV
16.19,16.19,16.19,16.19,100,2021-08-24 17:41:00,ZENV
16.19,16.19,16.19,16.19,100,2021-08-24 17:42:00,ZENV
16.19,16.19,16.19,16.19,100,2021-08-24 17:43:00,ZENV
16.19,16.19,16.19,16.19,300,2021-08-24 17:44:00,ZENV
16.2,16.2,16.2,16.2,100,2021-08-24 17:45:00,ZENV
16.2,16.31,16.1532,16.31,1300,2021-08-24 17:47:00,ZENV
16.3199,16.3199,16.205,16.31,1300,2021-08-24 17:49:00,ZENV
16.29,16.3,16.29,16.3,200,2021-08-24 17:51:00,ZENV
16.3,16.3,16.3,16.3,100,2021-08-24 17:52:00,ZENV
16.25,16.25,16.25,16.25,100,2021-08-24 17:53:00,ZENV
16.28,16.28,16.28,16.28,200,2021-08-24 17:54:00,ZENV
16.25,16.28,16.25,16.25,400,2021-08-24 17:55:00,ZENV
16.25,16.25,16.25,16.25,100,2021-08-24 17:56:00,ZENV
16.25,16.25,16.2079,16.21,1650,2021-08-24 17:57:00,ZENV
16.25,16.25,16.23,16.25,400,2021-08-24 17:58:00,ZENV
16.24,16.24,16.24,16.24,100,2021-08-24 17:59:00,ZENV
16.24,16.24,16.24,16.24,100,2021-08-24 18:00:00,ZENV
16.24,16.24,16.195,16.195,900,2021-08-24 18:01:00,ZENV
16.23,16.28,16.22,16.225,1585,2021-08-24 18:02:00,ZENV
16.225,16.225,16.22,16.22,300,2021-08-24 18:03:00,ZENV
16.22,16.27,16.22,16.27,562,2021-08-24 18:05:00,ZENV
16.28,16.28,16.28,16.28,100,2021-08-24 18:06:00,ZENV
16.28,16.28,16.28,16.28,100,2021-08-24 18:07:00,ZENV
16.3,16.3,16.3,16.3,100,2021-08-24 18:10:00,ZENV
16.261,16.261,16.261,16.261,250,2021-08-24 18:11:00,ZENV
16.3,16.3,16.209,16.29,500,2021-08-24 18:13:00,ZENV
16.28,16.35,16.275,16.275,4728,2021-08-24 18:15:00,ZENV
16.3,16.35,16.3,16.35,400,2021-08-24 18:16:00,ZENV
16.34,16.34,16.29,16.29,200,2021-08-24 18:17:00,ZENV
16.32,16.35,16.29,16.29,2575,2021-08-24 18:18:00,ZENV
16.29,16.32,16.25,16.25,3800,2021-08-24 18:19:00,ZENV
16.29,16.3,16.25,16.255,8811,2021-08-24 18:20:00,ZENV
16.28,16.28,16.27,16.27,300,2021-08-24 18:21:00,ZENV
16.227,16.227,16.227,16.227,600,2021-08-24 18:22:00,ZENV
16.2818,16.2818,16.2818,16.2818,300,2021-08-24 18:24:00,ZENV
16.28,16.28,16.21,16.21,600,2021-08-24 18:25:00,ZENV
16.24,16.24,16.24,16.24,200,2021-08-24 18:26:00,ZENV
16.285,16.34,16.23,16.25,1681,2021-08-24 18:27:00,ZENV
16.25,16.25,16.15,16.15,1800,2021-08-24 18:28:00,ZENV
16.15,16.2,16.0101,16.0101,2194,2021-08-24 18:29:00,ZENV
16.21,16.21,16.06,16.06,300,2021-08-24 18:30:00,ZENV
16.19,16.19,16.19,16.19,532,2021-08-24 18:31:00,ZENV
16.18,16.18,16.18,16.18,200,2021-08-24 18:32:00,ZENV
16.16,16.16,16.16,16.16,200,2021-08-24 18:34:00,ZENV
16.07,16.18,16.07,16.18,400,2021-08-24 18:35:00,ZENV
16.09,16.2,16.09,16.1695,1000,2021-08-24 18:36:00,ZENV
16.14,16.3,16.13,16.225,4746,2021-08-24 18:37:00,ZENV
16.195,16.2,16.195,16.195,500,2021-08-24 18:38:00,ZENV
16.21,16.25,16.2,16.24,700,2021-08-24 18:40:00,ZENV
16.24,16.5,16.24,16.5,900,2021-08-24 18:41:00,ZENV
16.49,16.49,16.285,16.31,700,2021-08-24 18:42:00,ZENV
16.38,16.385,16.38,16.385,200,2021-08-24 18:43:00,ZENV
16.51,16.51,16.51,16.51,200,2021-08-24 18:44:00,ZENV
16.51,16.51,16.51,16.51,100,2021-08-24 18:45:00,ZENV
16.385,16.385,16.385,16.385,200,2021-08-24 18:46:00,ZENV
16.385,16.51,16.385,16.51,500,2021-08-24 18:47:00,ZENV
16.385,16.385,16.385,16.385,200,2021-08-24 18:48:00,ZENV
16.45,16.45,16.385,16.385,200,2021-08-24 18:49:00,ZENV
16.51,16.51,16.32,16.32,600,2021-08-24 18:50:00,ZENV
16.35,16.385,16.32,16.385,600,2021-08-24 18:51:00,ZENV
16.385,16.39,16.385,16.39,200,2021-08-24 18:52:00,ZENV
16.47,16.47,16.275,16.43,2525,2021-08-24 18:53:00,ZENV
16.43,16.43,16.3,16.35,975,2021-08-24 18:54:00,ZENV
16.34,16.34,16.34,16.34,400,2021-08-24 18:55:00,ZENV
16.42,16.42,16.41,16.41,600,2021-08-24 18:57:00,ZENV
16.41,16.64,16.41,16.51,751,2021-08-24 18:58:00,ZENV
16.505,16.505,16.505,16.505,100,2021-08-24 18:59:00,ZENV
16.505,16.59,16.505,16.52,500,2021-08-24 19:00:00,ZENV
16.52,16.6,16.52,16.6,400,2021-08-24 19:01:00,ZENV
16.59,16.6,16.59,16.6,200,2021-08-24 19:02:00,ZENV
16.62,16.69,16.62,16.69,329,2021-08-24 19:03:00,ZENV
16.61,16.67,16.61,16.66,800,2021-08-24 19:04:00,ZENV
16.6,16.62,16.575,16.62,1000,2021-08-24 19:05:00,ZENV
16.54,16.575,16.15,16.15,1600,2021-08-24 19:06:00,ZENV
16.55,16.55,16.55,16.55,100,2021-08-24 19:12:00,ZENV
16.51,16.51,16.51,16.51,100,2021-08-24 19:13:00,ZENV
16.49,16.54,16.35,16.54,1200,2021-08-24 19:14:00,ZENV
16.52,16.52,16.52,16.52,100,2021-08-24 19:15:00,ZENV
16.51,16.51,16.41,16.41,400,2021-08-24 19:16:00,ZENV
16.45,16.56,16.45,16.56,1500,2021-08-24 19:17:00,ZENV
16.5226,16.56,16.51,16.51,1318,2021-08-24 19:18:00,ZENV
16.5,16.5,16.5,16.5,100,2021-08-24 19:19:00,ZENV
16.45,16.45,16.45,16.45,100,2021-08-24 19:24:00,ZENV
16.45,16.45,16.45,16.45,100,2021-08-24 19:26:00,ZENV
16.45,16.45,16.45,16.45,100,2021-08-24 19:27:00,ZENV
16.33,16.44,16.22,16.22,1000,2021-08-24 19:28:00,ZENV
16.41,16.41,16.27,16.27,700,2021-08-24 19:29:00,ZENV
16.37,16.38,16.37,16.38,400,2021-08-24 19:30:00,ZENV
16.46,16.5,16.32,16.34,1100,2021-08-24 19:31:00,ZENV
16.47,16.5,16.38,16.5,800,2021-08-24 19:32:00,ZENV
16.47,16.47,16.45,16.45,200,2021-08-24 19:37:00,ZENV
16.49,16.52,16.47,16.52,900,2021-08-24 19:39:00,ZENV
16.53,16.53,16.53,16.53,100,2021-08-24 19:40:00,ZENV
16.53,16.56,16.37,16.37,500,2021-08-24 19:41:00,ZENV
16.54,16.54,16.52,16.53,500,2021-08-24 19:42:00,ZENV
16.54,16.64,16.45,16.47,3000,2021-08-24 19:43:00,ZENV
16.63,16.63,16.385,16.385,5088,2021-08-24 19:44:00,ZENV
16.385,16.39,16.385,16.39,200,2021-08-24 19:45:00,ZENV
16.46,16.47,16.34,16.34,1000,2021-08-24 19:46:00,ZENV
16.4,16.45,16.37,16.45,1100,2021-08-24 19:47:00,ZENV
16.45,16.45,16.415,16.45,300,2021-08-24 19:48:00,ZENV
16.48,16.48,16.41,16.45,990,2021-08-24 19:49:00,ZENV
16.45,16.53,16.445,16.445,2000,2021-08-24 19:50:00,ZENV
16.39,16.42,16.31,16.4,7350,2021-08-24 19:51:00,ZENV
16.49,16.49,16.44,16.44,400,2021-08-24 19:52:00,ZENV
16.49,16.5,16.47,16.5,300,2021-08-24 19:53:00,ZENV
16.5,16.59,16.49,16.49,4018,2021-08-24 19:54:00,ZENV
16.5,16.5,16.45,16.46,2150,2021-08-24 19:55:00,ZENV
16.5,16.51,16.41,16.41,4599,2021-08-24 19:56:00,ZENV
16.41,16.41,16.3892,16.41,600,2021-08-24 19:57:00,ZENV
16.41,16.41,16.41,16.41,700,2021-08-24 19:58:00,ZENV
16.41,16.56,16.41,16.5,4410,2021-08-24 19:59:00,ZENV
16.35,16.35,16.35,16.35,2870,2021-08-24 20:00:00,ZENV
16.27,16.27,16.27,16.27,441,2021-08-25 13:30:00,ZENV
15.7535,16.29,15.7535,16.29,3147,2021-08-25 13:35:00,ZENV
16.025,16.3366,16.025,16.3366,600,2021-08-25 13:36:00,ZENV
16.0387,16.0387,16.0387,16.0387,190,2021-08-25 13:38:00,ZENV
16.02,16.17,16.02,16.17,300,2021-08-25 13:39:00,ZENV
16.2655,16.2655,16.2655,16.2655,100,2021-08-25 13:40:00,ZENV
16.33,17.05,16.33,17.05,7158,2021-08-25 13:41:00,ZENV
17.2599,17.49,17.23,17.49,7818,2021-08-25 13:42:00,ZENV
17.4915,17.81,17.45,17.71,8570,2021-08-25 13:43:00,ZENV
17.5,17.5,17.5,17.5,100,2021-08-25 13:44:00,ZENV
17.755,17.98,17.66,17.98,700,2021-08-25 13:46:00,ZENV
17.93,17.93,17.3051,17.3051,1800,2021-08-25 13:47:00,ZENV
17.39,17.39,17.1123,17.1123,500,2021-08-25 13:48:00,ZENV
17.39,17.39,17.39,17.39,100,2021-08-25 13:49:00,ZENV
17.6074,17.9424,17.6074,17.94,400,2021-08-25 13:58:00,ZENV
17.94,17.9456,17.65,17.65,1439,2021-08-25 13:59:00,ZENV
17.99,18.36,17.97,18.34,1837,2021-08-25 14:00:00,ZENV
18.01,18.04,18.01,18.01,5000,2021-08-25 14:01:00,ZENV
18.3,18.3,18.0902,18.0902,300,2021-08-25 14:02:00,ZENV
18.15,18.22,18.15,18.18,600,2021-08-25 14:03:00,ZENV
18.2,18.2,18.2,18.2,1800,2021-08-25 14:04:00,ZENV
18.0765,18.21,18.0765,18.21,1916,2021-08-25 14:05:00,ZENV
18.03,18.06,18.0,18.06,3553,2021-08-25 14:06:00,ZENV
18.15,18.15,18.15,18.15,100,2021-08-25 14:07:00,ZENV
18.0,18.02,17.76,17.87,8899,2021-08-25 14:08:00,ZENV
17.75,17.76,17.4001,17.4001,6111,2021-08-25 14:12:00,ZENV
17.4301,17.5,17.4301,17.5,200,2021-08-25 14:13:00,ZENV
17.5,17.71,17.481,17.71,600,2021-08-25 14:14:00,ZENV
17.7202,17.7202,17.5,17.6,2800,2021-08-25 14:15:00,ZENV
17.51,17.61,17.4,17.4,6168,2021-08-25 14:17:00,ZENV
17.4,17.4,17.4,17.4,4400,2021-08-25 14:19:00,ZENV
17.5184,17.5184,17.495,17.495,475,2021-08-25 14:20:00,ZENV
17.555,17.555,17.555,17.555,100,2021-08-25 14:22:00,ZENV
17.612,17.612,17.48,17.48,2400,2021-08-25 14:25:00,ZENV
17.4,17.4,17.4,17.4,100,2021-08-25 14:26:00,ZENV
17.4113,17.4113,17.4113,17.4113,360,2021-08-25 14:28:00,ZENV
17.41,17.4103,17.35,17.35,6034,2021-08-25 14:29:00,ZENV
17.25,17.25,17.25,17.25,700,2021-08-25 14:30:00,ZENV
17.0,17.0,16.75,16.75,12500,2021-08-25 14:31:00,ZENV
16.71,16.8,16.69,16.8,2085,2021-08-25 14:35:00,ZENV
16.7,16.7,16.7,16.7,200,2021-08-25 14:36:00,ZENV
16.605,16.605,16.3,16.5,3338,2021-08-25 14:37:00,ZENV
16.4413,16.71,16.4413,16.7,2210,2021-08-25 14:38:00,ZENV
16.53,16.89,16.48,16.83,5959,2021-08-25 14:39:00,ZENV
16.5401,17.14,16.5401,17.14,9996,2021-08-25 14:40:00,ZENV
17.29,17.29,17.2606,17.29,300,2021-08-25 14:42:00,ZENV
17.69,17.7,17.68,17.68,300,2021-08-25 14:43:00,ZENV
17.69,17.69,17.15,17.15,3530,2021-08-25 14:45:00,ZENV
16.8456,16.8456,16.8456,16.8456,1500,2021-08-25 14:46:00,ZENV
17.1,17.13,17.1,17.125,500,2021-08-25 14:50:00,ZENV
17.13,17.13,17.071,17.071,1300,2021-08-25 14:51:00,ZENV
17.09,17.09,17.09,17.09,100,2021-08-25 14:52:00,ZENV
17.04,17.04,16.99,16.99,4882,2021-08-25 14:54:00,ZENV
16.93,17.06,16.93,17.06,656,2021-08-25 14:57:00,ZENV
16.99,16.99,16.99,16.99,250,2021-08-25 14:58:00,ZENV
16.9101,16.975,16.91,16.975,606,2021-08-25 15:00:00,ZENV
16.975,16.975,16.975,16.975,100,2021-08-25 15:01:00,ZENV
17.02,17.02,16.91,16.91,855,2021-08-25 15:02:00,ZENV
16.97,16.97,16.97,16.97,580,2021-08-25 15:03:00,ZENV
17.05,17.05,16.97,16.97,600,2021-08-25 15:07:00,ZENV
17.035,17.035,17.035,17.035,165,2021-08-25 15:09:00,ZENV
17.0929,17.0929,17.0929,17.0929,1000,2021-08-25 15:11:00,ZENV
17.06,17.06,16.97,16.97,2150,2021-08-25 15:12:00,ZENV
17.0,17.0,17.0,17.0,100,2021-08-25 15:18:00,ZENV
16.97,16.97,16.97,16.97,300,2021-08-25 15:20:00,ZENV
16.9701,16.9712,16.9701,16.9712,450,2021-08-25 15:22:00,ZENV
17.09,17.09,17.09,17.09,109,2021-08-25 15:23:00,ZENV
17.025,17.025,17.025,17.025,200,2021-08-25 15:25:00,ZENV
17.06,17.06,17.06,17.06,100,2021-08-25 15:26:00,ZENV
17.07,17.1,17.07,17.1,647,2021-08-25 15:27:00,ZENV
17.1,17.17,17.1,17.17,542,2021-08-25 15:28:00,ZENV
17.17,17.17,17.15,17.17,1150,2021-08-25 15:30:00,ZENV
17.17,17.43,17.16,17.43,9684,2021-08-25 15:31:00,ZENV
17.22,17.67,17.16,17.67,6884,2021-08-25 15:32:00,ZENV
17.305,17.31,17.305,17.31,200,2021-08-25 15:33:00,ZENV
17.19,17.54,17.15,17.54,5326,2021-08-25 15:34:00,ZENV
17.21,17.24,17.2,17.22,5292,2021-08-25 15:35:00,ZENV
17.2,17.2,17.15,17.15,2095,2021-08-25 15:36:00,ZENV
17.2,17.2,17.15,17.2,679,2021-08-25 15:37:00,ZENV
17.2,17.2,17.0,17.0,4319,2021-08-25 15:38:00,ZENV
17.0,17.13,17.0,17.13,319,2021-08-25 15:39:00,ZENV
17.04,17.04,17.04,17.04,430,2021-08-25 15:40:00,ZENV
17.04,17.04,17.04,17.04,100,2021-08-25 15:41:00,ZENV
17.0411,17.0411,17.0411,17.0411,800,2021-08-25 15:42:00,ZENV
17.04,17.06,16.97,16.97,2703,2021-08-25 15:43:00,ZENV
16.975,17.04,16.975,17.04,400,2021-08-25 15:44:00,ZENV
16.9828,17.1299,16.9828,17.1299,618,2021-08-25 15:46:00,ZENV
16.96,16.96,16.96,16.96,100,2021-08-25 15:49:00,ZENV
17.01,17.02,16.87,16.89,1622,2021-08-25 15:50:00,ZENV
16.8501,16.92,16.8501,16.92,4958,2021-08-25 15:51:00,ZENV
16.97,16.97,16.97,16.97,118,2021-08-25 15:56:00,ZENV
16.91,16.96,16.91,16.96,800,2021-08-25 16:00:00,ZENV
16.91,16.91,16.91,16.91,200,2021-08-25 16:01:00,ZENV
16.91,16.91,16.91,16.91,200,2021-08-25 16:02:00,ZENV
16.91,16.96,16.91,16.96,300,2021-08-25 16:03:00,ZENV
16.885,16.885,16.885,16.885,200,2021-08-25 16:04:00,ZENV
16.8802,16.91,16.8802,16.91,400,2021-08-25 16:05:00,ZENV
16.88,16.88,16.85,16.88,1800,2021-08-25 16:06:00,ZENV
16.88,16.92,16.87,16.9,2730,2021-08-25 16:07:00,ZENV
16.89,16.8995,16.81,16.81,1568,2021-08-25 16:08:00,ZENV
16.67,16.6985,16.55,16.65,400,2021-08-25 16:09:00,ZENV
16.7,16.7,16.7,16.7,116,2021-08-25 16:10:00,ZENV
16.7,16.7,16.7,16.7,200,2021-08-25 16:11:00,ZENV
16.67,16.67,16.65,16.66,400,2021-08-25 16:13:00,ZENV
16.66,16.66,16.66,16.66,200,2021-08-25 16:14:00,ZENV
16.64,16.64,16.64,16.64,100,2021-08-25 16:15:00,ZENV
16.62,16.62,16.62,16.62,300,2021-08-25 16:18:00,ZENV
16.62,16.62,16.62,16.62,267,2021-08-25 16:22:00,ZENV
16.655,16.655,16.62,16.62,400,2021-08-25 16:25:00,ZENV
16.62,16.62,16.59,16.59,300,2021-08-25 16:26:00,ZENV
16.58,16.58,16.5,16.5,4545,2021-08-25 16:28:00,ZENV
16.525,16.525,16.525,16.525,100,2021-08-25 16:29:00,ZENV
16.5,16.62,16.5,16.62,1213,2021-08-25 16:31:00,ZENV
16.62,16.62,16.62,16.62,200,2021-08-25 16:36:00,ZENV
16.62,16.62,16.62,16.62,200,2021-08-25 16:39:00,ZENV
16.62,16.62,16.62,16.62,145,2021-08-25 16:40:00,ZENV
16.62,16.62,16.62,16.62,300,2021-08-25 16:41:00,ZENV
16.62,16.62,16.49,16.6,11357,2021-08-25 16:42:00,ZENV
16.5,16.5,16.5,16.5,200,2021-08-25 16:43:00,ZENV
16.51,16.51,16.51,16.51,100,2021-08-25 16:45:00,ZENV
16.5726,16.5726,16.5726,16.5726,165,2021-08-25 16:49:00,ZENV
16.56,16.56,16.455,16.455,3862,2021-08-25 16:50:00,ZENV
16.41,16.41,16.34,16.34,800,2021-08-25 16:51:00,ZENV
16.26,16.3229,16.26,16.3229,350,2021-08-25 16:52:00,ZENV
16.26,16.26,16.26,16.26,100,2021-08-25 16:53:00,ZENV
16.26,16.26,16.26,16.26,586,2021-08-25 16:55:00,ZENV
16.25,16.25,16.25,16.25,100,2021-08-25 16:56:00,ZENV
16.24,16.4008,16.24,16.4008,233,2021-08-25 16:58:00,ZENV
16.26,16.34,16.21,16.21,5101,2021-08-25 17:02:00,ZENV
16.23,16.23,16.2,16.21,2700,2021-08-25 17:08:00,ZENV
16.06,16.06,16.06,16.06,100,2021-08-25 17:09:00,ZENV
16.0619,16.0619,15.99,15.99,3100,2021-08-25 17:10:00,ZENV
15.9,15.9,15.81,15.9,411,2021-08-25 17:11:00,ZENV
15.8515,15.895,15.8515,15.895,1655,2021-08-25 17:12:00,ZENV
15.86,15.86,15.86,15.86,100,2021-08-25 17:13:00,ZENV
15.934,15.934,15.9,15.9,900,2021-08-25 17:18:00,ZENV
15.9802,16.0,15.97,15.97,2885,2021-08-25 17:20:00,ZENV
16.095,16.095,15.97,16.0,2853,2021-08-25 17:23:00,ZENV
16.05,16.06,16.05,16.06,600,2021-08-25 17:24:00,ZENV
16.09,16.09,15.91,15.91,1561,2021-08-25 17:25:00,ZENV
15.89,15.9,15.89,15.9,233,2021-08-25 17:27:00,ZENV
15.94,15.94,15.6073,15.66,3094,2021-08-25 17:28:00,ZENV
15.73,15.92,15.73,15.92,6950,2021-08-25 17:29:00,ZENV
16.08,16.22,16.08,16.12,5125,2021-08-25 17:31:00,ZENV
16.1,16.1,16.1,16.1,100,2021-08-25 17:33:00,ZENV
16.04,16.4,16.04,16.4,6292,2021-08-25 17:34:00,ZENV
16.24,16.25,16.18,16.24,3100,2021-08-25 17:35:00,ZENV
16.31,16.31,16.31,16.31,100,2021-08-25 17:36:00,ZENV
16.4,16.4,16.4,16.4,570,2021-08-25 17:37:00,ZENV
16.4,16.5,16.4,16.5,298,2021-08-25 17:38:00,ZENV
16.5,16.5,16.5,16.5,100,2021-08-25 17:39:00,ZENV
16.5,16.5,16.5,16.5,200,2021-08-25 17:40:00,ZENV
16.5,16.5,16.5,16.5,100,2021-08-25 17:41:00,ZENV
16.5,16.5,16.5,16.5,100,2021-08-25 17:42:00,ZENV
16.5,16.5,16.5,16.5,100,2021-08-25 17:43:00,ZENV
16.5,16.5,16.5,16.5,200,2021-08-25 17:44:00,ZENV
16.5,16.5,16.5,16.5,100,2021-08-25 17:45:00,ZENV
16.5,16.76,16.33,16.73,66991,2021-08-25 17:47:00,ZENV
16.72,16.72,16.72,16.72,200,2021-08-25 17:48:00,ZENV
16.7,16.7,16.7,16.7,100,2021-08-25 17:49:00,ZENV
16.72,16.72,16.72,16.72,100,2021-08-25 17:54:00,ZENV
16.72,16.76,16.66,16.66,500,2021-08-25 17:55:00,ZENV
16.74,16.74,16.74,16.74,200,2021-08-25 17:56:00,ZENV
16.73,16.73,16.63,16.63,300,2021-08-25 17:57:00,ZENV
16.71,16.71,16.71,16.71,200,2021-08-25 17:58:00,ZENV
16.74,16.77,16.69,16.71,500,2021-08-25 17:59:00,ZENV
16.74,16.74,16.74,16.74,200,2021-08-25 18:00:00,ZENV
16.74,16.74,16.74,16.74,100,2021-08-25 18:01:00,ZENV
16.77,16.77,16.77,16.77,200,2021-08-25 18:02:00,ZENV
16.63,16.7574,16.63,16.7574,1000,2021-08-25 18:10:00,ZENV
16.72,16.74,16.72,16.74,400,2021-08-25 18:13:00,ZENV
16.73,16.73,16.73,16.73,100,2021-08-25 18:16:00,ZENV
16.74,16.74,16.74,16.74,200,2021-08-25 18:17:00,ZENV
16.6787,16.6787,16.6787,16.6787,300,2021-08-25 18:18:00,ZENV
16.6701,16.6701,16.6701,16.6701,200,2021-08-25 18:20:00,ZENV
16.67,16.67,16.67,16.67,2023,2021-08-25 18:22:00,ZENV
16.6799,16.6799,16.6799,16.6799,1000,2021-08-25 18:25:00,ZENV
16.62,16.67,16.62,16.64,1000,2021-08-25 18:28:00,ZENV
16.632,16.632,16.632,16.632,270,2021-08-25 18:32:00,ZENV
16.6704,16.6704,16.6704,16.6704,150,2021-08-25 18:34:00,ZENV
16.51,16.51,16.51,16.51,100,2021-08-25 18:47:00,ZENV
16.68,16.7,16.68,16.7,600,2021-08-25 18:49:00,ZENV
16.635,16.635,16.635,16.635,100,2021-08-25 18:52:00,ZENV
16.59,16.59,16.5,16.5,300,2021-08-25 18:53:00,ZENV
16.72,16.76,16.6,16.6,4300,2021-08-25 18:57:00,ZENV
16.69,16.69,16.69,16.69,100,2021-08-25 18:58:00,ZENV
16.7,16.7,16.7,16.7,100,2021-08-25 18:59:00,ZENV
16.75,16.75,16.75,16.75,100,2021-08-25 19:00:00,ZENV
16.7,16.7,16.67,16.67,500,2021-08-25 19:01:00,ZENV
16.75,16.75,16.75,16.75,200,2021-08-25 19:02:00,ZENV
16.77,16.77,16.77,16.77,100,2021-08-25 19:03:00,ZENV
16.8,16.8,16.8,16.8,200,2021-08-25 19:04:00,ZENV
16.77,16.77,16.77,16.77,100,2021-08-25 19:05:00,ZENV
16.77,16.77,16.77,16.77,200,2021-08-25 19:06:00,ZENV
16.77,16.77,16.77,16.77,200,2021-08-25 19:07:00,ZENV
16.77,16.77,16.77,16.77,200,2021-08-25 19:08:00,ZENV
16.77,16.77,16.77,16.77,100,2021-08-25 19:09:00,ZENV
16.8,16.8,16.8,16.8,100,2021-08-25 19:10:00,ZENV
16.77,16.77,16.6041,16.6041,571,2021-08-25 19:11:00,ZENV
16.77,16.77,16.645,16.7,400,2021-08-25 19:12:00,ZENV
16.69,16.7,16.69,16.7,200,2021-08-25 19:13:00,ZENV
16.7,16.7,16.7,16.7,100,2021-08-25 19:18:00,ZENV
16.7,16.77,16.7,16.77,400,2021-08-25 19:19:00,ZENV
16.76,16.77,16.76,16.76,400,2021-08-25 19:20:00,ZENV
16.77,16.77,16.77,16.77,200,2021-08-25 19:21:00,ZENV
16.77,16.77,16.76,16.77,800,2021-08-25 19:22:00,ZENV
16.77,16.98,16.77,16.98,200,2021-08-25 19:23:00,ZENV
16.96,16.96,16.77,16.77,547,2021-08-25 19:24:00,ZENV
16.77,16.77,16.75,16.75,300,2021-08-25 19:25:00,ZENV
16.87,16.87,16.87,16.87,200,2021-08-25 19:26:00,ZENV
16.88,16.9,16.88,16.9,200,2021-08-25 19:27:00,ZENV
16.91,16.91,16.755,16.755,300,2021-08-25 19:28:00,ZENV
16.9,16.91,16.68,16.68,700,2021-08-25 19:29:00,ZENV
16.83,16.83,16.83,16.83,598,2021-08-25 19:30:00,ZENV
16.72,16.75,16.72,16.75,300,2021-08-25 19:31:00,ZENV
16.77,16.77,16.77,16.77,100,2021-08-25 19:32:00,ZENV
16.77,16.77,16.77,16.77,200,2021-08-25 19:33:00,ZENV
16.77,16.83,16.77,16.83,200,2021-08-25 19:34:00,ZENV
16.83,16.83,16.83,16.83,100,2021-08-25 19:35:00,ZENV
16.92,16.94,16.92,16.94,200,2021-08-25 19:37:00,ZENV
16.95,16.95,16.95,16.95,300,2021-08-25 19:38:00,ZENV
16.95,16.95,16.82,16.95,300,2021-08-25 19:39:00,ZENV
16.93,16.93,16.758,16.93,500,2021-08-25 19:40:00,ZENV
16.93,16.93,16.81,16.81,200,2021-08-25 19:41:00,ZENV
16.94,16.9699,16.9,16.9699,1237,2021-08-25 19:42:00,ZENV
16.86,16.97,16.86,16.97,200,2021-08-25 19:43:00,ZENV
16.97,17.07,16.92,17.07,400,2021-08-25 19:44:00,ZENV
17.08,17.08,16.95,17.07,500,2021-08-25 19:45:00,ZENV
17.07,17.07,17.07,17.07,200,2021-08-25 19:46:00,ZENV
16.97,17.07,16.97,17.07,370,2021-08-25 19:47:00,ZENV
17.07,17.07,17.07,17.07,300,2021-08-25 19:48:00,ZENV
17.07,17.0799,17.07,17.07,600,2021-08-25 19:49:00,ZENV
16.955,17.08,16.955,17.08,400,2021-08-25 19:50:00,ZENV
17.05,17.08,17.05,17.08,200,2021-08-25 19:51:00,ZENV
17.06,17.08,17.06,17.08,300,2021-08-25 19:52:00,ZENV
17.13,17.13,17.13,17.13,400,2021-08-25 19:53:00,ZENV
17.13,17.13,17.13,17.13,300,2021-08-25 19:54:00,ZENV
17.12,17.13,17.02,17.12,900,2021-08-25 19:55:00,ZENV
17.12,17.12,17.04,17.11,500,2021-08-25 19:56:00,ZENV
17.12,17.16,17.05,17.05,10372,2021-08-25 19:57:00,ZENV
17.09,17.12,17.04,17.12,2600,2021-08-25 19:58:00,ZENV
17.12,17.12,16.83,16.98,6975,2021-08-25 19:59:00,ZENV
17.12,17.12,17.12,17.12,1651,2021-08-25 20:00:00,ZENV
17.32,17.32,17.32,17.32,100,2021-08-26 12:41:00,ZENV
17.29,17.29,17.29,17.29,1206,2021-08-26 13:30:00,ZENV
17.36,17.36,17.07,17.07,3500,2021-08-26 13:36:00,ZENV
17.1,17.11,16.82,17.0,4525,2021-08-26 13:37:00,ZENV
16.75,16.7919,16.75,16.7919,4977,2021-08-26 13:38:00,ZENV
17.0,17.0,17.0,17.0,940,2021-08-26 13:41:00,ZENV
16.8,16.8,16.8,16.8,471,2021-08-26 13:42:00,ZENV
16.7501,16.81,16.7501,16.81,1061,2021-08-26 13:43:00,ZENV
16.8,16.8,16.8,16.8,450,2021-08-26 13:44:00,ZENV
16.7868,17.0146,16.7868,17.0146,216,2021-08-26 13:52:00,ZENV
17.0333,17.0333,17.0333,17.0333,300,2021-08-26 13:57:00,ZENV
16.92,16.92,16.92,16.92,755,2021-08-26 14:05:00,ZENV
17.05,17.05,17.05,17.05,600,2021-08-26 14:16:00,ZENV
16.7527,16.7527,16.7527,16.7527,4279,2021-08-26 14:26:00,ZENV
16.88,16.88,16.75,16.75,1200,2021-08-26 14:27:00,ZENV
16.75,16.75,16.75,16.75,594,2021-08-26 14:28:00,ZENV
16.76,16.76,16.75,16.75,498,2021-08-26 14:29:00,ZENV
16.55,16.55,16.55,16.55,109,2021-08-26 14:34:00,ZENV
16.605,16.605,16.605,16.605,500,2021-08-26 14:35:00,ZENV
16.51,16.51,16.51,16.51,1412,2021-08-26 14:36:00,ZENV
16.53,16.5772,16.53,16.5772,700,2021-08-26 14:37:00,ZENV
16.52,16.555,16.4227,16.456,1804,2021-08-26 14:38:00,ZENV
16.47,16.47,16.44,16.44,1291,2021-08-26 14:39:00,ZENV
16.465,16.465,16.38,16.44,900,2021-08-26 14:40:00,ZENV
16.465,16.5,16.465,16.49,400,2021-08-26 14:41:00,ZENV
16.44,16.44,16.44,16.44,200,2021-08-26 14:46:00,ZENV
16.494,16.494,16.44,16.44,1320,2021-08-26 14:47:00,ZENV
16.44,16.44,16.44,16.44,100,2021-08-26 14:48:00,ZENV
16.41,16.41,16.41,16.41,100,2021-08-26 14:51:00,ZENV
16.335,16.335,16.335,16.335,100,2021-08-26 14:52:00,ZENV
16.35,16.35,16.35,16.35,200,2021-08-26 14:53:00,ZENV
16.3,16.31,16.285,16.285,300,2021-08-26 14:56:00,ZENV
16.28,16.28,16.28,16.28,200,2021-08-26 14:57:00,ZENV
16.27,16.2746,16.27,16.2746,200,2021-08-26 14:58:00,ZENV
16.205,16.205,16.205,16.205,300,2021-08-26 15:02:00,ZENV
16.185,16.185,16.16,16.16,1100,2021-08-26 15:03:00,ZENV
16.185,16.185,16.185,16.185,300,2021-08-26 15:04:00,ZENV
16.235,16.31,16.235,16.31,1800,2021-08-26 15:05:00,ZENV
16.2,16.2,16.2,16.2,100,2021-08-26 15:07:00,ZENV
16.1,16.225,16.1,16.225,1000,2021-08-26 15:10:00,ZENV
16.2,16.2034,16.2,16.2034,499,2021-08-26 15:16:00,ZENV
16.2212,16.2212,16.01,16.06,1911,2021-08-26 15:18:00,ZENV
16.025,16.03,16.02,16.03,600,2021-08-26 15:19:00,ZENV
16.0452,16.0452,16.0,16.0,885,2021-08-26 15:20:00,ZENV
16.0,16.0,15.87,15.87,2979,2021-08-26 15:21:00,ZENV
15.87,15.87,15.87,15.87,100,2021-08-26 15:24:00,ZENV
15.84,15.84,15.84,15.84,995,2021-08-26 15:25:00,ZENV
15.84,15.86,15.84,15.86,700,2021-08-26 15:26:00,ZENV
15.98,16.21,15.84,16.02,19540,2021-08-26 15:27:00,ZENV
16.01,16.01,16.01,16.01,100,2021-08-26 15:28:00,ZENV
16.0,16.0,16.0,16.0,100,2021-08-26 15:29:00,ZENV
16.0,16.05,16.0,16.05,1900,2021-08-26 15:30:00,ZENV
16.02,16.06,16.01,16.01,1000,2021-08-26 15:38:00,ZENV
16.07,16.13,16.07,16.13,400,2021-08-26 15:40:00,ZENV
16.075,16.09,16.075,16.09,300,2021-08-26 15:41:00,ZENV
16.08,16.08,16.08,16.08,500,2021-08-26 15:42:00,ZENV
16.14,16.14,16.08,16.12,1700,2021-08-26 15:43:00,ZENV
16.13,16.164,16.075,16.164,2217,2021-08-26 15:44:00,ZENV
16.14,16.18,16.07,16.125,1737,2021-08-26 15:46:00,ZENV
16.18,16.3,16.105,16.3,4000,2021-08-26 15:47:00,ZENV
16.295,16.295,16.295,16.295,600,2021-08-26 15:48:00,ZENV
16.3,16.38,16.245,16.38,2175,2021-08-26 15:49:00,ZENV
16.3,16.36,16.275,16.275,900,2021-08-26 15:50:00,ZENV
16.275,16.36,16.275,16.28,1700,2021-08-26 15:51:00,ZENV
16.28,16.36,16.28,16.28,900,2021-08-26 15:52:00,ZENV
16.3,16.46,16.285,16.46,1900,2021-08-26 15:53:00,ZENV
16.365,16.365,16.365,16.365,100,2021-08-26 15:57:00,ZENV
16.36,16.36,16.36,16.36,100,2021-08-26 15:59:00,ZENV
16.225,16.3,16.19,16.19,500,2021-08-26 16:04:00,ZENV
16.185,16.3,16.185,16.3,1200,2021-08-26 16:05:00,ZENV
16.225,16.41,16.225,16.41,1400,2021-08-26 16:06:00,ZENV
16.435,16.45,16.4,16.42,1000,2021-08-26 16:07:00,ZENV
16.315,16.4,16.3012,16.335,1100,2021-08-26 16:10:00,ZENV
16.31,16.31,16.31,16.31,100,2021-08-26 16:11:00,ZENV
16.305,16.305,16.305,16.305,100,2021-08-26 16:13:00,ZENV
16.32,16.42,16.32,16.4,1800,2021-08-26 16:14:00,ZENV
16.42,16.42,16.42,16.42,100,2021-08-26 16:19:00,ZENV
16.4,16.4,16.4,16.4,100,2021-08-26 16:23:00,ZENV
16.4271,16.47,16.4,16.47,5061,2021-08-26 16:25:00,ZENV
16.46,16.46,16.42,16.46,800,2021-08-26 16:27:00,ZENV
16.46,16.46,16.46,16.46,100,2021-08-26 16:29:00,ZENV
16.445,16.445,16.445,16.445,400,2021-08-26 16:37:00,ZENV
16.47,16.5,16.47,16.5,600,2021-08-26 16:38:00,ZENV
16.47,16.53,16.47,16.53,300,2021-08-26 16:39:00,ZENV
16.53,16.53,16.52,16.53,300,2021-08-26 16:40:00,ZENV
16.53,16.53,16.53,16.53,200,2021-08-26 16:41:00,ZENV
16.53,16.53,16.53,16.53,207,2021-08-26 16:42:00,ZENV
16.6999,16.6999,16.6999,16.6999,500,2021-08-26 16:44:00,ZENV
16.6999,16.7,16.6999,16.7,600,2021-08-26 16:45:00,ZENV
16.7,16.7,16.7,16.7,500,2021-08-26 16:46:00,ZENV
16.68,16.7,16.68,16.7,1100,2021-08-26 16:47:00,ZENV
16.7238,16.74,16.7238,16.74,300,2021-08-26 16:52:00,ZENV
16.78,16.78,16.7705,16.78,300,2021-08-26 16:53:00,ZENV
16.78,16.78,16.78,16.78,100,2021-08-26 16:54:00,ZENV
16.78,16.79,16.59,16.79,4800,2021-08-26 16:55:00,ZENV
16.8689,16.94,16.8689,16.94,4300,2021-08-26 16:58:00,ZENV
16.4,16.4,16.4,16.4,300,2021-08-26 17:10:00,ZENV
16.715,16.715,16.715,16.715,100,2021-08-26 17:24:00,ZENV
16.9728,16.9728,16.9728,16.9728,150,2021-08-26 17:25:00,ZENV
16.78,16.78,16.78,16.78,100,2021-08-26 17:27:00,ZENV
16.73,16.73,16.73,16.73,300,2021-08-26 17:55:00,ZENV
16.76,16.76,16.76,16.76,100,2021-08-26 18:19:00,ZENV
16.75,16.75,16.75,16.75,100,2021-08-26 18:20:00,ZENV
16.78,16.78,16.78,16.78,100,2021-08-26 18:21:00,ZENV
16.79,16.79,16.79,16.79,100,2021-08-26 18:22:00,ZENV
16.8,16.8,16.8,16.8,100,2021-08-26 18:23:00,ZENV
16.8,16.8,16.74,16.74,500,2021-08-26 18:28:00,ZENV
16.75,16.75,16.75,16.75,100,2021-08-26 18:31:00,ZENV
16.8,16.88,16.76,16.76,1100,2021-08-26 18:33:00,ZENV
16.74,16.74,16.6301,16.6301,300,2021-08-26 19:08:00,ZENV
16.8599,16.8599,16.8599,16.8599,100,2021-08-26 19:20:00,ZENV
17.0,17.0,16.8879,16.8879,650,2021-08-26 19:31:00,ZENV
16.8701,17.0,16.8701,17.0,600,2021-08-26 19:33:00,ZENV
16.99,16.99,16.99,16.99,100,2021-08-26 19:41:00,ZENV
17.0,17.04,16.99,17.04,2900,2021-08-26 19:44:00,ZENV
17.005,17.005,17.005,17.005,1000,2021-08-26 19:45:00,ZENV
17.005,17.07,16.99,16.99,2200,2021-08-26 19:47:00,ZENV
16.88,16.88,16.88,16.88,300,2021-08-26 19:48:00,ZENV
16.95,17.0,16.95,17.0,1300,2021-08-26 19:49:00,ZENV
16.99,17.0,16.96,17.0,1874,2021-08-26 19:50:00,ZENV
17.0,17.06,16.935,16.935,7052,2021-08-26 19:51:00,ZENV
17.0,17.21,16.85,16.91,38978,2021-08-26 19:52:00,ZENV
16.925,16.93,16.89,16.89,300,2021-08-26 19:53:00,ZENV
16.86,16.89,16.86,16.89,470,2021-08-26 19:54:00,ZENV
16.88,16.92,16.84,16.85,1604,2021-08-26 19:55:00,ZENV
16.835,16.835,16.785,16.785,200,2021-08-26 19:56:00,ZENV
16.78,16.78,16.78,16.78,508,2021-08-26 19:57:00,ZENV
16.77,16.77,16.77,16.77,421,2021-08-26 19:58:00,ZENV
16.775,16.87,16.73,16.87,3856,2021-08-26 19:59:00,ZENV
16.72,16.72,16.72,16.72,5577,2021-08-26 20:00:00,ZENV
16.99,16.99,16.99,16.99,1852,2021-08-27 13:30:00,ZENV
16.9923,16.9923,16.9923,16.9923,1000,2021-08-27 13:32:00,ZENV
16.59,16.59,16.59,16.59,100,2021-08-27 13:34:00,ZENV
16.735,16.735,16.54,16.54,7400,2021-08-27 13:35:00,ZENV
16.545,16.675,16.52,16.52,3035,2021-08-27 13:36:00,ZENV
16.545,16.545,16.3325,16.4899,2200,2021-08-27 13:37:00,ZENV
16.4733,16.749,16.425,16.43,8950,2021-08-27 13:40:00,ZENV
16.42,16.625,16.42,16.62,500,2021-08-27 13:41:00,ZENV
16.76,16.76,16.76,16.76,100,2021-08-27 13:43:00,ZENV
16.745,16.745,16.63,16.72,648,2021-08-27 13:44:00,ZENV
16.71,16.71,16.7,16.7,300,2021-08-27 13:47:00,ZENV
16.565,16.565,16.565,16.565,200,2021-08-27 13:48:00,ZENV
16.565,16.695,16.42,16.695,1700,2021-08-27 13:49:00,ZENV
16.55,16.62,16.55,16.62,500,2021-08-27 13:52:00,ZENV
16.55,16.55,16.55,16.55,300,2021-08-27 13:53:00,ZENV
16.69,16.69,16.69,16.69,100,2021-08-27 13:57:00,ZENV
16.67,16.67,16.67,16.67,100,2021-08-27 14:01:00,ZENV
16.8,16.8,16.8,16.8,100,2021-08-27 14:10:00,ZENV
16.6,16.7,16.6,16.7,1075,2021-08-27 14:19:00,ZENV
16.79,16.79,16.79,16.79,100,2021-08-27 14:22:00,ZENV
16.66,16.66,16.66,16.66,125,2021-08-27 14:33:00,ZENV
16.78,16.78,16.78,16.78,100,2021-08-27 14:35:00,ZENV
16.7,16.78,16.7,16.78,400,2021-08-27 14:37:00,ZENV
16.78,16.78,16.78,16.78,100,2021-08-27 14:49:00,ZENV
16.709,16.709,16.709,16.709,250,2021-08-27 14:59:00,ZENV
16.86,16.86,16.86,16.86,100,2021-08-27 15:01:00,ZENV
16.875,17.0,16.84,16.84,708,2021-08-27 15:06:00,ZENV
17.0,17.12,16.85,16.86,11764,2021-08-27 15:08:00,ZENV
16.85,16.85,16.85,16.85,100,2021-08-27 15:09:00,ZENV
16.88,16.88,16.88,16.88,100,2021-08-27 15:11:00,ZENV
16.89,16.91,16.89,16.91,300,2021-08-27 15:14:00,ZENV
16.91,17.0,16.91,17.0,300,2021-08-27 15:15:00,ZENV
17.04,17.1899,17.04,17.1899,1471,2021-08-27 15:16:00,ZENV
16.99,16.99,16.93,16.93,400,2021-08-27 15:17:00,ZENV
16.96,17.15,16.95,17.15,1518,2021-08-27 15:18:00,ZENV
17.005,17.06,17.005,17.06,300,2021-08-27 15:19:00,ZENV
17.08,17.1,17.0278,17.0278,550,2021-08-27 15:21:00,ZENV
16.97,17.07,16.97,17.07,600,2021-08-27 15:22:00,ZENV
17.065,17.065,17.01,17.06,1300,2021-08-27 15:23:00,ZENV
17.075,17.1,17.07,17.1,600,2021-08-27 15:24:00,ZENV
17.11,17.13,17.1,17.1,25700,2021-08-27 15:25:00,ZENV
17.075,17.08,17.075,17.08,600,2021-08-27 15:26:00,ZENV
16.98,16.98,16.94,16.94,7200,2021-08-27 15:30:00,ZENV
16.89,16.9,16.89,16.9,250,2021-08-27 15:31:00,ZENV
16.76,16.76,16.76,16.76,100,2021-08-27 15:32:00,ZENV
16.73,16.74,16.73,16.74,700,2021-08-27 15:33:00,ZENV
16.75,16.79,16.75,16.79,300,2021-08-27 15:34:00,ZENV
16.79,16.83,16.79,16.83,200,2021-08-27 15:35:00,ZENV
16.98,16.98,16.98,16.98,100,2021-08-27 15:37:00,ZENV
16.99,17.0,16.99,17.0,200,2021-08-27 15:38:00,ZENV
16.98,16.98,16.98,16.98,100,2021-08-27 15:39:00,ZENV
16.9,16.9,16.85,16.86,400,2021-08-27 15:40:00,ZENV
16.85,16.87,16.85,16.87,300,2021-08-27 15:41:00,ZENV
16.88,16.88,16.88,16.88,200,2021-08-27 15:42:00,ZENV
16.9,16.91,16.9,16.91,500,2021-08-27 15:43:00,ZENV
16.965,17.005,16.965,17.005,800,2021-08-27 15:44:00,ZENV
17.005,17.005,17.005,17.005,260,2021-08-27 15:45:00,ZENV
17.0,17.0,16.95,16.95,300,2021-08-27 15:53:00,ZENV
16.99,16.99,16.96,16.96,400,2021-08-27 15:54:00,ZENV
16.92,16.92,16.88,16.88,400,2021-08-27 15:55:00,ZENV
16.94,16.94,16.94,16.94,100,2021-08-27 15:56:00,ZENV
16.9,16.9,16.9,16.9,200,2021-08-27 15:57:00,ZENV
16.91,16.91,16.91,16.91,600,2021-08-27 16:00:00,ZENV
16.97,16.97,16.88,16.88,400,2021-08-27 16:01:00,ZENV
16.95,16.95,16.93,16.93,200,2021-08-27 16:03:00,ZENV
16.94,16.94,16.91,16.91,200,2021-08-27 16:04:00,ZENV
16.87,16.89,16.87,16.88,300,2021-08-27 16:05:00,ZENV
16.88,16.89,16.88,16.89,400,2021-08-27 16:06:00,ZENV
16.89,16.9,16.89,16.9,200,2021-08-27 16:07:00,ZENV
16.965,16.995,16.965,16.995,800,2021-08-27 16:08:00,ZENV
16.95,16.96,16.91,16.92,400,2021-08-27 16:09:00,ZENV
16.9,17.01,16.9,16.98,900,2021-08-27 16:12:00,ZENV
16.91,16.92,16.91,16.92,500,2021-08-27 16:13:00,ZENV
16.95,16.98,16.945,16.945,774,2021-08-27 16:14:00,ZENV
16.93,16.93,16.9,16.93,3200,2021-08-27 16:22:00,ZENV
16.93,16.93,16.93,16.93,100,2021-08-27 16:23:00,ZENV
17.0099,17.0099,16.93,16.93,494,2021-08-27 16:26:00,ZENV
16.96,16.96,16.8,16.905,5700,2021-08-27 16:27:00,ZENV
16.9,16.93,16.9,16.9,1100,2021-08-27 16:28:00,ZENV
16.8601,16.93,16.8601,16.93,394,2021-08-27 16:31:00,ZENV
16.91,16.9831,16.91,16.9831,471,2021-08-27 16:34:00,ZENV
16.91,16.91,16.91,16.91,116,2021-08-27 16:36:00,ZENV
16.87,16.9,16.87,16.9,800,2021-08-27 16:37:00,ZENV
16.8269,16.8269,16.8269,16.8269,385,2021-08-27 16:39:00,ZENV
16.88,16.93,16.875,16.905,2159,2021-08-27 16:40:00,ZENV
16.91,16.93,16.9,16.9,400,2021-08-27 16:41:00,ZENV
16.91,16.91,16.89,16.89,400,2021-08-27 16:42:00,ZENV
17.05,17.05,16.955,16.955,750,2021-08-27 16:43:00,ZENV
16.95,16.95,16.95,16.95,502,2021-08-27 16:44:00,ZENV
16.9,16.965,16.865,16.88,1300,2021-08-27 16:47:00,ZENV
16.955,16.955,16.9,16.905,2900,2021-08-27 16:53:00,ZENV
16.95,16.97,16.87,16.87,1930,2021-08-27 16:54:00,ZENV
16.955,16.955,16.865,16.955,1600,2021-08-27 16:55:00,ZENV
16.95,16.95,16.95,16.95,1000,2021-08-27 16:57:00,ZENV
17.01,17.01,17.01,17.01,100,2021-08-27 17:13:00,ZENV
16.94,16.94,16.94,16.94,100,2021-08-27 17:15:00,ZENV
16.8824,16.8824,16.8824,16.8824,300,2021-08-27 17:16:00,ZENV
16.912,16.912,16.912,16.912,100,2021-08-27 17:19:00,ZENV
16.95,17.0,16.95,17.0,300,2021-08-27 17:22:00,ZENV
16.94,17.0,16.94,16.975,300,2021-08-27 17:35:00,ZENV
17.02,17.17,17.02,17.17,963,2021-08-27 17:46:00,ZENV
17.045,17.045,17.045,17.045,300,2021-08-27 17:47:00,ZENV
17.05,17.05,17.05,17.05,146,2021-08-27 17:53:00,ZENV
17.09,17.14,17.09,17.14,422,2021-08-27 18:02:00,ZENV
17.2,19.114,17.11,19.09,27556,2021-08-27 18:08:00,ZENV
19.09,19.29,18.94,19.19,14760,2021-08-27 18:09:00,ZENV
19.18,19.87,18.5765,19.87,13813,2021-08-27 18:10:00,ZENV
19.82,19.83,19.31,19.31,7200,2021-08-27 18:11:00,ZENV
19.37,19.38,19.0,19.02,4274,2021-08-27 18:12:00,ZENV
19.0,19.0,18.94,18.9699,900,2021-08-27 18:13:00,ZENV
18.53,19.5599,18.53,19.355,4673,2021-08-27 18:14:00,ZENV
19.1403,19.4,19.0,19.3807,15455,2021-08-27 18:15:00,ZENV
19.19,19.19,19.1045,19.17,300,2021-08-27 18:16:00,ZENV
19.16,19.16,19.16,19.16,200,2021-08-27 18:17:00,ZENV
19.0,19.015,18.83,18.83,1987,2021-08-27 18:19:00,ZENV
18.82,18.95,18.82,18.935,400,2021-08-27 18:21:00,ZENV
18.86,19.0399,18.86,19.0399,362,2021-08-27 18:22:00,ZENV
18.935,19.0365,18.935,18.935,2100,2021-08-27 18:23:00,ZENV
18.935,18.935,18.82,18.83,8330,2021-08-27 18:26:00,ZENV
18.56,18.56,17.51,18.0006,33185,2021-08-27 18:27:00,ZENV
17.7,17.7,17.6506,17.6506,200,2021-08-27 18:29:00,ZENV
18.09,18.09,18.09,18.09,100,2021-08-27 18:31:00,ZENV
17.9647,17.9647,17.9647,17.9647,100,2021-08-27 18:37:00,ZENV
18.005,18.005,18.0,18.0,500,2021-08-27 18:38:00,ZENV
17.94,17.94,17.94,17.94,400,2021-08-27 18:40:00,ZENV
17.765,17.77,17.765,17.77,200,2021-08-27 18:41:00,ZENV
17.84,17.84,17.84,17.84,500,2021-08-27 18:42:00,ZENV
17.7833,17.7833,17.7833,17.7833,100,2021-08-27 18:43:00,ZENV
17.82,17.82,17.82,17.82,100,2021-08-27 18:46:00,ZENV
17.82,17.82,17.64,17.64,600,2021-08-27 18:47:00,ZENV
17.69,17.69,17.6,17.61,800,2021-08-27 18:48:00,ZENV
17.63,17.74,17.63,17.74,810,2021-08-27 18:49:00,ZENV
17.74,17.74,17.74,17.74,300,2021-08-27 18:50:00,ZENV
17.66,17.71,17.66,17.71,400,2021-08-27 18:51:00,ZENV
17.76,17.76,17.71,17.71,400,2021-08-27 18:53:00,ZENV
17.67,17.67,17.66,17.6695,800,2021-08-27 18:54:00,ZENV
17.8,17.8285,17.8,17.8285,200,2021-08-27 18:59:00,ZENV
17.83,17.83,17.83,17.83,100,2021-08-27 19:01:00,ZENV
17.885,17.96,17.8106,17.8979,2433,2021-08-27 19:03:00,ZENV
17.96,17.99,17.96,17.965,2060,2021-08-27 19:04:00,ZENV
17.93,17.95,17.93,17.95,700,2021-08-27 19:05:00,ZENV
18.0,18.1,18.0,18.09,8576,2021-08-27 19:06:00,ZENV
18.135,18.24,18.135,18.165,2000,2021-08-27 19:09:00,ZENV
18.12,18.12,18.0801,18.0884,1762,2021-08-27 19:10:00,ZENV
18.08,18.08,18.05,18.05,900,2021-08-27 19:11:00,ZENV
18.0,18.065,18.0,18.065,500,2021-08-27 19:17:00,ZENV
18.0,18.0,17.85,17.85,400,2021-08-27 19:18:00,ZENV
17.91,18.05,17.91,18.05,1100,2021-08-27 19:19:00,ZENV
18.05,18.05,17.86,18.02,1200,2021-08-27 19:20:00,ZENV
18.0,18.0,17.95,17.95,300,2021-08-27 19:21:00,ZENV
17.96,17.96,17.87,17.87,500,2021-08-27 19:22:00,ZENV
17.88,17.95,17.88,17.92,700,2021-08-27 19:23:00,ZENV
17.88,17.9,17.88,17.9,200,2021-08-27 19:24:00,ZENV
17.78,17.78,17.78,17.78,100,2021-08-27 19:31:00,ZENV
17.845,17.845,17.845,17.845,300,2021-08-27 19:33:00,ZENV
17.8695,17.8695,17.8695,17.8695,100,2021-08-27 19:35:00,ZENV
17.73,17.77,17.72,17.72,700,2021-08-27 19:39:00,ZENV
17.78,17.78,17.78,17.78,400,2021-08-27 19:40:00,ZENV
17.8,17.81,17.8,17.81,500,2021-08-27 19:44:00,ZENV
17.81,17.81,17.7895,17.7895,520,2021-08-27 19:47:00,ZENV
17.91,17.91,17.795,17.795,200,2021-08-27 19:51:00,ZENV
17.79,17.79,17.79,17.79,200,2021-08-27 19:52:00,ZENV
17.81,17.81,17.81,17.81,200,2021-08-27 19:54:00,ZENV
17.86,17.99,17.81,17.845,6297,2021-08-27 19:55:00,ZENV
17.86,17.86,17.86,17.86,100,2021-08-27 19:56:00,ZENV
17.845,17.845,17.785,17.7865,600,2021-08-27 19:57:00,ZENV
17.85,17.9165,17.845,17.91,1057,2021-08-27 19:58:00,ZENV
17.9,17.92,17.8999,17.8999,5820,2021-08-27 19:59:00,ZENV
17.85,17.85,17.85,17.85,1661,2021-08-27 20:00:00,ZENV
18.49,18.49,18.49,18.49,100,2021-08-27 21:06:00,ZENV
19.29,19.29,19.29,19.29,163,2021-08-27 21:15:00,ZENV
19.3,19.3,19.3,19.3,200,2021-08-27 21:59:00,ZENV
18.3,18.3,18.3,18.3,400,2021-08-27 23:01:00,ZENV
18.07,18.1,17.99,17.99,13955,2021-08-30 13:30:00,ZENV
18.1035,18.1035,18.0,18.0,255,2021-08-30 13:35:00,ZENV
18.075,18.075,18.075,18.075,200,2021-08-30 13:36:00,ZENV
18.12,18.12,18.075,18.115,610,2021-08-30 13:37:00,ZENV
18.115,18.115,18.08,18.08,809,2021-08-30 13:38:00,ZENV
18.1,18.1,18.075,18.0825,600,2021-08-30 13:41:00,ZENV
18.1368,18.1394,18.02,18.02,1300,2021-08-30 13:44:00,ZENV
18.0891,18.0891,18.0891,18.0891,100,2021-08-30 13:46:00,ZENV
18.09,18.09,18.09,18.09,200,2021-08-30 13:47:00,ZENV
18.065,18.065,18.065,18.065,200,2021-08-30 13:48:00,ZENV
18.04,18.04,18.04,18.04,100,2021-08-30 13:49:00,ZENV
18.065,18.065,18.03,18.03,3952,2021-08-30 13:50:00,ZENV
18.03,18.03,18.03,18.03,300,2021-08-30 13:51:00,ZENV
18.1325,18.1325,18.1325,18.1325,111,2021-08-30 13:54:00,ZENV
18.1,18.13,18.1,18.13,200,2021-08-30 13:55:00,ZENV
18.1202,18.1202,18.1202,18.1202,1100,2021-08-30 13:57:00,ZENV
18.13,18.13,18.13,18.13,100,2021-08-30 14:00:00,ZENV
18.08,18.08,18.08,18.08,100,2021-08-30 14:02:00,ZENV
18.02,18.075,18.0,18.0001,2851,2021-08-30 14:03:00,ZENV
18.0,18.0,18.0,18.0,300,2021-08-30 14:06:00,ZENV
18.075,18.075,18.0,18.0,1300,2021-08-30 14:07:00,ZENV
18.08,18.17,18.065,18.075,4262,2021-08-30 14:18:00,ZENV
18.11,18.12,18.1,18.1,300,2021-08-30 14:19:00,ZENV
18.14,18.2,18.14,18.17,1100,2021-08-30 14:20:00,ZENV
18.22,18.22,18.22,18.22,150,2021-08-30 14:21:00,ZENV
18.25,18.2694,18.25,18.2694,200,2021-08-30 14:22:00,ZENV
18.35,18.36,18.35,18.36,200,2021-08-30 14:23:00,ZENV
18.39,18.39,18.28,18.28,1000,2021-08-30 14:24:00,ZENV
18.58,18.68,18.58,18.6579,450,2021-08-30 14:26:00,ZENV
18.585,18.585,18.44,18.44,2000,2021-08-30 14:27:00,ZENV
18.615,18.615,18.615,18.615,120,2021-08-30 14:28:00,ZENV
18.53,18.7399,18.53,18.58,666,2021-08-30 14:29:00,ZENV
18.7,18.72,18.6,18.72,11100,2021-08-30 14:32:00,ZENV
18.7,18.7,18.65,18.65,500,2021-08-30 14:34:00,ZENV
18.65,18.65,18.62,18.62,200,2021-08-30 14:35:00,ZENV
18.65,18.65,18.46,18.47,4300,2021-08-30 14:36:00,ZENV
18.5,18.6599,18.15,18.15,1700,2021-08-30 14:37:00,ZENV
18.37,18.37,18.37,18.37,1000,2021-08-30 14:38:00,ZENV
18.4,18.4,18.23,18.23,1700,2021-08-30 14:39:00,ZENV
18.4,18.4,18.29,18.3999,1066,2021-08-30 14:40:00,ZENV
18.397,18.4,18.29,18.29,1326,2021-08-30 14:41:00,ZENV
18.4,18.4,18.3,18.3,2109,2021-08-30 14:43:00,ZENV
18.4,18.4,18.3265,18.33,700,2021-08-30 14:44:00,ZENV
18.68,18.68,18.67,18.67,200,2021-08-30 14:46:00,ZENV
18.5001,18.5001,18.5001,18.5001,600,2021-08-30 14:48:00,ZENV
18.5102,18.5102,18.5102,18.5102,400,2021-08-30 14:49:00,ZENV
18.49,18.55,18.49,18.55,400,2021-08-30 14:51:00,ZENV
18.5861,18.5861,18.5861,18.5861,300,2021-08-30 14:54:00,ZENV
18.6078,18.6078,18.51,18.51,2660,2021-08-30 14:55:00,ZENV
18.5522,18.5522,18.5522,18.5522,100,2021-08-30 14:56:00,ZENV
18.51,18.51,18.51,18.51,100,2021-08-30 14:57:00,ZENV
18.52,18.52,18.51,18.51,200,2021-08-30 14:59:00,ZENV
18.568,18.568,18.568,18.568,300,2021-08-30 15:01:00,ZENV
18.5692,18.5692,18.4,18.4,3600,2021-08-30 15:02:00,ZENV
18.4,18.4048,18.4,18.4048,200,2021-08-30 15:03:00,ZENV
18.4159,18.4159,18.4159,18.4159,449,2021-08-30 15:04:00,ZENV
18.405,18.4158,18.4,18.404,1000,2021-08-30 15:07:00,ZENV
18.43,18.43,18.4,18.4,200,2021-08-30 15:09:00,ZENV
18.4,18.43,18.4,18.41,400,2021-08-30 15:11:00,ZENV
18.41,18.41,18.4,18.4,540,2021-08-30 15:13:00,ZENV
18.49,18.49,18.49,18.49,100,2021-08-30 15:14:00,ZENV
18.4889,18.4889,18.4843,18.4843,1300,2021-08-30 15:16:00,ZENV
18.41,18.41,18.35,18.35,896,2021-08-30 15:17:00,ZENV
18.333,18.333,18.333,18.333,300,2021-08-30 15:19:00,ZENV
18.38,18.4,18.38,18.3994,3556,2021-08-30 15:27:00,ZENV
18.49,18.5,18.49,18.5,1015,2021-08-30 15:28:00,ZENV
18.5181,18.5881,18.5181,18.5881,700,2021-08-30 15:29:00,ZENV
18.6,18.6,18.6,18.6,100,2021-08-30 15:31:00,ZENV
18.51,18.51,18.51,18.51,100,2021-08-30 15:32:00,ZENV
18.58,18.58,18.58,18.58,100,2021-08-30 15:33:00,ZENV
18.45,18.56,18.45,18.56,200,2021-08-30 15:39:00,ZENV
18.56,18.59,18.55,18.59,3212,2021-08-30 15:40:00,ZENV
18.593,18.593,18.566,18.566,200,2021-08-30 15:41:00,ZENV
18.5574,18.5574,18.5574,18.5574,800,2021-08-30 15:42:00,ZENV
18.55,18.61,18.51,18.51,3201,2021-08-30 15:46:00,ZENV
18.61,18.61,18.61,18.61,100,2021-08-30 15:47:00,ZENV
18.69,18.69,18.69,18.69,538,2021-08-30 15:50:00,ZENV
18.6172,18.6172,18.48,18.485,1600,2021-08-30 15:51:00,ZENV
18.5,18.51,18.465,18.5,1100,2021-08-30 15:53:00,ZENV
18.56,18.56,18.56,18.56,500,2021-08-30 15:54:00,ZENV
18.5781,18.5781,18.5,18.5,350,2021-08-30 15:56:00,ZENV
18.55,18.59,18.54,18.55,1700,2021-08-30 15:57:00,ZENV
18.5406,18.57,18.5406,18.55,2600,2021-08-30 16:01:00,ZENV
18.54,18.54,18.54,18.54,100,2021-08-30 16:03:00,ZENV
18.59,18.59,18.59,18.59,100,2021-08-30 16:06:00,ZENV
18.545,18.545,18.5,18.5,1436,2021-08-30 16:09:00,ZENV
18.59,18.59,18.59,18.59,100,2021-08-30 16:11:00,ZENV
18.545,18.545,18.5,18.545,3300,2021-08-30 16:15:00,ZENV
18.5,18.5496,18.485,18.485,1400,2021-08-30 16:16:00,ZENV
18.495,18.495,18.495,18.495,1000,2021-08-30 16:17:00,ZENV
18.5638,18.57,18.455,18.535,5250,2021-08-30 16:21:00,ZENV
18.535,18.57,18.535,18.57,2550,2021-08-30 16:22:00,ZENV
18.57,18.7,18.52,18.635,2600,2021-08-30 16:23:00,ZENV
18.7,18.84,18.69,18.69,1600,2021-08-30 16:24:00,ZENV
18.7,18.79,18.67,18.67,2700,2021-08-30 16:25:00,ZENV
18.79,18.79,18.65,18.65,300,2021-08-30 16:26:00,ZENV
18.686,18.686,18.686,18.686,100,2021-08-30 16:27:00,ZENV
18.7,18.76,18.69,18.7013,1100,2021-08-30 16:28:00,ZENV
18.79,18.79,18.71,18.78,1300,2021-08-30 16:30:00,ZENV
18.8581,18.8581,18.8581,18.8581,100,2021-08-30 16:31:00,ZENV
18.91,18.92,18.91,18.92,200,2021-08-30 16:32:00,ZENV
18.835,18.93,18.835,18.85,2300,2021-08-30 16:33:00,ZENV
18.9,18.92,18.855,18.92,1300,2021-08-30 16:35:00,ZENV
18.92,18.92,18.92,18.92,100,2021-08-30 16:36:00,ZENV
18.865,18.865,18.8101,18.8101,300,2021-08-30 16:37:00,ZENV
18.865,18.92,18.8507,18.865,700,2021-08-30 16:38:00,ZENV
18.865,18.865,18.865,18.865,100,2021-08-30 16:39:00,ZENV
18.865,18.92,18.82,18.92,1400,2021-08-30 16:40:00,ZENV
18.82,19.06,18.81,18.945,7533,2021-08-30 16:41:00,ZENV
18.94,19.06,18.86,18.86,1300,2021-08-30 16:42:00,ZENV
19.33,19.33,18.88,18.89,600,2021-08-30 16:43:00,ZENV
19.24,19.53,19.2,19.53,1600,2021-08-30 16:44:00,ZENV
19.45,19.5,19.45,19.5,300,2021-08-30 16:46:00,ZENV
19.47,19.47,19.46,19.46,200,2021-08-30 16:47:00,ZENV
19.45,19.4665,19.45,19.45,500,2021-08-30 16:48:00,ZENV
19.5,19.5,19.5,19.5,200,2021-08-30 16:49:00,ZENV
19.4999,19.5,19.401,19.401,550,2021-08-30 16:51:00,ZENV
19.5,19.5,19.36,19.5,8674,2021-08-30 16:52:00,ZENV
19.44,19.44,19.44,19.44,1000,2021-08-30 16:53:00,ZENV
19.4485,19.51,19.36,19.39,4002,2021-08-30 16:57:00,ZENV
19.3399,19.3399,19.04,19.04,6750,2021-08-30 17:01:00,ZENV
19.088,19.088,19.0614,19.0614,3500,2021-08-30 17:02:00,ZENV
19.0952,19.2,19.0952,19.1971,7386,2021-08-30 17:03:00,ZENV
19.155,19.155,18.775,18.8,20990,2021-08-30 17:04:00,ZENV
18.77,18.8,18.75,18.76,1880,2021-08-30 17:05:00,ZENV
18.85,18.85,18.85,18.85,100,2021-08-30 17:08:00,ZENV
18.87,18.87,18.87,18.87,200,2021-08-30 17:09:00,ZENV
18.87,18.9204,18.7,18.7007,6670,2021-08-30 17:10:00,ZENV
18.7007,18.7007,18.6901,18.6901,400,2021-08-30 17:11:00,ZENV
18.745,18.745,18.745,18.745,200,2021-08-30 17:12:00,ZENV
18.7575,18.7575,18.7575,18.7575,200,2021-08-30 17:18:00,ZENV
18.76,18.76,18.76,18.76,100,2021-08-30 17:19:00,ZENV
18.75,18.75,18.75,18.75,5319,2021-08-30 17:22:00,ZENV
18.7001,18.7001,18.7001,18.7001,150,2021-08-30 17:23:00,ZENV
18.75,18.78,18.75,18.78,200,2021-08-30 17:25:00,ZENV
18.7799,18.7799,18.74,18.74,400,2021-08-30 17:26:00,ZENV
18.73,18.78,18.73,18.75,2400,2021-08-30 17:28:00,ZENV
18.8,18.8,18.755,18.7725,2809,2021-08-30 17:29:00,ZENV
18.8,18.8,18.755,18.755,2197,2021-08-30 17:30:00,ZENV
18.8,18.8,18.8,18.8,497,2021-08-30 17:32:00,ZENV
18.8,18.8,18.8,18.8,200,2021-08-30 17:34:00,ZENV
18.7999,18.7999,18.7999,18.7999,797,2021-08-30 17:38:00,ZENV
18.7962,18.8,18.7962,18.8,419,2021-08-30 17:44:00,ZENV
18.7914,18.7914,18.7914,18.7914,200,2021-08-30 17:45:00,ZENV
18.8,18.8,18.73,18.8,1100,2021-08-30 17:46:00,ZENV
18.8,18.8,18.7501,18.76,5667,2021-08-30 17:47:00,ZENV
18.8,18.8,18.8,18.8,100,2021-08-30 17:48:00,ZENV
18.8,18.8,18.78,18.78,4500,2021-08-30 17:49:00,ZENV
18.8,18.8,18.7546,18.7546,878,2021-08-30 17:52:00,ZENV
18.9831,18.984,18.9831,18.984,800,2021-08-30 17:56:00,ZENV
18.95,18.9983,18.95,18.9983,1000,2021-08-30 17:57:00,ZENV
18.98,18.98,18.98,18.98,100,2021-08-30 17:59:00,ZENV
18.99,19.0,18.99,18.9987,700,2021-08-30 18:00:00,ZENV
19.0,19.0,18.95,18.97,2986,2021-08-30 18:01:00,ZENV
19.0,19.0,18.97,18.97,593,2021-08-30 18:02:00,ZENV
18.91,18.91,18.89,18.89,300,2021-08-30 18:08:00,ZENV
18.8901,18.93,18.8901,18.915,469,2021-08-30 18:11:00,ZENV
18.93,19.0,18.93,19.0,2076,2021-08-30 18:12:00,ZENV
19.0,19.0,18.965,18.965,2228,2021-08-30 18:13:00,ZENV
19.0,19.0,19.0,19.0,1000,2021-08-30 18:14:00,ZENV
18.95,18.95,18.95,18.95,100,2021-08-30 18:15:00,ZENV
18.97,19.0,18.97,19.0,1300,2021-08-30 18:16:00,ZENV
19.0,19.0,18.9992,19.0,2716,2021-08-30 18:17:00,ZENV
19.01,19.0497,19.01,19.03,500,2021-08-30 18:18:00,ZENV
19.155,19.155,19.01,19.01,1592,2021-08-30 18:20:00,ZENV
19.0,19.0,18.95,18.96,2362,2021-08-30 18:21:00,ZENV
19.189,19.189,19.189,19.189,100,2021-08-30 18:24:00,ZENV
19.119,19.24,19.095,19.095,3100,2021-08-30 18:27:00,ZENV
19.09,19.0901,19.09,19.09,2736,2021-08-30 18:35:00,ZENV
19.15,19.16,19.15,19.15,1200,2021-08-30 18:36:00,ZENV
19.16,19.16,19.08,19.08,700,2021-08-30 18:37:00,ZENV
19.02,19.24,19.02,19.16,1500,2021-08-30 18:38:00,ZENV
19.12,19.13,19.12,19.13,200,2021-08-30 18:39:00,ZENV
19.15,19.15,19.14,19.14,700,2021-08-30 18:40:00,ZENV
19.04,19.04,19.04,19.04,2075,2021-08-30 18:46:00,ZENV
19.05,19.05,19.04,19.04,700,2021-08-30 18:47:00,ZENV
18.91,18.91,18.9,18.9,1000,2021-08-30 18:52:00,ZENV
19.03,19.03,19.025,19.025,300,2021-08-30 18:59:00,ZENV
18.935,18.935,18.935,18.935,2000,2021-08-30 19:00:00,ZENV
18.96,19.01,18.935,19.01,400,2021-08-30 19:01:00,ZENV
18.98,18.98,18.98,18.98,3000,2021-08-30 19:02:00,ZENV
18.98,19.055,18.98,19.055,2460,2021-08-30 19:03:00,ZENV
19.03,19.06,19.01,19.03,640,2021-08-30 19:04:00,ZENV
19.03,19.03,19.03,19.03,200,2021-08-30 19:05:00,ZENV
19.05,19.115,19.01,19.115,1100,2021-08-30 19:06:00,ZENV
19.06,19.06,19.05,19.05,200,2021-08-30 19:07:00,ZENV
19.02,19.02,19.02,19.02,100,2021-08-30 19:08:00,ZENV
19.08,19.09,19.03,19.03,1000,2021-08-30 19:09:00,ZENV
19.03,19.03,18.9,19.015,2377,2021-08-30 19:10:00,ZENV
19.0,19.0,19.0,19.0,200,2021-08-30 19:14:00,ZENV
18.955,19.035,18.955,19.035,500,2021-08-30 19:15:00,ZENV
19.06,19.06,19.06,19.06,100,2021-08-30 19:17:00,ZENV
19.06,19.06,19.06,19.06,1000,2021-08-30 19:20:00,ZENV
19.0,19.01,18.98,18.985,1400,2021-08-30 19:21:00,ZENV
19.1299,19.1299,19.05,19.05,2244,2021-08-30 19:22:00,ZENV
19.02,19.02,19.0,19.0,200,2021-08-30 19:23:00,ZENV
19.02,19.02,18.855,18.855,1300,2021-08-30 19:24:00,ZENV
18.92,19.16,18.92,19.15,2466,2021-08-30 19:25:00,ZENV
19.1,19.1,19.0,19.0,300,2021-08-30 19:30:00,ZENV
19.02,19.02,19.02,19.02,100,2021-08-30 19:31:00,ZENV
19.04,19.065,19.03,19.03,700,2021-08-30 19:32:00,ZENV
19.01,19.01,19.01,19.01,100,2021-08-30 19:33:00,ZENV
19.04,19.04,19.04,19.04,100,2021-08-30 19:34:00,ZENV
18.98,18.98,18.98,18.98,128,2021-08-30 19:36:00,ZENV
19.04,19.175,19.04,19.175,1500,2021-08-30 19:38:00,ZENV
19.06,19.18,19.06,19.18,2559,2021-08-30 19:39:00,ZENV
19.13,19.17,19.09,19.105,1200,2021-08-30 19:40:00,ZENV
19.04,19.04,19.04,19.04,100,2021-08-30 19:41:00,ZENV
19.05,19.05,19.04,19.04,300,2021-08-30 19:42:00,ZENV
19.04,19.04,19.0,19.0,300,2021-08-30 19:43:00,ZENV
19.0011,19.0011,19.0,19.0,2150,2021-08-30 19:44:00,ZENV
19.04,19.09,19.04,19.055,300,2021-08-30 19:45:00,ZENV
19.08,19.1,19.08,19.1,400,2021-08-30 19:46:00,ZENV
19.08,19.1,19.08,19.1,400,2021-08-30 19:47:00,ZENV
19.08,19.08,19.08,19.08,200,2021-08-30 19:48:00,ZENV
19.08,19.1,19.08,19.1,336,2021-08-30 19:49:00,ZENV
19.1,19.1,19.06,19.06,700,2021-08-30 19:50:00,ZENV
19.05,19.05,19.05,19.05,200,2021-08-30 19:51:00,ZENV
19.09,19.09,19.05,19.05,300,2021-08-30 19:52:00,ZENV
19.0333,19.0333,19.0333,19.0333,200,2021-08-30 19:54:00,ZENV
19.05,19.09,19.02,19.09,600,2021-08-30 19:55:00,ZENV
19.0577,19.075,19.0577,19.075,3419,2021-08-30 19:56:00,ZENV
19.075,19.075,19.05,19.055,900,2021-08-30 19:57:00,ZENV
19.05,19.05,18.98,19.015,1700,2021-08-30 19:58:00,ZENV
19.015,19.08,19.0,19.0,13313,2021-08-30 19:59:00,ZENV
19.0,19.0,19.0,19.0,1131,2021-08-30 20:00:00,ZENV
19.17,19.17,19.17,19.17,1086,2021-08-31 13:30:00,ZENV
19.0435,19.09,19.0,19.09,1100,2021-08-31 13:31:00,ZENV
19.0,19.01,19.0,19.01,400,2021-08-31 13:32:00,ZENV
19.05,19.05,19.05,19.05,500,2021-08-31 13:33:00,ZENV
19.05,19.12,19.05,19.095,3426,2021-08-31 13:34:00,ZENV
19.325,19.325,19.325,19.325,700,2021-08-31 13:35:00,ZENV
19.325,19.325,19.32,19.32,200,2021-08-31 13:36:00,ZENV
19.25,19.25,18.88,18.95,3299,2021-08-31 13:37:00,ZENV
18.81,18.854,18.39,18.39,8896,2021-08-31 13:38:00,ZENV
18.75,18.75,18.7,18.71,441,2021-08-31 13:41:00,ZENV
18.7,18.7,18.7,18.7,200,2021-08-31 13:42:00,ZENV
18.8925,18.8925,18.8925,18.8925,100,2021-08-31 13:46:00,ZENV
18.895,18.895,18.895,18.895,100,2021-08-31 13:47:00,ZENV
18.9,18.915,18.9,18.915,700,2021-08-31 13:48:00,ZENV
18.925,18.925,18.78,18.79,1474,2021-08-31 13:49:00,ZENV
18.8,18.8,18.8,18.8,100,2021-08-31 13:50:00,ZENV
18.87,18.9,18.87,18.9,600,2021-08-31 13:51:00,ZENV
18.9,18.9,18.9,18.9,100,2021-08-31 13:54:00,ZENV
18.9,19.1,18.9,19.0,3450,2021-08-31 13:57:00,ZENV
18.99,18.99,18.9,18.9,1000,2021-08-31 13:59:00,ZENV
19.09,19.24,19.08,19.08,1700,2021-08-31 14:01:00,ZENV
18.9,18.9,18.9,18.9,800,2021-08-31 14:02:00,ZENV
19.1,19.1,19.025,19.06,600,2021-08-31 14:03:00,ZENV
19.06,19.06,18.9761,18.9761,340,2021-08-31 14:04:00,ZENV
19.05,19.05,18.9,18.9,1647,2021-08-31 14:05:00,ZENV
18.91,18.955,18.9,18.9,700,2021-08-31 14:06:00,ZENV
19.07,19.1,19.07,19.1,300,2021-08-31 14:07:00,ZENV
19.1815,19.21,18.9,18.9095,2500,2021-08-31 14:08:00,ZENV
18.98,19.0,18.9,19.0,1300,2021-08-31 14:11:00,ZENV
18.94,18.94,18.93,18.93,200,2021-08-31 14:13:00,ZENV
18.97,18.97,18.97,18.97,340,2021-08-31 14:14:00,ZENV
18.995,18.995,18.995,18.995,250,2021-08-31 14:15:00,ZENV
18.99,18.99,18.9,18.9,1600,2021-08-31 14:17:00,ZENV
19.01,19.01,19.0004,19.0004,200,2021-08-31 14:18:00,ZENV
18.99,19.03,18.9,18.9,2700,2021-08-31 14:19:00,ZENV
18.919,18.9596,18.9,18.9596,600,2021-08-31 14:20:00,ZENV
18.99,18.99,18.99,18.99,100,2021-08-31 14:21:00,ZENV
18.91,18.91,18.91,18.91,100,2021-08-31 14:30:00,ZENV
18.975,19.1,18.975,19.1,883,2021-08-31 14:31:00,ZENV
19.1,19.1,19.1,19.1,500,2021-08-31 14:32:00,ZENV
19.0,19.0,18.99,18.99,4000,2021-08-31 14:34:00,ZENV
19.08,19.08,19.08,19.08,100,2021-08-31 14:36:00,ZENV
19.038,19.038,19.038,19.038,500,2021-08-31 14:43:00,ZENV
19.1,19.24,19.1,19.24,400,2021-08-31 14:45:00,ZENV
19.35,19.37,19.33,19.33,1200,2021-08-31 14:46:00,ZENV
19.5,19.51,19.39,19.5,5032,2021-08-31 14:48:00,ZENV
19.51,19.51,19.51,19.51,100,2021-08-31 14:50:00,ZENV
19.499,19.51,19.4447,19.4447,2224,2021-08-31 14:51:00,ZENV
19.39,19.39,19.39,19.39,200,2021-08-31 14:53:00,ZENV
19.288,19.288,19.288,19.288,1000,2021-08-31 14:56:00,ZENV
19.3,19.32,19.2,19.2,1756,2021-08-31 14:57:00,ZENV
19.25,19.25,19.2,19.25,392,2021-08-31 14:58:00,ZENV
19.22,19.3,19.22,19.3,400,2021-08-31 14:59:00,ZENV
19.3,19.3,19.2775,19.29,1693,2021-08-31 15:00:00,ZENV
19.55,19.55,19.55,19.55,150,2021-08-31 15:01:00,ZENV
19.48,19.63,19.45,19.545,4195,2021-08-31 15:02:00,ZENV
19.62,19.63,19.545,19.545,1492,2021-08-31 15:03:00,ZENV
19.63,19.76,19.59,19.75,1200,2021-08-31 15:04:00,ZENV
19.74,19.95,19.72,19.95,6181,2021-08-31 15:05:00,ZENV
19.88,19.88,19.88,19.88,300,2021-08-31 15:08:00,ZENV
19.88,19.88,19.8,19.8,600,2021-08-31 15:09:00,ZENV
19.81,19.81,19.65,19.65,3322,2021-08-31 15:10:00,ZENV
19.65,19.65,19.65,19.65,200,2021-08-31 15:11:00,ZENV
19.4543,19.4543,19.4543,19.4543,100,2021-08-31 15:12:00,ZENV
19.65,19.65,19.65,19.65,260,2021-08-31 15:14:00,ZENV
19.87,19.87,19.87,19.87,100,2021-08-31 15:19:00,ZENV
19.8252,19.8252,19.8252,19.8252,100,2021-08-31 15:20:00,ZENV
19.81,19.81,19.8,19.8,300,2021-08-31 15:24:00,ZENV
19.87,19.87,19.87,19.87,100,2021-08-31 15:25:00,ZENV
19.88,20.0,19.8,19.8,2131,2021-08-31 15:26:00,ZENV
19.8,20.0,19.8,20.0,14268,2021-08-31 15:27:00,ZENV
19.9999,20.0,19.9,20.0,5980,2021-08-31 15:28:00,ZENV
19.99,20.0,19.99,20.0,3120,2021-08-31 15:29:00,ZENV
20.0,20.0,19.955,20.0,750,2021-08-31 15:30:00,ZENV
19.92,19.955,19.9,19.915,1900,2021-08-31 15:31:00,ZENV
19.89,19.93,19.89,19.9,700,2021-08-31 15:32:00,ZENV
19.9,19.9,19.85,19.891,1200,2021-08-31 15:33:00,ZENV
19.9,19.94,19.9,19.94,200,2021-08-31 15:34:00,ZENV
19.9999,19.9999,19.94,19.94,1400,2021-08-31 15:35:00,ZENV
19.93,19.9699,19.93,19.9699,5200,2021-08-31 15:36:00,ZENV
19.96,19.96,19.96,19.96,400,2021-08-31 15:37:00,ZENV
19.93,19.93,19.93,19.93,100,2021-08-31 15:38:00,ZENV
19.9999,19.9999,19.9999,19.9999,200,2021-08-31 15:39:00,ZENV
19.96,20.0,19.96,20.0,200,2021-08-31 15:40:00,ZENV
20.0,20.015,19.965,19.98,7743,2021-08-31 15:41:00,ZENV
19.98,19.99,19.98,19.99,500,2021-08-31 15:45:00,ZENV
20.0,20.0,19.9362,20.0,2300,2021-08-31 15:46:00,ZENV
19.95,19.95,19.95,19.95,600,2021-08-31 15:48:00,ZENV
19.95,19.95,19.9,19.9,500,2021-08-31 15:49:00,ZENV
19.95,19.95,19.8401,19.8401,1100,2021-08-31 15:50:00,ZENV
19.98,19.98,19.98,19.98,101,2021-08-31 15:51:00,ZENV
19.86,19.89,19.86,19.871,700,2021-08-31 15:53:00,ZENV
19.89,19.9,19.89,19.9,378,2021-08-31 15:54:00,ZENV
19.935,20.01,19.88,19.89,5148,2021-08-31 15:55:00,ZENV
19.91,19.91,19.9,19.9,200,2021-08-31 15:56:00,ZENV
19.8,19.855,19.8,19.855,400,2021-08-31 15:57:00,ZENV
19.7001,19.7001,19.7001,19.7001,200,2021-08-31 15:58:00,ZENV
19.84,19.84,19.84,19.84,200,2021-08-31 15:59:00,ZENV
19.9144,19.9144,19.9144,19.9144,230,2021-08-31 16:04:00,ZENV
19.845,19.845,19.845,19.845,265,2021-08-31 16:05:00,ZENV
19.8,19.8,19.8,19.8,600,2021-08-31 16:06:00,ZENV
19.8,19.8,19.8,19.8,1767,2021-08-31 16:07:00,ZENV
19.8277,19.8277,19.8277,19.8277,100,2021-08-31 16:09:00,ZENV
19.7601,19.77,19.58,19.58,6598,2021-08-31 16:13:00,ZENV
19.6601,19.6601,19.6601,19.6601,200,2021-08-31 16:26:00,ZENV
19.7,19.7,19.65,19.68,1920,2021-08-31 16:28:00,ZENV
19.615,19.62,19.615,19.615,1152,2021-08-31 16:29:00,ZENV
19.8055,19.8055,19.61,19.67,720,2021-08-31 16:30:00,ZENV
19.74,19.74,19.74,19.74,100,2021-08-31 16:31:00,ZENV
19.67,19.67,19.65,19.65,200,2021-08-31 16:32:00,ZENV
19.51,19.52,19.51,19.52,514,2021-08-31 16:33:00,ZENV
19.59,19.64,19.59,19.64,400,2021-08-31 16:34:00,ZENV
19.7,19.7,19.7,19.7,800,2021-08-31 16:35:00,ZENV
19.52,19.62,19.52,19.61,1000,2021-08-31 16:36:00,ZENV
19.7,19.7,19.62,19.68,400,2021-08-31 16:37:00,ZENV
19.65,19.65,19.515,19.54,3500,2021-08-31 16:38:00,ZENV
19.7,19.75,19.52,19.59,5000,2021-08-31 16:39:00,ZENV
19.69,19.69,19.55,19.605,3469,2021-08-31 16:40:00,ZENV
19.7,19.7,19.7,19.7,900,2021-08-31 16:41:00,ZENV
19.65,19.65,19.65,19.65,100,2021-08-31 16:42:00,ZENV
19.57,19.6,19.505,19.52,800,2021-08-31 16:43:00,ZENV
19.505,19.5899,19.45,19.54,1255,2021-08-31 16:44:00,ZENV
19.55,19.65,19.54,19.65,3216,2021-08-31 16:45:00,ZENV
19.52,19.52,19.5,19.5,700,2021-08-31 16:49:00,ZENV
19.58,19.58,19.58,19.58,100,2021-08-31 16:52:00,ZENV
19.62,19.62,19.62,19.62,100,2021-08-31 16:53:00,ZENV
19.6,19.6,19.58,19.58,1500,2021-08-31 16:55:00,ZENV
19.515,19.515,19.515,19.515,250,2021-08-31 16:57:00,ZENV
19.6,19.6,19.45,19.45,11050,2021-08-31 16:59:00,ZENV
19.305,19.305,19.28,19.295,325,2021-08-31 17:01:00,ZENV
19.4331,19.4331,19.4331,19.4331,325,2021-08-31 17:09:00,ZENV
19.69,19.69,19.69,19.69,500,2021-08-31 17:10:00,ZENV
19.305,19.305,19.3,19.3,200,2021-08-31 17:11:00,ZENV
19.5,19.69,19.335,19.335,1300,2021-08-31 17:20:00,ZENV
19.4,19.4,19.4,19.4,100,2021-08-31 17:22:00,ZENV
19.5763,19.5784,19.5763,19.5784,200,2021-08-31 17:25:00,ZENV
19.44,19.44,19.42,19.42,1480,2021-08-31 17:26:00,ZENV
19.26,19.26,19.24,19.24,200,2021-08-31 17:30:00,ZENV
19.24,19.24,19.01,19.01,3350,2021-08-31 17:32:00,ZENV
19.2276,19.2276,19.2276,19.2276,300,2021-08-31 17:33:00,ZENV
19.23,19.23,19.23,19.23,500,2021-08-31 17:35:00,ZENV
19.02,19.02,19.015,19.015,200,2021-08-31 17:38:00,ZENV
19.25,19.25,19.25,19.25,100,2021-08-31 17:41:00,ZENV
19.1001,19.1001,19.1001,19.1001,150,2021-08-31 17:43:00,ZENV
19.13,19.13,19.13,19.13,200,2021-08-31 17:47:00,ZENV
19.13,19.13,19.1,19.1,1800,2021-08-31 17:48:00,ZENV
19.01,19.0475,19.0,19.0475,861,2021-08-31 17:49:00,ZENV
19.02,19.02,19.02,19.02,574,2021-08-31 17:56:00,ZENV
19.0,19.0,18.48,18.48,1325,2021-08-31 18:02:00,ZENV
18.84,18.887,18.8,18.8001,7823,2021-08-31 18:03:00,ZENV
18.8,18.8,18.8,18.8,300,2021-08-31 18:05:00,ZENV
18.77,18.77,18.759,18.759,300,2021-08-31 18:07:00,ZENV
18.9414,18.9414,18.6,18.61,750,2021-08-31 18:11:00,ZENV
18.99,18.99,18.99,18.99,100,2021-08-31 18:14:00,ZENV
18.53,18.54,18.52,18.53,966,2021-08-31 18:20:00,ZENV
18.5841,18.5841,18.5841,18.5841,270,2021-08-31 18:23:00,ZENV
18.68,18.68,18.68,18.68,180,2021-08-31 18:26:00,ZENV
18.65,18.65,18.65,18.65,2821,2021-08-31 18:28:00,ZENV
18.6,18.6,18.6,18.6,100,2021-08-31 18:36:00,ZENV
18.67,18.67,18.5201,18.5201,1200,2021-08-31 18:37:00,ZENV
18.595,18.625,18.53,18.5903,2368,2021-08-31 18:38:00,ZENV
18.52,18.52,18.52,18.52,200,2021-08-31 18:39:00,ZENV
18.5,18.5,18.5,18.5,300,2021-08-31 18:40:00,ZENV
18.58,18.63,18.54,18.63,723,2021-08-31 18:41:00,ZENV
18.63,18.64,18.63,18.64,400,2021-08-31 18:42:00,ZENV
18.7,18.7,18.7,18.7,200,2021-08-31 18:43:00,ZENV
18.74,19.0,18.74,19.0,805,2021-08-31 18:44:00,ZENV
19.1,19.11,19.1,19.1,500,2021-08-31 18:45:00,ZENV
18.98,19.0,18.93,18.93,400,2021-08-31 18:46:00,ZENV
18.89,19.2589,18.89,19.2589,461,2021-08-31 18:47:00,ZENV
19.04,19.04,19.0,19.0,700,2021-08-31 18:48:00,ZENV
19.14,19.14,19.14,19.14,11000,2021-08-31 18:49:00,ZENV
18.85,18.85,18.85,18.85,800,2021-08-31 18:50:00,ZENV
18.92,18.92,18.92,18.92,100,2021-08-31 18:52:00,ZENV
18.92,18.92,18.92,18.92,500,2021-08-31 18:54:00,ZENV
18.985,18.985,18.84,18.84,300,2021-08-31 19:06:00,ZENV
18.985,18.99,18.985,18.99,600,2021-08-31 19:08:00,ZENV
18.99,18.99,18.99,18.99,800,2021-08-31 19:09:00,ZENV
18.949,19.0,18.93,19.0,420,2021-08-31 19:10:00,ZENV
18.985,18.99,18.854,18.99,1600,2021-08-31 19:25:00,ZENV
18.99,18.99,18.99,18.99,200,2021-08-31 19:26:00,ZENV
18.92,18.92,18.92,18.92,100,2021-08-31 19:29:00,ZENV
18.87,18.92,18.86,18.92,700,2021-08-31 19:31:00,ZENV
18.96,18.9639,18.96,18.9639,915,2021-08-31 19:32:00,ZENV
18.98,19.0,18.98,19.0,1873,2021-08-31 19:38:00,ZENV
18.99,19.0,18.99,19.0,1500,2021-08-31 19:39:00,ZENV
18.92,18.92,18.92,18.92,200,2021-08-31 19:42:00,ZENV
18.92,18.92,18.68,18.6801,6364,2021-08-31 19:43:00,ZENV
18.96,18.99,18.96,18.99,1000,2021-08-31 19:46:00,ZENV
18.99,18.99,18.965,18.99,1100,2021-08-31 19:50:00,ZENV
18.99,18.99,18.99,18.99,400,2021-08-31 19:51:00,ZENV
18.89,18.89,18.89,18.89,100,2021-08-31 19:52:00,ZENV
18.99,18.99,18.98,18.99,700,2021-08-31 19:53:00,ZENV
18.99,18.99,18.99,18.99,100,2021-08-31 19:54:00,ZENV
18.995,19.0,18.99,18.99,3200,2021-08-31 19:56:00,ZENV
18.99,19.0,18.89,18.89,2153,2021-08-31 19:57:00,ZENV
18.97,19.0,18.92,19.0,5301,2021-08-31 19:58:00,ZENV
19.0,19.0,18.82,18.82,11942,2021-08-31 19:59:00,ZENV
18.98,18.98,18.98,18.98,1213,2021-08-31 20:00:00,ZENV
