open,high,low,close,volume,datetime,symbol
72.51,72.51,71.82,72.07,2247,2022-02-01 14:30:00,MANT
72.02,73.15,72.0,72.3,2658,2022-02-01 14:35:00,MANT
72.1,72.3,72.0,72.29,600,2022-02-01 14:40:00,MANT
71.82,72.28,71.82,72.28,600,2022-02-01 14:50:00,MANT
71.7,71.7,71.57,71.62,435,2022-02-01 14:55:00,MANT
71.59,71.67,70.68,70.68,4180,2022-02-01 15:00:00,MANT
70.85,70.99,70.85,70.99,960,2022-02-01 15:05:00,MANT
71.3,71.31,71.08,71.1,500,2022-02-01 15:10:00,MANT
71.03,71.07,71.0,71.07,700,2022-02-01 15:15:00,MANT
71.06,71.13,71.06,71.13,300,2022-02-01 15:20:00,MANT
71.09,71.09,70.97,70.97,400,2022-02-01 15:25:00,MANT
71.05,71.05,71.05,71.05,100,2022-02-01 15:30:00,MANT
71.045,71.045,70.89,70.89,200,2022-02-01 15:35:00,MANT
71.08,71.08,70.8,70.8,1031,2022-02-01 15:40:00,MANT
70.77,70.85,70.56,70.56,400,2022-02-01 15:45:00,MANT
70.71,70.735,70.63,70.63,425,2022-02-01 15:50:00,MANT
70.73,70.73,70.545,70.545,1120,2022-02-01 15:55:00,MANT
70.51,70.59,70.385,70.59,1389,2022-02-01 16:00:00,MANT
70.8722,70.8722,70.51,70.51,300,2022-02-01 16:05:00,MANT
70.585,70.585,70.47,70.47,500,2022-02-01 16:10:00,MANT
70.565,70.565,70.28,70.3,400,2022-02-01 16:15:00,MANT
70.365,70.365,70.15,70.26,2201,2022-02-01 16:20:00,MANT
70.45,70.46,70.32,70.46,600,2022-02-01 16:25:00,MANT
70.37,70.37,69.99,70.145,2686,2022-02-01 16:30:00,MANT
70.14,70.23,70.04,70.04,700,2022-02-01 16:35:00,MANT
69.94,69.94,69.94,69.94,100,2022-02-01 16:40:00,MANT
69.89,70.01,69.815,70.01,500,2022-02-01 16:45:00,MANT
69.925,69.925,69.925,69.925,200,2022-02-01 16:50:00,MANT
69.775,69.98,69.745,69.98,700,2022-02-01 16:55:00,MANT
69.83,69.98,69.74,69.88,2300,2022-02-01 17:00:00,MANT
69.78,70.03,69.78,70.03,1122,2022-02-01 17:05:00,MANT
70.05,70.17,70.025,70.17,600,2022-02-01 17:10:00,MANT
70.1328,70.24,70.1328,70.24,511,2022-02-01 17:15:00,MANT
70.4,70.4,70.4,70.4,100,2022-02-01 17:20:00,MANT
70.41,70.47,70.41,70.47,200,2022-02-01 17:25:00,MANT
70.47,70.47,70.04,70.11,1298,2022-02-01 17:30:00,MANT
70.08,70.15,69.94,69.97,1415,2022-02-01 17:35:00,MANT
70.13,70.14,69.91,69.91,714,2022-02-01 17:40:00,MANT
70.01,70.04,69.82,70.04,900,2022-02-01 17:45:00,MANT
69.895,69.895,69.76,69.76,1100,2022-02-01 17:50:00,MANT
69.94,70.04,69.94,69.95,800,2022-02-01 18:00:00,MANT
69.965,69.99,69.81,69.81,1518,2022-02-01 18:05:00,MANT
69.79,69.89,69.79,69.85,1300,2022-02-01 18:10:00,MANT
69.82,69.86,69.82,69.86,690,2022-02-01 18:15:00,MANT
69.9,69.9,69.9,69.9,300,2022-02-01 18:20:00,MANT
69.99,70.0,69.99,70.0,647,2022-02-01 18:25:00,MANT
70.06,70.165,69.91,69.94,2900,2022-02-01 18:30:00,MANT
69.98,70.0342,69.98,70.0,888,2022-02-01 18:35:00,MANT
70.02,70.12,69.97,70.02,1242,2022-02-01 18:40:00,MANT
70.07,70.4,70.07,70.4,700,2022-02-01 18:45:00,MANT
70.46,70.54,70.4,70.54,844,2022-02-01 18:50:00,MANT
70.63,70.63,70.51,70.54,2377,2022-02-01 18:55:00,MANT
70.63,70.66,70.595,70.63,994,2022-02-01 19:00:00,MANT
70.62,70.64,70.55,70.55,1932,2022-02-01 19:05:00,MANT
70.56,70.57,70.34,70.34,1227,2022-02-01 19:10:00,MANT
70.33,70.33,70.33,70.33,100,2022-02-01 19:15:00,MANT
70.32,70.32,70.08,70.12,1387,2022-02-01 19:20:00,MANT
70.07,70.16,70.05,70.095,600,2022-02-01 19:25:00,MANT
70.12,70.17,70.12,70.17,600,2022-02-01 19:30:00,MANT
70.13,70.13,69.98,69.98,813,2022-02-01 19:35:00,MANT
69.975,70.24,69.96,70.24,900,2022-02-01 19:40:00,MANT
70.13,70.13,70.1,70.1,500,2022-02-01 19:45:00,MANT
69.94,70.07,69.94,70.07,200,2022-02-01 19:50:00,MANT
70.01,70.16,70.01,70.05,1000,2022-02-01 19:55:00,MANT
70.16,70.16,70.16,70.16,100,2022-02-01 20:00:00,MANT
70.255,70.32,70.22,70.3079,1949,2022-02-01 20:05:00,MANT
70.23,70.23,70.13,70.19,1009,2022-02-01 20:10:00,MANT
70.11,70.19,70.105,70.19,600,2022-02-01 20:15:00,MANT
70.19,70.19,70.19,70.19,100,2022-02-01 20:20:00,MANT
70.285,70.47,70.285,70.47,1100,2022-02-01 20:25:00,MANT
70.42,70.48,70.31,70.48,1200,2022-02-01 20:30:00,MANT
70.46,70.595,70.41,70.5,1100,2022-02-01 20:35:00,MANT
70.47,70.67,70.39,70.595,3037,2022-02-01 20:40:00,MANT
70.58,70.66,70.48,70.655,1910,2022-02-01 20:45:00,MANT
70.65,70.69,70.5,70.62,9718,2022-02-01 20:50:00,MANT
70.62,70.685,70.52,70.52,5481,2022-02-01 20:55:00,MANT
70.61,70.61,70.61,70.61,33902,2022-02-01 21:00:00,MANT
70.87,71.04,70.77,70.88,2230,2022-02-02 14:30:00,MANT
71.275,71.28,70.82,71.28,3497,2022-02-02 14:35:00,MANT
71.46,71.93,71.28,71.43,4456,2022-02-02 14:40:00,MANT
71.58,71.76,71.58,71.76,300,2022-02-02 14:45:00,MANT
71.63,71.77,71.63,71.77,1115,2022-02-02 14:50:00,MANT
71.65,71.65,71.65,71.65,101,2022-02-02 14:55:00,MANT
71.7,71.7,71.42,71.42,800,2022-02-02 15:00:00,MANT
71.46,71.67,71.46,71.67,610,2022-02-02 15:05:00,MANT
71.7,71.71,71.6,71.665,600,2022-02-02 15:10:00,MANT
71.65,71.74,71.4,71.4,905,2022-02-02 15:15:00,MANT
71.58,71.59,71.495,71.495,400,2022-02-02 15:20:00,MANT
71.495,71.54,71.34,71.51,905,2022-02-02 15:25:00,MANT
71.385,71.385,71.385,71.385,100,2022-02-02 15:30:00,MANT
71.32,71.755,71.3,71.68,1600,2022-02-02 15:35:00,MANT
71.61,71.74,71.44,71.68,1210,2022-02-02 15:40:00,MANT
71.68,71.68,71.435,71.6,902,2022-02-02 15:45:00,MANT
71.65,71.7,71.65,71.7,1200,2022-02-02 15:50:00,MANT
71.68,71.68,71.68,71.68,100,2022-02-02 15:55:00,MANT
71.74,71.86,71.73,71.73,1105,2022-02-02 16:00:00,MANT
71.745,71.86,71.745,71.79,500,2022-02-02 16:05:00,MANT
71.965,72.19,71.965,72.171,1000,2022-02-02 16:10:00,MANT
72.17,72.3,72.15,72.3,917,2022-02-02 16:15:00,MANT
72.22,72.24,72.14,72.14,500,2022-02-02 16:20:00,MANT
72.19,72.27,72.19,72.2,400,2022-02-02 16:25:00,MANT
72.19,72.19,72.105,72.105,500,2022-02-02 16:30:00,MANT
72.16,72.18,72.15,72.18,500,2022-02-02 16:35:00,MANT
72.07,72.075,72.01,72.01,600,2022-02-02 16:45:00,MANT
72.07,72.13,72.07,72.13,400,2022-02-02 16:50:00,MANT
72.15,72.15,72.08,72.08,600,2022-02-02 16:55:00,MANT
72.15,72.2,72.15,72.185,300,2022-02-02 17:00:00,MANT
72.275,72.275,72.275,72.275,100,2022-02-02 17:05:00,MANT
72.4,72.46,72.36,72.46,700,2022-02-02 17:10:00,MANT
72.44,72.445,72.4,72.4,900,2022-02-02 17:15:00,MANT
72.36,72.47,72.34,72.47,1100,2022-02-02 17:20:00,MANT
72.53,72.62,72.53,72.62,505,2022-02-02 17:25:00,MANT
72.58,72.6,72.57,72.6,800,2022-02-02 17:30:00,MANT
72.59,72.59,72.57,72.575,400,2022-02-02 17:35:00,MANT
72.56,72.56,72.51,72.52,700,2022-02-02 17:40:00,MANT
72.56,72.63,72.56,72.63,500,2022-02-02 17:45:00,MANT
72.71,72.77,72.67,72.73,900,2022-02-02 17:50:00,MANT
72.69,72.76,72.69,72.76,400,2022-02-02 17:55:00,MANT
72.9,72.9,72.9,72.9,100,2022-02-02 18:00:00,MANT
72.905,72.98,72.745,72.745,1008,2022-02-02 18:05:00,MANT
72.73,72.73,72.65,72.66,500,2022-02-02 18:10:00,MANT
72.675,72.71,72.52,72.52,1141,2022-02-02 18:15:00,MANT
72.535,72.61,72.495,72.54,800,2022-02-02 18:20:00,MANT
72.54,72.54,72.16,72.16,2205,2022-02-02 18:25:00,MANT
72.29,72.375,72.29,72.375,400,2022-02-02 18:30:00,MANT
72.47,72.47,72.47,72.47,100,2022-02-02 18:35:00,MANT
72.44,72.58,72.44,72.58,1000,2022-02-02 18:40:00,MANT
72.585,72.585,72.365,72.365,800,2022-02-02 18:45:00,MANT
72.26,72.39,72.26,72.39,1100,2022-02-02 18:50:00,MANT
72.41,72.8,72.41,72.8,800,2022-02-02 18:55:00,MANT
72.73,72.82,72.59,72.59,1300,2022-02-02 19:00:00,MANT
72.55,72.67,72.55,72.67,811,2022-02-02 19:05:00,MANT
72.76,72.83,72.66,72.83,400,2022-02-02 19:10:00,MANT
72.61,72.74,72.53,72.74,1200,2022-02-02 19:15:00,MANT
72.56,72.58,72.51,72.53,2078,2022-02-02 19:20:00,MANT
72.48,72.54,72.47,72.47,1335,2022-02-02 19:25:00,MANT
72.505,72.69,72.505,72.68,1100,2022-02-02 19:30:00,MANT
72.735,72.735,72.545,72.725,600,2022-02-02 19:35:00,MANT
72.81,72.91,72.81,72.91,300,2022-02-02 19:40:00,MANT
72.85,72.86,72.7,72.85,979,2022-02-02 19:45:00,MANT
72.8,72.98,72.8,72.89,2071,2022-02-02 19:50:00,MANT
72.85,72.87,72.7997,72.81,704,2022-02-02 19:55:00,MANT
72.72,72.86,72.71,72.8,1149,2022-02-02 20:00:00,MANT
72.85,73.07,72.82,72.82,1951,2022-02-02 20:05:00,MANT
72.845,72.845,72.66,72.7,633,2022-02-02 20:10:00,MANT
72.64,72.76,72.64,72.69,2400,2022-02-02 20:15:00,MANT
72.7,72.7,72.7,72.7,200,2022-02-02 20:20:00,MANT
72.68,72.68,72.52,72.56,1528,2022-02-02 20:25:00,MANT
72.54,72.68,72.54,72.68,2700,2022-02-02 20:30:00,MANT
72.74,72.795,72.65,72.74,1600,2022-02-02 20:35:00,MANT
72.685,72.85,72.685,72.85,2271,2022-02-02 20:40:00,MANT
72.9,73.03,72.894,72.96,1300,2022-02-02 20:45:00,MANT
72.91,72.91,72.69,72.77,4690,2022-02-02 20:50:00,MANT
72.75,73.07,72.72,72.74,16000,2022-02-02 20:55:00,MANT
72.82,72.82,72.82,72.82,31358,2022-02-02 21:00:00,MANT
72.51,72.51,72.5,72.5,447,2022-02-03 12:25:00,MANT
72.9,72.9,71.6,72.54,7085,2022-02-03 14:30:00,MANT
73.0,73.0,72.53,72.6,1359,2022-02-03 14:35:00,MANT
72.81,72.81,72.36,72.36,3873,2022-02-03 14:40:00,MANT
72.53,72.53,72.47,72.47,400,2022-02-03 14:45:00,MANT
72.51,72.67,72.25,72.67,2871,2022-02-03 14:55:00,MANT
72.51,72.51,72.36,72.49,602,2022-02-03 15:00:00,MANT
72.485,72.62,72.485,72.5,500,2022-02-03 15:05:00,MANT
72.44,72.44,72.44,72.44,100,2022-02-03 15:10:00,MANT
72.43,72.43,72.26,72.38,700,2022-02-03 15:15:00,MANT
72.44,72.44,72.2,72.2,500,2022-02-03 15:20:00,MANT
72.3,72.405,72.3,72.33,1020,2022-02-03 15:25:00,MANT
72.45,72.51,72.39,72.39,849,2022-02-03 15:30:00,MANT
72.39,72.51,72.39,72.51,400,2022-02-03 15:35:00,MANT
72.59,72.96,72.59,72.96,500,2022-02-03 15:40:00,MANT
72.8,72.93,72.78,72.78,900,2022-02-03 15:45:00,MANT
72.96,73.23,72.96,73.2,1500,2022-02-03 15:50:00,MANT
73.34,73.61,73.34,73.55,7581,2022-02-03 15:55:00,MANT
73.48,73.66,73.305,73.41,1500,2022-02-03 16:00:00,MANT
73.34,73.34,73.2,73.2,200,2022-02-03 16:05:00,MANT
73.365,73.45,73.31,73.42,1240,2022-02-03 16:10:00,MANT
73.32,73.4,73.32,73.34,400,2022-02-03 16:15:00,MANT
73.31,73.31,72.86,72.86,2400,2022-02-03 16:20:00,MANT
73.01,73.08,72.9,72.9,900,2022-02-03 16:25:00,MANT
72.82,73.02,72.82,72.91,900,2022-02-03 16:30:00,MANT
72.92,72.965,72.88,72.91,1500,2022-02-03 16:35:00,MANT
72.88,72.9,72.73,72.73,1000,2022-02-03 16:40:00,MANT
72.78,72.85,72.78,72.85,400,2022-02-03 16:45:00,MANT
72.85,72.85,72.85,72.85,200,2022-02-03 16:50:00,MANT
72.835,72.9,72.835,72.9,200,2022-02-03 16:55:00,MANT
72.98,73.04,72.98,73.04,506,2022-02-03 17:00:00,MANT
72.97,72.97,72.97,72.97,100,2022-02-03 17:05:00,MANT
73.01,73.16,73.01,73.155,812,2022-02-03 17:10:00,MANT
73.18,73.21,73.0,73.0,2271,2022-02-03 17:15:00,MANT
73.08,73.23,73.01,73.22,1000,2022-02-03 17:20:00,MANT
73.26,73.27,73.19,73.19,700,2022-02-03 17:25:00,MANT
73.195,73.39,73.195,73.25,1975,2022-02-03 17:30:00,MANT
73.4,73.51,73.39,73.51,1246,2022-02-03 17:35:00,MANT
73.58,73.655,73.54,73.54,800,2022-02-03 17:40:00,MANT
73.63,73.72,73.42,73.42,1728,2022-02-03 17:45:00,MANT
73.38,73.38,73.31,73.32,700,2022-02-03 17:50:00,MANT
73.08,73.28,73.08,73.26,671,2022-02-03 17:55:00,MANT
73.32,73.32,73.14,73.14,500,2022-02-03 18:00:00,MANT
73.22,73.24,73.2,73.2,300,2022-02-03 18:05:00,MANT
73.18,73.29,73.18,73.27,800,2022-02-03 18:10:00,MANT
73.23,73.23,73.22,73.22,200,2022-02-03 18:15:00,MANT
73.33,73.36,73.33,73.36,300,2022-02-03 18:20:00,MANT
73.46,73.46,73.335,73.335,300,2022-02-03 18:25:00,MANT
73.4,73.72,73.4,73.62,1154,2022-02-03 18:30:00,MANT
73.58,73.58,73.58,73.58,200,2022-02-03 18:35:00,MANT
73.49,73.7,73.49,73.7,1105,2022-02-03 18:40:00,MANT
73.7,74.15,73.68,74.05,3670,2022-02-03 18:45:00,MANT
73.85,73.95,73.85,73.85,501,2022-02-03 18:50:00,MANT
73.85,73.9,73.84,73.87,900,2022-02-03 18:55:00,MANT
73.65,73.65,73.65,73.65,100,2022-02-03 19:00:00,MANT
73.76,73.78,73.75,73.75,400,2022-02-03 19:05:00,MANT
73.7,73.85,73.69,73.85,900,2022-02-03 19:10:00,MANT
73.82,73.87,73.7978,73.87,1024,2022-02-03 19:15:00,MANT
73.86,74.04,73.83,74.0,1100,2022-02-03 19:20:00,MANT
73.67,73.67,73.67,73.67,300,2022-02-03 19:25:00,MANT
73.71,73.85,73.7,73.77,800,2022-02-03 19:30:00,MANT
73.8,73.8,73.69,73.7,2002,2022-02-03 19:35:00,MANT
73.6,73.6,73.59,73.59,200,2022-02-03 19:40:00,MANT
73.485,73.63,73.485,73.6,900,2022-02-03 19:45:00,MANT
73.61,73.61,73.44,73.48,887,2022-02-03 19:50:00,MANT
73.46,73.75,73.43,73.52,3751,2022-02-03 19:55:00,MANT
73.5,73.58,73.45,73.58,600,2022-02-03 20:00:00,MANT
73.62,78.74,73.6,75.98,155163,2022-02-03 20:05:00,MANT
76.025,76.9,74.64,75.1178,117173,2022-02-03 20:10:00,MANT
75.09,75.66,74.36,74.7,62650,2022-02-03 20:15:00,MANT
74.75,74.95,74.51,74.785,18040,2022-02-03 20:20:00,MANT
74.76,74.87,73.56,74.305,55021,2022-02-03 20:25:00,MANT
74.3,74.43,74.24,74.37,15678,2022-02-03 20:30:00,MANT
74.28,74.5,74.195,74.405,18552,2022-02-03 20:35:00,MANT
74.405,74.43,74.04,74.095,16711,2022-02-03 20:40:00,MANT
74.095,74.095,73.66,73.8456,23457,2022-02-03 20:45:00,MANT
73.79,74.14,73.65,73.93,18818,2022-02-03 20:50:00,MANT
73.91,74.08,73.79,73.86,33950,2022-02-03 20:55:00,MANT
73.86,73.86,73.86,73.86,36349,2022-02-03 21:00:00,MANT
74.23,74.23,74.23,74.23,100,2022-02-04 14:25:00,MANT
74.18,75.755,74.17,75.69,25374,2022-02-04 14:30:00,MANT
75.65,76.21,75.58,76.12,15335,2022-02-04 14:35:00,MANT
76.0,76.38,75.87,76.315,6100,2022-02-04 14:40:00,MANT
76.16,76.16,75.38,75.665,3719,2022-02-04 14:45:00,MANT
75.65,75.96,75.17,75.85,25662,2022-02-04 14:50:00,MANT
75.85,75.94,75.61,75.61,4301,2022-02-04 14:55:00,MANT
75.75,76.5,75.5,76.39,25388,2022-02-04 15:00:00,MANT
76.18,76.5,75.61,75.61,10354,2022-02-04 15:05:00,MANT
75.51,75.83,75.28,75.67,9960,2022-02-04 15:10:00,MANT
75.62,76.39,75.5018,76.25,8825,2022-02-04 15:15:00,MANT
76.13,76.39,75.785,75.81,8908,2022-02-04 15:20:00,MANT
75.81,76.0,75.415,75.415,3395,2022-02-04 15:25:00,MANT
75.24,75.885,75.23,75.73,10549,2022-02-04 15:30:00,MANT
75.785,75.86,75.545,75.63,4566,2022-02-04 15:35:00,MANT
75.6,75.98,75.6,75.98,11557,2022-02-04 15:40:00,MANT
75.91,76.3,75.91,76.18,5974,2022-02-04 15:45:00,MANT
76.24,76.79,76.24,76.545,6099,2022-02-04 15:50:00,MANT
76.52,77.315,76.45,77.175,24541,2022-02-04 15:55:00,MANT
77.175,77.32,76.3,76.49,16901,2022-02-04 16:00:00,MANT
76.445,76.87,76.24,76.8,1800,2022-02-04 16:05:00,MANT
76.825,77.05,76.5746,77.05,1710,2022-02-04 16:10:00,MANT
76.93,77.39,76.93,77.06,4581,2022-02-04 16:15:00,MANT
76.98,77.1,76.84,77.1,3430,2022-02-04 16:20:00,MANT
77.155,77.49,77.07,77.47,6943,2022-02-04 16:25:00,MANT
77.42,77.805,77.315,77.63,4608,2022-02-04 16:30:00,MANT
77.52,77.56,77.255,77.415,3661,2022-02-04 16:35:00,MANT
77.35,77.48,77.35,77.37,5577,2022-02-04 16:40:00,MANT
77.43,77.63,77.43,77.63,3966,2022-02-04 16:45:00,MANT
77.74,77.75,77.6,77.675,2051,2022-02-04 16:50:00,MANT
77.73,77.805,77.52,77.52,6576,2022-02-04 16:55:00,MANT
77.6,77.725,77.54,77.5547,2710,2022-02-04 17:00:00,MANT
77.58,77.845,77.55,77.77,7365,2022-02-04 17:05:00,MANT
77.7,78.14,77.6,78.065,3987,2022-02-04 17:10:00,MANT
77.96,78.36,77.95,78.33,15345,2022-02-04 17:15:00,MANT
78.27,78.27,78.02,78.16,9100,2022-02-04 17:20:00,MANT
78.16,78.3779,78.11,78.15,6574,2022-02-04 17:25:00,MANT
78.23,79.0,78.1,78.265,77103,2022-02-04 17:30:00,MANT
78.22,78.69,78.2,78.62,10012,2022-02-04 17:35:00,MANT
78.6,78.64,78.26,78.4,15856,2022-02-04 17:40:00,MANT
78.24,78.4,78.155,78.4,10788,2022-02-04 17:45:00,MANT
78.35,78.38,78.19,78.32,2000,2022-02-04 17:50:00,MANT
78.285,78.55,78.15,78.33,9598,2022-02-04 17:55:00,MANT
78.2,78.72,78.2,78.65,4240,2022-02-04 18:00:00,MANT
78.67,78.75,78.45,78.475,4294,2022-02-04 18:05:00,MANT
78.455,78.6,78.3,78.485,5993,2022-02-04 18:10:00,MANT
78.46,78.46,78.31,78.345,2302,2022-02-04 18:15:00,MANT
78.475,78.66,78.365,78.635,4115,2022-02-04 18:20:00,MANT
78.72,78.875,78.51,78.875,7742,2022-02-04 18:25:00,MANT
78.958,79.0,78.86,78.94,2586,2022-02-04 18:30:00,MANT
78.98,79.1229,78.97,79.09,2950,2022-02-04 18:35:00,MANT
79.18,79.18,78.65,79.075,6619,2022-02-04 18:40:00,MANT
79.075,79.2,79.06,79.15,5913,2022-02-04 18:45:00,MANT
79.22,79.36,79.22,79.31,2400,2022-02-04 18:50:00,MANT
79.44,79.645,79.44,79.645,4585,2022-02-04 18:55:00,MANT
79.6,79.75,79.57,79.73,7029,2022-02-04 19:00:00,MANT
79.7888,80.025,79.68,79.79,8107,2022-02-04 19:05:00,MANT
79.69,79.81,79.5,79.765,7300,2022-02-04 19:10:00,MANT
79.82,80.07,79.82,79.89,2602,2022-02-04 19:15:00,MANT
79.88,80.25,79.85,80.25,4168,2022-02-04 19:20:00,MANT
80.16,80.2586,79.89,79.975,9663,2022-02-04 19:25:00,MANT
79.95,80.23,79.95,80.18,2735,2022-02-04 19:30:00,MANT
80.175,80.35,80.14,80.23,1720,2022-02-04 19:35:00,MANT
80.305,80.42,80.1,80.19,8542,2022-02-04 19:40:00,MANT
80.265,80.42,80.26,80.42,2457,2022-02-04 19:45:00,MANT
80.415,80.495,80.275,80.495,4184,2022-02-04 19:50:00,MANT
80.56,80.595,80.44,80.595,7800,2022-02-04 19:55:00,MANT
80.53,80.6571,80.42,80.575,5410,2022-02-04 20:00:00,MANT
80.64,80.91,80.57,80.685,7936,2022-02-04 20:05:00,MANT
80.67,81.07,80.67,80.94,7322,2022-02-04 20:10:00,MANT
80.94,80.95,80.76,80.815,2550,2022-02-04 20:15:00,MANT
80.73,80.955,80.5397,80.955,5971,2022-02-04 20:20:00,MANT
80.9687,81.215,80.9687,81.18,5589,2022-02-04 20:25:00,MANT
81.29,81.45,81.07,81.14,5416,2022-02-04 20:30:00,MANT
81.11,81.25,80.8,80.8,9704,2022-02-04 20:35:00,MANT
80.79,80.845,80.44,80.605,8437,2022-02-04 20:40:00,MANT
80.55,80.62,80.24,80.4,10678,2022-02-04 20:45:00,MANT
80.35,80.44,80.1,80.44,17352,2022-02-04 20:50:00,MANT
80.4,80.88,80.35,80.74,63210,2022-02-04 20:55:00,MANT
80.73,80.73,80.73,80.73,33065,2022-02-04 21:00:00,MANT
80.54,81.84,80.28,81.34,12951,2022-02-07 14:30:00,MANT
81.455,81.46,81.19,81.21,2166,2022-02-07 14:35:00,MANT
81.33,81.6,81.33,81.54,750,2022-02-07 14:40:00,MANT
81.6,81.73,81.32,81.345,1962,2022-02-07 14:45:00,MANT
81.35,81.54,81.35,81.54,2026,2022-02-07 14:50:00,MANT
81.56,81.72,81.32,81.72,3334,2022-02-07 14:55:00,MANT
81.78,82.05,81.78,82.05,8341,2022-02-07 15:00:00,MANT
81.99,81.99,81.485,81.83,10809,2022-02-07 15:05:00,MANT
81.73,81.85,81.64,81.65,1948,2022-02-07 15:10:00,MANT
81.53,81.7,81.53,81.58,8619,2022-02-07 15:15:00,MANT
81.54,81.59,81.39,81.445,2400,2022-02-07 15:20:00,MANT
81.425,81.425,80.69,80.705,4509,2022-02-07 15:25:00,MANT
80.66,80.98,80.6,80.88,9087,2022-02-07 15:30:00,MANT
80.875,80.875,80.81,80.83,1600,2022-02-07 15:35:00,MANT
80.735,80.77,80.49,80.77,2100,2022-02-07 15:40:00,MANT
80.72,80.8389,80.6693,80.83,4271,2022-02-07 15:45:00,MANT
80.725,80.75,80.61,80.69,2216,2022-02-07 15:50:00,MANT
80.61,80.61,80.34,80.55,1185,2022-02-07 15:55:00,MANT
80.405,80.54,80.09,80.29,2147,2022-02-07 16:00:00,MANT
80.07,80.11,79.76,79.76,4300,2022-02-07 16:05:00,MANT
79.815,80.07,79.81,80.07,1400,2022-02-07 16:10:00,MANT
80.0,80.01,79.885,79.9,5910,2022-02-07 16:15:00,MANT
80.01,80.05,79.97,80.02,1987,2022-02-07 16:20:00,MANT
80.09,80.23,80.09,80.23,1307,2022-02-07 16:25:00,MANT
80.26,80.29,80.05,80.09,4713,2022-02-07 16:30:00,MANT
80.11,80.11,79.88,79.91,2997,2022-02-07 16:35:00,MANT
79.84,79.905,79.82,79.83,1586,2022-02-07 16:40:00,MANT
79.815,80.0,79.815,79.8805,1376,2022-02-07 16:45:00,MANT
79.975,80.03,79.95,80.03,400,2022-02-07 16:50:00,MANT
80.08,80.19,80.0,80.04,7267,2022-02-07 16:55:00,MANT
80.235,80.235,80.08,80.145,400,2022-02-07 17:00:00,MANT
80.1171,80.33,80.1171,80.33,2330,2022-02-07 17:05:00,MANT
80.35,80.51,80.35,80.4,1000,2022-02-07 17:10:00,MANT
80.34,80.34,80.19,80.19,1600,2022-02-07 17:15:00,MANT
80.235,80.29,80.21,80.21,2884,2022-02-07 17:20:00,MANT
80.34,80.34,80.16,80.16,1000,2022-02-07 17:25:00,MANT
80.1,80.22,80.07,80.07,600,2022-02-07 17:30:00,MANT
80.16,80.16,80.04,80.04,600,2022-02-07 17:35:00,MANT
79.91,80.07,79.91,79.92,510,2022-02-07 17:40:00,MANT
80.07,80.14,80.035,80.095,900,2022-02-07 17:45:00,MANT
80.06,80.16,80.01,80.16,2998,2022-02-07 17:50:00,MANT
80.15,80.15,80.15,80.15,200,2022-02-07 17:55:00,MANT
80.11,80.22,80.1,80.1,3460,2022-02-07 18:00:00,MANT
80.01,80.01,79.63,79.63,1700,2022-02-07 18:10:00,MANT
79.64,79.66,79.49,79.49,1414,2022-02-07 18:15:00,MANT
79.5,79.5,79.19,79.23,2312,2022-02-07 18:20:00,MANT
79.23,79.29,79.165,79.23,600,2022-02-07 18:25:00,MANT
79.23,79.235,79.035,79.035,1706,2022-02-07 18:30:00,MANT
79.04,79.1,79.005,79.1,800,2022-02-07 18:35:00,MANT
79.11,79.2,79.055,79.055,800,2022-02-07 18:40:00,MANT
79.11,79.12,79.11,79.12,400,2022-02-07 18:45:00,MANT
79.125,79.13,79.0647,79.13,500,2022-02-07 18:50:00,MANT
79.145,79.28,79.145,79.25,905,2022-02-07 18:55:00,MANT
79.22,79.22,79.05,79.055,800,2022-02-07 19:00:00,MANT
79.055,79.055,78.8379,78.8379,871,2022-02-07 19:05:00,MANT
78.91,79.41,78.91,79.41,2187,2022-02-07 19:10:00,MANT
79.41,79.565,79.41,79.565,1700,2022-02-07 19:15:00,MANT
79.59,79.61,79.5,79.61,3952,2022-02-07 19:20:00,MANT
79.69,79.69,79.69,79.69,200,2022-02-07 19:25:00,MANT
79.65,79.65,79.5,79.59,4359,2022-02-07 19:30:00,MANT
79.585,79.585,79.51,79.54,800,2022-02-07 19:35:00,MANT
79.56,79.6,79.53,79.6,1200,2022-02-07 19:40:00,MANT
79.56,79.58,79.37,79.37,3100,2022-02-07 19:45:00,MANT
79.345,79.39,79.29,79.35,2000,2022-02-07 19:50:00,MANT
79.31,79.33,79.13,79.32,3300,2022-02-07 19:55:00,MANT
79.29,79.42,79.28,79.33,1500,2022-02-07 20:00:00,MANT
79.35,79.35,79.2,79.22,2400,2022-02-07 20:05:00,MANT
79.3,79.33,79.2,79.33,1800,2022-02-07 20:10:00,MANT
79.405,79.41,79.35,79.385,1400,2022-02-07 20:15:00,MANT
79.34,79.38,79.2,79.27,6029,2022-02-07 20:20:00,MANT
79.27,79.27,78.995,78.995,3200,2022-02-07 20:25:00,MANT
79.07,79.18,79.06,79.085,4148,2022-02-07 20:30:00,MANT
79.1023,79.15,79.03,79.125,5518,2022-02-07 20:35:00,MANT
79.15,79.24,79.14,79.195,3626,2022-02-07 20:40:00,MANT
79.17,79.17,78.88,78.88,3374,2022-02-07 20:45:00,MANT
78.94,79.01,78.7,78.7,5028,2022-02-07 20:50:00,MANT
78.64,79.03,78.63,78.87,10979,2022-02-07 20:55:00,MANT
78.83,78.83,78.83,78.83,25658,2022-02-07 21:00:00,MANT
79.01,79.01,79.01,79.01,1171,2022-02-08 14:30:00,MANT
78.92,78.92,78.92,78.92,202,2022-02-08 14:40:00,MANT
79.34,79.35,79.34,79.35,200,2022-02-08 14:45:00,MANT
79.07,79.07,79.07,79.07,100,2022-02-08 14:50:00,MANT
79.39,79.74,79.38,79.73,1300,2022-02-08 14:55:00,MANT
79.53,79.72,79.52,79.52,1314,2022-02-08 15:00:00,MANT
79.99,79.99,79.99,79.99,100,2022-02-08 15:05:00,MANT
79.83,79.835,79.695,79.835,300,2022-02-08 15:10:00,MANT
79.99,80.19,79.99,80.18,1199,2022-02-08 15:15:00,MANT
80.08,80.08,79.97,79.99,1031,2022-02-08 15:20:00,MANT
79.875,79.96,79.875,79.96,200,2022-02-08 15:25:00,MANT
79.76,80.0,79.76,80.0,500,2022-02-08 15:35:00,MANT
79.975,80.1,79.975,80.07,400,2022-02-08 15:40:00,MANT
80.06,80.09,79.98,80.0,1025,2022-02-08 15:50:00,MANT
80.035,80.11,80.035,80.1,300,2022-02-08 15:55:00,MANT
80.2377,80.2377,80.12,80.12,300,2022-02-08 16:00:00,MANT
80.155,80.46,80.11,80.11,600,2022-02-08 16:05:00,MANT
80.45,80.49,80.31,80.32,400,2022-02-08 16:15:00,MANT
80.52,80.68,80.36,80.68,1194,2022-02-08 16:20:00,MANT
80.62,80.62,80.405,80.405,910,2022-02-08 16:25:00,MANT
80.465,80.62,80.465,80.62,500,2022-02-08 16:30:00,MANT
80.57,80.61,80.41,80.515,1500,2022-02-08 16:35:00,MANT
80.51,80.52,80.41,80.52,700,2022-02-08 16:40:00,MANT
80.515,80.64,80.515,80.64,1200,2022-02-08 16:45:00,MANT
80.82,80.98,80.72,80.98,1303,2022-02-08 16:50:00,MANT
80.87,80.87,80.78,80.8,400,2022-02-08 16:55:00,MANT
80.8,80.92,80.8,80.88,471,2022-02-08 17:00:00,MANT
80.75,80.99,80.75,80.915,1408,2022-02-08 17:10:00,MANT
80.86,80.93,80.86,80.88,910,2022-02-08 17:15:00,MANT
80.97,80.98,80.97,80.98,300,2022-02-08 17:20:00,MANT
80.93,80.93,80.76,80.77,1407,2022-02-08 17:25:00,MANT
80.625,80.69,80.56,80.69,593,2022-02-08 17:30:00,MANT
80.68,80.68,80.63,80.65,300,2022-02-08 17:35:00,MANT
80.655,80.76,80.655,80.76,513,2022-02-08 17:40:00,MANT
80.685,80.685,80.3921,80.425,915,2022-02-08 17:45:00,MANT
80.27,80.3,80.27,80.3,400,2022-02-08 17:55:00,MANT
80.32,80.42,80.32,80.42,400,2022-02-08 18:00:00,MANT
80.33,80.34,80.33,80.34,300,2022-02-08 18:05:00,MANT
80.315,80.4,80.31,80.31,1200,2022-02-08 18:10:00,MANT
80.21,80.34,80.0,80.34,1259,2022-02-08 18:15:00,MANT
80.21,80.37,80.1,80.235,500,2022-02-08 18:20:00,MANT
80.14,80.26,80.135,80.26,500,2022-02-08 18:30:00,MANT
80.1,80.1,79.75,79.91,2206,2022-02-08 18:35:00,MANT
80.05,80.16,79.99,79.99,400,2022-02-08 18:40:00,MANT
79.88,79.88,79.67,79.67,400,2022-02-08 18:45:00,MANT
79.85,79.85,79.85,79.85,100,2022-02-08 19:00:00,MANT
79.86,79.86,79.765,79.765,606,2022-02-08 19:05:00,MANT
79.83,79.98,79.74,79.98,2100,2022-02-08 19:10:00,MANT
79.99,80.05,79.87,79.98,500,2022-02-08 19:15:00,MANT
79.86,79.87,79.77,79.82,1359,2022-02-08 19:20:00,MANT
79.8,79.83,79.795,79.8,600,2022-02-08 19:25:00,MANT
79.825,79.825,79.825,79.825,100,2022-02-08 19:30:00,MANT
79.77,79.86,79.72,79.86,1800,2022-02-08 19:35:00,MANT
79.85,79.85,79.67,79.67,900,2022-02-08 19:40:00,MANT
79.77,79.78,79.675,79.675,420,2022-02-08 19:45:00,MANT
79.67,79.82,79.67,79.71,500,2022-02-08 19:50:00,MANT
79.71,79.75,79.63,79.685,2309,2022-02-08 19:55:00,MANT
79.64,79.64,79.53,79.53,500,2022-02-08 20:00:00,MANT
79.48,79.48,79.46,79.46,506,2022-02-08 20:05:00,MANT
79.345,79.5,79.345,79.43,1213,2022-02-08 20:10:00,MANT
79.5,79.5,79.25,79.31,2013,2022-02-08 20:15:00,MANT
79.23,79.23,79.17,79.18,908,2022-02-08 20:20:00,MANT
79.1,79.16,79.06,79.14,1100,2022-02-08 20:25:00,MANT
79.2,79.25,79.1,79.1,1500,2022-02-08 20:30:00,MANT
79.11,79.12,79.02,79.05,1309,2022-02-08 20:35:00,MANT
79.09,79.15,79.0,79.0,1808,2022-02-08 20:40:00,MANT
78.94,79.27,78.94,79.21,3050,2022-02-08 20:45:00,MANT
79.23,79.28,79.13,79.25,4500,2022-02-08 20:50:00,MANT
79.32,79.335,79.1,79.1,5210,2022-02-08 20:55:00,MANT
79.1,79.1,79.1,79.1,15040,2022-02-08 21:00:00,MANT
79.0,79.0,79.0,79.0,500,2022-02-08 21:10:00,MANT
79.05,79.05,79.05,79.05,100,2022-02-09 14:25:00,MANT
78.24,79.64,78.24,79.64,2671,2022-02-09 14:30:00,MANT
79.58,79.58,79.58,79.58,100,2022-02-09 14:35:00,MANT
79.96,79.96,79.96,79.96,200,2022-02-09 14:40:00,MANT
79.63,79.63,79.46,79.46,400,2022-02-09 14:45:00,MANT
79.27,79.27,79.07,79.22,500,2022-02-09 14:50:00,MANT
78.99,79.14,78.99,79.14,213,2022-02-09 14:55:00,MANT
79.25,79.37,79.175,79.37,500,2022-02-09 15:05:00,MANT
79.54,79.54,79.54,79.54,100,2022-02-09 15:10:00,MANT
79.41,79.41,79.41,79.41,100,2022-02-09 15:15:00,MANT
79.43,79.43,79.43,79.43,100,2022-02-09 15:20:00,MANT
79.28,79.36,79.28,79.36,300,2022-02-09 15:25:00,MANT
79.26,79.26,79.2,79.2,788,2022-02-09 15:30:00,MANT
79.31,79.31,79.31,79.31,100,2022-02-09 15:35:00,MANT
79.32,79.55,79.2,79.55,1100,2022-02-09 15:40:00,MANT
79.43,79.6,79.43,79.6,800,2022-02-09 15:45:00,MANT
79.6,79.66,79.595,79.66,900,2022-02-09 15:50:00,MANT
79.77,79.77,79.69,79.69,300,2022-02-09 15:55:00,MANT
79.6,79.7,79.6,79.68,1947,2022-02-09 16:00:00,MANT
79.6,79.64,79.6,79.635,1003,2022-02-09 16:05:00,MANT
79.63,79.88,79.6,79.87,25300,2022-02-09 16:10:00,MANT
79.96,79.96,79.6324,79.725,1103,2022-02-09 16:15:00,MANT
79.89,80.18,79.89,80.18,1318,2022-02-09 16:20:00,MANT
80.1,80.22,80.1,80.18,700,2022-02-09 16:30:00,MANT
80.12,80.23,80.0,80.23,6526,2022-02-09 16:35:00,MANT
80.14,80.14,80.135,80.135,200,2022-02-09 16:45:00,MANT
80.02,80.02,80.02,80.02,100,2022-02-09 16:55:00,MANT
80.135,80.145,80.135,80.145,200,2022-02-09 17:05:00,MANT
80.05,80.05,79.93,80.0,600,2022-02-09 17:10:00,MANT
80.0,80.04,80.0,80.0,608,2022-02-09 17:15:00,MANT
80.0,80.15,80.0,80.15,3963,2022-02-09 17:20:00,MANT
80.16,80.16,80.16,80.16,100,2022-02-09 17:25:00,MANT
80.09,80.25,80.09,80.17,600,2022-02-09 17:30:00,MANT
80.25,80.25,80.25,80.25,100,2022-02-09 17:35:00,MANT
80.3,80.43,80.29,80.405,800,2022-02-09 17:40:00,MANT
80.375,80.38,80.375,80.375,1848,2022-02-09 17:45:00,MANT
80.44,80.45,80.38,80.41,1030,2022-02-09 17:50:00,MANT
80.415,80.415,80.27,80.27,1731,2022-02-09 17:55:00,MANT
80.36,80.49,80.36,80.39,1197,2022-02-09 18:05:00,MANT
80.335,80.4,80.33,80.4,600,2022-02-09 18:10:00,MANT
80.38,80.39,80.38,80.39,300,2022-02-09 18:15:00,MANT
80.42,80.42,80.31,80.3107,1000,2022-02-09 18:20:00,MANT
80.32,80.44,80.32,80.44,800,2022-02-09 18:25:00,MANT
80.37,80.465,80.37,80.465,300,2022-02-09 18:30:00,MANT
80.495,80.57,80.495,80.57,300,2022-02-09 18:35:00,MANT
80.61,80.645,80.58,80.61,700,2022-02-09 18:40:00,MANT
80.66,80.69,80.66,80.69,200,2022-02-09 18:45:00,MANT
80.76,80.76,80.68,80.68,1100,2022-02-09 18:50:00,MANT
80.62,80.62,80.62,80.62,100,2022-02-09 18:55:00,MANT
80.56,80.56,80.43,80.46,400,2022-02-09 19:00:00,MANT
80.455,80.58,80.455,80.55,1100,2022-02-09 19:05:00,MANT
80.51,80.51,80.51,80.51,100,2022-02-09 19:10:00,MANT
80.53,80.65,80.53,80.65,700,2022-02-09 19:15:00,MANT
80.68,80.68,80.675,80.675,200,2022-02-09 19:20:00,MANT
80.76,80.76,80.76,80.76,100,2022-02-09 19:25:00,MANT
80.8,80.88,80.78,80.88,850,2022-02-09 19:30:00,MANT
80.94,80.94,80.78,80.81,802,2022-02-09 19:35:00,MANT
80.89,80.89,80.65,80.65,900,2022-02-09 19:40:00,MANT
80.71,80.79,80.71,80.79,400,2022-02-09 19:45:00,MANT
80.74,80.76,80.53,80.53,500,2022-02-09 19:50:00,MANT
80.565,80.81,80.565,80.81,600,2022-02-09 19:55:00,MANT
80.765,80.85,80.7,80.8,1369,2022-02-09 20:00:00,MANT
80.815,80.815,80.62,80.79,1000,2022-02-09 20:05:00,MANT
80.888,80.888,80.815,80.845,2260,2022-02-09 20:10:00,MANT
80.68,80.85,80.65,80.8,800,2022-02-09 20:15:00,MANT
80.73,80.83,80.72,80.76,1100,2022-02-09 20:20:00,MANT
80.76,80.76,80.51,80.75,1300,2022-02-09 20:25:00,MANT
80.705,80.81,80.69,80.73,1640,2022-02-09 20:30:00,MANT
80.72,80.91,80.71,80.87,1120,2022-02-09 20:35:00,MANT
80.83,80.85,80.695,80.85,2000,2022-02-09 20:40:00,MANT
80.86,80.92,80.611,80.86,1607,2022-02-09 20:45:00,MANT
80.77,80.88,80.68,80.76,5301,2022-02-09 20:50:00,MANT
80.68,80.885,80.66,80.82,11469,2022-02-09 20:55:00,MANT
80.75,80.75,80.75,80.75,24728,2022-02-09 21:00:00,MANT
80.47,80.47,80.47,80.47,100,2022-02-10 13:50:00,MANT
80.32,80.32,79.515,79.515,1753,2022-02-10 14:30:00,MANT
80.15,80.15,80.15,80.15,100,2022-02-10 14:35:00,MANT
80.15,80.68,80.15,80.32,1971,2022-02-10 14:40:00,MANT
80.5789,80.595,80.3,80.46,740,2022-02-10 14:45:00,MANT
80.46,80.6,80.297,80.297,776,2022-02-10 14:50:00,MANT
79.94,80.06,79.9,79.92,900,2022-02-10 14:55:00,MANT
79.85,79.85,79.72,79.79,900,2022-02-10 15:00:00,MANT
79.74,79.74,79.74,79.74,100,2022-02-10 15:05:00,MANT
80.13,80.335,80.12,80.22,700,2022-02-10 15:10:00,MANT
80.08,80.26,80.08,80.26,400,2022-02-10 15:15:00,MANT
80.26,80.26,80.26,80.26,100,2022-02-10 15:20:00,MANT
80.34,80.34,80.01,80.01,400,2022-02-10 15:25:00,MANT
80.33,80.36,80.29,80.31,700,2022-02-10 15:30:00,MANT
80.23,80.27,80.22,80.23,600,2022-02-10 15:35:00,MANT
80.44,80.44,80.33,80.36,774,2022-02-10 15:40:00,MANT
80.405,80.48,80.29,80.48,600,2022-02-10 15:45:00,MANT
80.3,80.3,80.18,80.24,600,2022-02-10 15:50:00,MANT
80.14,80.25,80.14,80.18,1000,2022-02-10 15:55:00,MANT
80.18,80.47,80.18,80.46,2433,2022-02-10 16:00:00,MANT
80.49,80.49,80.49,80.49,100,2022-02-10 16:05:00,MANT
80.37,80.42,80.3,80.3,500,2022-02-10 16:10:00,MANT
80.29,80.455,80.29,80.34,1700,2022-02-10 16:15:00,MANT
80.335,80.335,80.18,80.25,802,2022-02-10 16:20:00,MANT
80.18,80.39,80.18,80.31,810,2022-02-10 16:25:00,MANT
80.37,80.37,80.32,80.32,559,2022-02-10 16:30:00,MANT
80.235,80.39,80.235,80.39,300,2022-02-10 16:35:00,MANT
80.29,80.29,80.27,80.27,300,2022-02-10 16:40:00,MANT
80.3631,80.415,80.3631,80.415,200,2022-02-10 16:45:00,MANT
80.46,80.485,80.43,80.48,800,2022-02-10 16:50:00,MANT
80.54,80.54,80.53,80.53,201,2022-02-10 16:55:00,MANT
80.45,80.451,80.45,80.451,300,2022-02-10 17:05:00,MANT
80.43,80.615,80.43,80.53,1004,2022-02-10 17:15:00,MANT
80.53,80.53,80.53,80.53,100,2022-02-10 17:20:00,MANT
80.53,80.53,80.52,80.52,300,2022-02-10 17:25:00,MANT
80.52,80.58,80.5,80.58,500,2022-02-10 17:30:00,MANT
80.66,80.66,80.66,80.66,100,2022-02-10 17:35:00,MANT
80.7379,80.7379,80.61,80.61,410,2022-02-10 17:40:00,MANT
80.53,80.53,80.19,80.19,1500,2022-02-10 17:45:00,MANT
80.235,80.24,80.21,80.21,400,2022-02-10 17:50:00,MANT
80.31,80.31,80.31,80.31,100,2022-02-10 17:55:00,MANT
80.24,80.36,80.24,80.265,700,2022-02-10 18:00:00,MANT
80.29,80.34,80.15,80.34,800,2022-02-10 18:05:00,MANT
80.25,80.27,80.25,80.27,200,2022-02-10 18:10:00,MANT
80.21,80.29,80.09,80.29,5685,2022-02-10 18:15:00,MANT
80.41,80.49,80.37,80.37,400,2022-02-10 18:20:00,MANT
80.43,80.43,80.245,80.245,867,2022-02-10 18:25:00,MANT
80.155,80.27,80.1,80.18,1784,2022-02-10 18:30:00,MANT
80.11,80.37,80.11,80.35,8597,2022-02-10 18:35:00,MANT
80.265,80.265,80.12,80.26,400,2022-02-10 18:40:00,MANT
80.14,80.22,80.07,80.185,1800,2022-02-10 18:45:00,MANT
80.24,80.28,80.18,80.28,1600,2022-02-10 18:50:00,MANT
80.2,80.27,80.14,80.26,2800,2022-02-10 18:55:00,MANT
80.19,80.29,80.19,80.26,2526,2022-02-10 19:00:00,MANT
80.2,80.3,80.2,80.2,800,2022-02-10 19:05:00,MANT
80.29,80.29,80.2,80.24,902,2022-02-10 19:10:00,MANT
80.275,80.32,80.2,80.255,3200,2022-02-10 19:15:00,MANT
80.21,80.32,80.2,80.32,944,2022-02-10 19:20:00,MANT
80.32,80.375,80.22,80.22,1200,2022-02-10 19:25:00,MANT
80.26,80.3,80.2,80.23,1400,2022-02-10 19:30:00,MANT
80.28,80.36,80.28,80.335,800,2022-02-10 19:35:00,MANT
80.345,80.4,80.32,80.32,600,2022-02-10 19:40:00,MANT
80.375,80.375,80.29,80.375,1450,2022-02-10 19:45:00,MANT
80.365,80.365,80.2,80.2,2409,2022-02-10 19:50:00,MANT
80.31,80.31,80.21,80.255,1012,2022-02-10 19:55:00,MANT
80.3,80.31,80.26,80.26,1060,2022-02-10 20:00:00,MANT
80.3,80.32,80.3,80.32,227,2022-02-10 20:05:00,MANT
80.325,80.44,80.325,80.44,1200,2022-02-10 20:10:00,MANT
80.445,80.47,80.34,80.34,600,2022-02-10 20:15:00,MANT
80.335,80.335,80.1708,80.295,8446,2022-02-10 20:20:00,MANT
80.395,80.46,80.38,80.435,1560,2022-02-10 20:25:00,MANT
80.38,80.38,80.21,80.21,2376,2022-02-10 20:30:00,MANT
80.2,80.42,80.2,80.345,4196,2022-02-10 20:35:00,MANT
80.26,80.43,80.22,80.405,4551,2022-02-10 20:40:00,MANT
80.34,80.415,80.25,80.3,6343,2022-02-10 20:45:00,MANT
80.27,80.525,80.27,80.38,8306,2022-02-10 20:50:00,MANT
80.47,80.59,80.34,80.35,6789,2022-02-10 20:55:00,MANT
80.35,80.35,80.35,80.35,23668,2022-02-10 21:00:00,MANT
80.41,80.41,80.41,80.41,1011,2022-02-11 14:30:00,MANT
80.8,81.0,80.78,80.8,1197,2022-02-11 14:35:00,MANT
80.35,80.81,80.28,80.61,500,2022-02-11 14:40:00,MANT
80.89,81.08,80.79,80.79,900,2022-02-11 14:45:00,MANT
80.895,81.0,80.76,80.865,797,2022-02-11 14:50:00,MANT
81.01,81.01,80.72,81.0,500,2022-02-11 14:55:00,MANT
80.69,80.79,80.69,80.79,400,2022-02-11 15:00:00,MANT
80.845,80.88,80.68,80.68,900,2022-02-11 15:05:00,MANT
80.45,80.45,80.45,80.45,100,2022-02-11 15:10:00,MANT
80.29,80.54,80.21,80.54,2204,2022-02-11 15:15:00,MANT
80.6,80.6,80.43,80.44,900,2022-02-11 15:20:00,MANT
80.475,80.64,80.47,80.64,1000,2022-02-11 15:25:00,MANT
80.585,80.67,80.585,80.62,1100,2022-02-11 15:30:00,MANT
80.62,80.745,80.44,80.6,1755,2022-02-11 15:35:00,MANT
80.61,80.61,80.61,80.61,200,2022-02-11 15:40:00,MANT
80.59,80.65,80.43,80.635,2400,2022-02-11 15:45:00,MANT
80.635,80.635,80.53,80.62,1000,2022-02-11 15:50:00,MANT
80.68,80.81,80.68,80.81,218,2022-02-11 15:55:00,MANT
80.585,80.71,80.585,80.71,400,2022-02-11 16:00:00,MANT
80.94,80.94,80.69,80.7,1200,2022-02-11 16:05:00,MANT
80.59,80.805,80.59,80.805,1300,2022-02-11 16:10:00,MANT
80.9,80.93,80.85,80.85,800,2022-02-11 16:15:00,MANT
81.19,81.2,80.95,80.95,1389,2022-02-11 16:20:00,MANT
81.075,81.15,81.07,81.15,800,2022-02-11 16:25:00,MANT
81.095,81.21,80.93,80.93,2104,2022-02-11 16:30:00,MANT
80.73,80.74,80.525,80.68,6875,2022-02-11 16:35:00,MANT
80.635,80.76,80.635,80.74,1000,2022-02-11 16:40:00,MANT
80.8,80.96,80.8,80.91,800,2022-02-11 16:45:00,MANT
80.92,80.94,80.78,80.9,2196,2022-02-11 16:50:00,MANT
80.9,81.04,80.78,81.04,2300,2022-02-11 16:55:00,MANT
81.015,81.015,81.015,81.015,100,2022-02-11 17:00:00,MANT
81.0,81.0,80.88,80.88,1000,2022-02-11 17:05:00,MANT
80.88,80.895,80.88,80.895,700,2022-02-11 17:10:00,MANT
80.845,80.845,80.715,80.715,682,2022-02-11 17:15:00,MANT
80.79,80.81,80.715,80.81,1308,2022-02-11 17:20:00,MANT
80.87,80.91,80.815,80.82,2495,2022-02-11 17:25:00,MANT
80.935,80.98,80.92,80.98,500,2022-02-11 17:30:00,MANT
80.97,81.02,80.97,81.02,1500,2022-02-11 17:35:00,MANT
80.985,81.11,80.985,81.11,500,2022-02-11 17:40:00,MANT
81.09,81.25,81.09,81.25,1000,2022-02-11 17:45:00,MANT
81.26,81.39,81.2,81.39,2735,2022-02-11 17:50:00,MANT
81.04,81.04,80.88,80.88,800,2022-02-11 17:55:00,MANT
80.9,80.91,80.73,80.885,1737,2022-02-11 18:00:00,MANT
80.885,81.0,80.885,80.9285,2766,2022-02-11 18:05:00,MANT
81.07,81.135,81.0,81.1,1200,2022-02-11 18:10:00,MANT
80.99,80.99,80.88,80.88,300,2022-02-11 18:15:00,MANT
80.935,81.04,80.935,81.04,1000,2022-02-11 18:20:00,MANT
81.05,81.1,81.0,81.065,600,2022-02-11 18:25:00,MANT
81.0,81.0,80.81,80.835,1100,2022-02-11 18:30:00,MANT
80.77,81.07,80.62,80.78,3866,2022-02-11 18:35:00,MANT
80.73,80.87,80.4964,80.79,6232,2022-02-11 18:40:00,MANT
80.79,80.975,80.73,80.89,5618,2022-02-11 18:45:00,MANT
80.828,80.915,80.52,80.915,1987,2022-02-11 18:50:00,MANT
80.84,81.0304,80.8,80.965,1145,2022-02-11 18:55:00,MANT
80.97,81.165,80.97,81.07,1100,2022-02-11 19:00:00,MANT
81.19,81.43,81.105,81.43,2147,2022-02-11 19:05:00,MANT
81.44,81.77,81.31,81.665,2858,2022-02-11 19:10:00,MANT
81.77,82.115,81.77,82.02,1752,2022-02-11 19:15:00,MANT
82.02,82.12,81.855,81.855,2893,2022-02-11 19:20:00,MANT
81.93,82.125,81.92,81.96,1300,2022-02-11 19:25:00,MANT
81.945,82.11,81.84,82.11,2545,2022-02-11 19:30:00,MANT
81.97,82.19,81.97,82.03,1100,2022-02-11 19:35:00,MANT
82.055,82.055,81.915,82.05,1000,2022-02-11 19:40:00,MANT
81.81,81.82,81.63,81.65,1700,2022-02-11 19:45:00,MANT
81.45,81.48,81.34,81.48,700,2022-02-11 19:50:00,MANT
81.49,81.735,81.49,81.565,1900,2022-02-11 19:55:00,MANT
81.565,81.85,81.565,81.85,1300,2022-02-11 20:00:00,MANT
81.9,81.9,81.7,81.74,1696,2022-02-11 20:05:00,MANT
81.725,81.87,81.72,81.7647,1025,2022-02-11 20:10:00,MANT
81.84,81.84,81.62,81.7,1500,2022-02-11 20:15:00,MANT
81.66,81.84,81.59,81.725,1500,2022-02-11 20:20:00,MANT
81.8,81.96,81.75,81.9,2600,2022-02-11 20:25:00,MANT
81.84,81.87,81.65,81.87,2572,2022-02-11 20:30:00,MANT
81.99,82.01,81.73,81.79,2820,2022-02-11 20:35:00,MANT
81.65,81.765,81.57,81.76,1952,2022-02-11 20:40:00,MANT
81.87,82.12,81.8,82.11,1943,2022-02-11 20:45:00,MANT
82.085,82.145,81.96,82.03,5416,2022-02-11 20:50:00,MANT
82.11,82.25,81.79,81.99,8465,2022-02-11 20:55:00,MANT
81.79,81.97,81.78,81.97,17350,2022-02-11 21:00:00,MANT
81.07,81.07,81.07,81.07,100,2022-02-14 12:05:00,MANT
80.99,80.99,80.99,80.99,106,2022-02-14 12:30:00,MANT
80.99,80.99,80.99,80.99,400,2022-02-14 13:05:00,MANT
80.99,80.99,80.99,80.99,200,2022-02-14 13:15:00,MANT
80.99,80.99,80.99,80.99,100,2022-02-14 13:30:00,MANT
80.99,80.99,80.99,80.99,106,2022-02-14 13:55:00,MANT
80.99,80.99,80.99,80.99,105,2022-02-14 14:00:00,MANT
80.99,80.99,80.99,80.99,106,2022-02-14 14:05:00,MANT
80.99,81.84,80.4,80.71,7463,2022-02-14 14:30:00,MANT
80.62,80.62,79.61,79.815,4508,2022-02-14 14:35:00,MANT
79.97,80.145,79.82,80.08,7150,2022-02-14 14:40:00,MANT
80.06,80.33,79.875,80.265,4129,2022-02-14 14:45:00,MANT
80.11,80.195,79.9,80.1019,7272,2022-02-14 14:50:00,MANT
80.08,80.17,79.92,79.965,6335,2022-02-14 14:55:00,MANT
80.035,80.085,79.895,80.03,8191,2022-02-14 15:00:00,MANT
80.03,80.03,79.67,79.75,6934,2022-02-14 15:05:00,MANT
79.8,79.8,79.37,79.465,3100,2022-02-14 15:10:00,MANT
79.36,79.36,78.89,78.98,4563,2022-02-14 15:15:00,MANT
79.11,79.355,78.97,79.355,2457,2022-02-14 15:20:00,MANT
79.52,79.535,79.3,79.535,2727,2022-02-14 15:25:00,MANT
79.555,79.76,79.555,79.69,3829,2022-02-14 15:30:00,MANT
79.73,80.03,79.65,79.875,2973,2022-02-14 15:35:00,MANT
79.875,80.1,79.875,80.09,3813,2022-02-14 15:40:00,MANT
80.12,80.27,80.0,80.115,2522,2022-02-14 15:45:00,MANT
80.12,80.12,80.03,80.1,1000,2022-02-14 15:50:00,MANT
80.1,80.2,80.05,80.17,4097,2022-02-14 15:55:00,MANT
80.15,80.28,80.15,80.28,2801,2022-02-14 16:00:00,MANT
80.27,80.275,80.155,80.155,1610,2022-02-14 16:05:00,MANT
80.11,80.17,80.11,80.11,1509,2022-02-14 16:10:00,MANT
80.12,80.21,80.08,80.17,2563,2022-02-14 16:15:00,MANT
80.23,80.23,80.11,80.11,1826,2022-02-14 16:20:00,MANT
80.14,80.15,79.95,80.06,6368,2022-02-14 16:25:00,MANT
80.14,80.14,79.92,80.005,1700,2022-02-14 16:30:00,MANT
79.975,80.2,79.975,80.17,2883,2022-02-14 16:35:00,MANT
80.21,80.33,80.21,80.26,3312,2022-02-14 16:40:00,MANT
80.33,80.37,80.32,80.32,2389,2022-02-14 16:45:00,MANT
80.32,80.37,79.9,80.04,6704,2022-02-14 16:50:00,MANT
80.0,80.1,80.0,80.1,2800,2022-02-14 16:55:00,MANT
80.14,80.15,79.82,79.82,1180,2022-02-14 17:00:00,MANT
79.79,79.79,79.48,79.48,1104,2022-02-14 17:05:00,MANT
79.28,79.28,78.83,78.83,1261,2022-02-14 17:10:00,MANT
78.8,78.995,78.65,78.995,3800,2022-02-14 17:15:00,MANT
79.01,79.16,79.01,79.16,700,2022-02-14 17:20:00,MANT
79.16,79.16,79.01,79.12,1400,2022-02-14 17:25:00,MANT
79.25,79.26,79.18,79.2,1184,2022-02-14 17:30:00,MANT
79.04,79.04,78.79,78.88,2866,2022-02-14 17:35:00,MANT
78.86,78.98,78.79,78.98,1700,2022-02-14 17:40:00,MANT
79.0,79.09,79.0,79.04,1600,2022-02-14 17:45:00,MANT
79.045,79.18,79.02,79.15,1760,2022-02-14 17:50:00,MANT
79.15,79.2288,79.02,79.05,1656,2022-02-14 17:55:00,MANT
79.05,79.115,79.0,79.115,1934,2022-02-14 18:00:00,MANT
79.16,79.32,79.14,79.26,3299,2022-02-14 18:05:00,MANT
79.25,79.275,79.25,79.25,600,2022-02-14 18:10:00,MANT
79.25,79.35,79.25,79.3,2880,2022-02-14 18:15:00,MANT
79.3,79.35,79.25,79.3,3284,2022-02-14 18:20:00,MANT
79.35,79.4,79.35,79.4,300,2022-02-14 18:25:00,MANT
79.36,79.45,79.31,79.44,2900,2022-02-14 18:30:00,MANT
79.37,79.37,79.345,79.345,793,2022-02-14 18:35:00,MANT
79.33,79.39,79.32,79.325,1300,2022-02-14 18:40:00,MANT
79.32,79.41,79.165,79.165,2400,2022-02-14 18:45:00,MANT
79.03,79.07,78.745,78.745,2284,2022-02-14 18:50:00,MANT
78.73,78.8,78.675,78.7,1600,2022-02-14 18:55:00,MANT
78.7,78.76,78.68,78.68,900,2022-02-14 19:00:00,MANT
78.675,78.675,78.665,78.665,1890,2022-02-14 19:05:00,MANT
78.665,79.06,78.665,79.06,2600,2022-02-14 19:10:00,MANT
78.935,78.935,78.815,78.815,1127,2022-02-14 19:15:00,MANT
78.83,78.83,78.7,78.75,4107,2022-02-14 19:20:00,MANT
78.91,79.29,78.87,79.28,1500,2022-02-14 19:25:00,MANT
79.235,79.235,79.0,79.01,900,2022-02-14 19:30:00,MANT
78.96,79.08,78.91,79.01,4240,2022-02-14 19:35:00,MANT
79.0,79.06,79.0,79.05,1800,2022-02-14 19:40:00,MANT
79.02,79.06,78.97,78.97,2400,2022-02-14 19:45:00,MANT
78.92,79.0,78.845,78.845,900,2022-02-14 19:50:00,MANT
78.8,78.89,78.8,78.88,3076,2022-02-14 19:55:00,MANT
78.8,78.81,78.67,78.67,3408,2022-02-14 20:00:00,MANT
78.67,78.8,78.57,78.8,2804,2022-02-14 20:05:00,MANT
78.815,78.815,78.635,78.765,2125,2022-02-14 20:10:00,MANT
78.755,79.03,78.75,79.01,3067,2022-02-14 20:15:00,MANT
78.91,79.035,78.87,78.95,5894,2022-02-14 20:20:00,MANT
78.93,79.06,78.91,78.925,1200,2022-02-14 20:25:00,MANT
78.92,79.33,78.86,79.27,3242,2022-02-14 20:30:00,MANT
79.28,79.3191,78.99,79.005,2850,2022-02-14 20:35:00,MANT
79.0675,79.15,78.93,79.15,6019,2022-02-14 20:40:00,MANT
79.15,79.265,78.93,79.06,4500,2022-02-14 20:45:00,MANT
79.01,79.01,78.54,78.825,9332,2022-02-14 20:50:00,MANT
78.75,78.93,78.66,78.85,13782,2022-02-14 20:55:00,MANT
78.78,78.78,78.78,78.78,31199,2022-02-14 21:00:00,MANT
79.0,79.0,79.0,79.0,100,2022-02-15 14:25:00,MANT
78.88,81.8,78.88,80.41,2458,2022-02-15 14:30:00,MANT
79.16,79.66,79.16,79.65,300,2022-02-15 14:35:00,MANT
79.15,79.6,79.15,79.6,200,2022-02-15 14:40:00,MANT
79.62,80.04,79.525,79.69,1410,2022-02-15 14:45:00,MANT
79.43,79.43,79.2,79.35,1020,2022-02-15 14:50:00,MANT
78.88,78.96,78.81,78.96,2374,2022-02-15 14:55:00,MANT
78.74,78.795,78.55,78.675,3615,2022-02-15 15:00:00,MANT
78.8,78.8825,78.8,78.8825,620,2022-02-15 15:05:00,MANT
78.95,79.03,78.95,78.96,1100,2022-02-15 15:10:00,MANT
79.02,79.48,79.02,79.385,3325,2022-02-15 15:15:00,MANT
79.48,79.57,79.48,79.5,500,2022-02-15 15:20:00,MANT
79.49,79.49,79.34,79.455,1468,2022-02-15 15:25:00,MANT
79.455,79.57,79.42,79.57,676,2022-02-15 15:30:00,MANT
79.465,79.765,79.465,79.65,1400,2022-02-15 15:35:00,MANT
79.74,79.82,79.71,79.74,1204,2022-02-15 15:40:00,MANT
79.73,79.8472,79.71,79.715,1005,2022-02-15 15:45:00,MANT
79.59,79.59,79.56,79.56,300,2022-02-15 15:50:00,MANT
79.44,79.61,79.44,79.4632,1012,2022-02-15 15:55:00,MANT
79.48,79.48,79.48,79.48,100,2022-02-15 16:00:00,MANT
79.75,79.93,79.75,79.93,300,2022-02-15 16:05:00,MANT
79.9,79.91,79.85,79.86,400,2022-02-15 16:10:00,MANT
79.905,80.0,79.905,79.96,900,2022-02-15 16:15:00,MANT
79.92,79.92,79.86,79.86,300,2022-02-15 16:20:00,MANT
79.83,79.95,79.715,79.95,6159,2022-02-15 16:25:00,MANT
80.09,80.09,80.08,80.08,400,2022-02-15 16:30:00,MANT
80.04,80.04,79.93,79.93,516,2022-02-15 16:35:00,MANT
79.8,79.9,79.8,79.9,900,2022-02-15 16:40:00,MANT
79.85,79.955,79.85,79.87,966,2022-02-15 16:45:00,MANT
79.93,79.99,79.93,79.99,300,2022-02-15 16:55:00,MANT
79.93,79.94,79.895,79.92,1600,2022-02-15 17:05:00,MANT
79.98,80.15,79.95,79.95,3735,2022-02-15 17:10:00,MANT
79.91,79.91,79.8,79.87,800,2022-02-15 17:15:00,MANT
79.89,80.0,79.89,79.98,500,2022-02-15 17:20:00,MANT
79.9,79.9,79.9,79.9,100,2022-02-15 17:25:00,MANT
79.89,80.0,79.89,79.92,1200,2022-02-15 17:30:00,MANT
79.96,79.96,79.885,79.885,300,2022-02-15 17:35:00,MANT
79.93,79.96,79.9,79.91,1300,2022-02-15 17:40:00,MANT
79.935,79.935,79.825,79.825,900,2022-02-15 17:45:00,MANT
79.83,79.92,79.83,79.85,1300,2022-02-15 17:50:00,MANT
79.875,80.03,79.875,79.985,1600,2022-02-15 17:55:00,MANT
79.885,79.885,79.7,79.7,300,2022-02-15 18:05:00,MANT
79.77,79.78,79.7,79.7,1200,2022-02-15 18:10:00,MANT
79.7,79.785,79.7,79.72,1400,2022-02-15 18:15:00,MANT
79.75,79.86,79.75,79.8,1100,2022-02-15 18:20:00,MANT
79.77,79.91,79.77,79.82,1200,2022-02-15 18:25:00,MANT
79.835,79.835,79.835,79.835,182,2022-02-15 18:30:00,MANT
79.805,79.89,79.79,79.89,1125,2022-02-15 18:35:00,MANT
79.91,79.99,79.894,79.97,900,2022-02-15 18:40:00,MANT
79.99,80.12,79.99,80.12,1500,2022-02-15 18:45:00,MANT
80.07,80.105,80.07,80.07,400,2022-02-15 18:50:00,MANT
79.94,79.94,79.87,79.89,700,2022-02-15 18:55:00,MANT
79.89,79.9,79.81,79.82,1100,2022-02-15 19:00:00,MANT
79.77,79.81,79.73,79.8,1400,2022-02-15 19:05:00,MANT
79.81,79.81,79.81,79.81,100,2022-02-15 19:10:00,MANT
79.84,79.9,79.77,79.77,1600,2022-02-15 19:15:00,MANT
79.77,79.79,79.7,79.77,2000,2022-02-15 19:20:00,MANT
79.81,79.81,79.81,79.81,100,2022-02-15 19:25:00,MANT
79.83,79.83,79.735,79.77,1607,2022-02-15 19:30:00,MANT
79.765,79.83,79.75,79.75,1800,2022-02-15 19:35:00,MANT
79.7,79.74,79.55,79.615,4900,2022-02-15 19:40:00,MANT
79.565,79.565,79.565,79.565,100,2022-02-15 19:45:00,MANT
79.3,79.35,79.24,79.35,900,2022-02-15 19:50:00,MANT
79.42,79.46,79.42,79.445,1100,2022-02-15 19:55:00,MANT
79.485,79.56,79.485,79.56,200,2022-02-15 20:00:00,MANT
79.56,79.655,79.53,79.53,2200,2022-02-15 20:05:00,MANT
79.53,79.53,79.41,79.44,1200,2022-02-15 20:10:00,MANT
79.4,79.435,79.39,79.41,600,2022-02-15 20:15:00,MANT
79.42,79.42,79.14,79.14,1303,2022-02-15 20:20:00,MANT
79.18,79.28,79.17,79.28,1375,2022-02-15 20:25:00,MANT
79.22,79.275,78.99,78.99,2120,2022-02-15 20:30:00,MANT
79.0,79.11,79.0,79.0,1500,2022-02-15 20:35:00,MANT
79.04,79.19,78.98,79.16,2603,2022-02-15 20:40:00,MANT
79.2,79.22,79.055,79.055,3438,2022-02-15 20:45:00,MANT
79.19,79.34,79.17,79.22,4702,2022-02-15 20:50:00,MANT
79.155,79.36,79.15,79.34,7392,2022-02-15 20:55:00,MANT
79.27,79.27,79.27,79.27,31950,2022-02-15 21:00:00,MANT
79.28,79.28,79.28,79.28,881,2022-02-16 14:30:00,MANT
78.6,78.66,78.6,78.66,200,2022-02-16 14:35:00,MANT
78.89,78.89,78.89,78.89,100,2022-02-16 14:40:00,MANT
78.88,79.28,78.88,79.28,2916,2022-02-16 14:45:00,MANT
79.43,79.43,79.21,79.275,623,2022-02-16 14:50:00,MANT
79.02,79.23,79.02,79.1,1677,2022-02-16 14:55:00,MANT
79.17,79.42,79.16,79.42,1200,2022-02-16 15:00:00,MANT
79.595,79.595,79.51,79.51,1147,2022-02-16 15:05:00,MANT
79.54,79.625,79.54,79.625,600,2022-02-16 15:10:00,MANT
79.615,79.615,79.49,79.49,200,2022-02-16 15:15:00,MANT
79.42,79.49,79.31,79.49,1688,2022-02-16 15:20:00,MANT
79.78,79.82,79.78,79.78,541,2022-02-16 15:25:00,MANT
79.78,79.88,79.735,79.85,915,2022-02-16 15:30:00,MANT
79.77,79.8664,79.76,79.78,1200,2022-02-16 15:35:00,MANT
79.8,79.87,79.8,79.81,600,2022-02-16 15:40:00,MANT
79.7775,79.849,79.7775,79.849,600,2022-02-16 15:45:00,MANT
79.835,79.87,79.58,79.61,3168,2022-02-16 15:50:00,MANT
79.45,79.45,79.3309,79.3309,900,2022-02-16 15:55:00,MANT
79.42,79.43,79.31,79.4125,600,2022-02-16 16:00:00,MANT
79.11,79.2,79.085,79.085,657,2022-02-16 16:05:00,MANT
79.085,79.17,79.085,79.17,700,2022-02-16 16:10:00,MANT
79.22,79.3,79.22,79.3,500,2022-02-16 16:15:00,MANT
79.15,79.18,79.1,79.14,640,2022-02-16 16:20:00,MANT
79.07,79.26,79.07,79.23,868,2022-02-16 16:25:00,MANT
79.25,79.305,79.24,79.305,300,2022-02-16 16:30:00,MANT
79.33,79.4,79.33,79.4,600,2022-02-16 16:35:00,MANT
79.33,79.35,79.32,79.33,800,2022-02-16 16:40:00,MANT
79.4,79.64,79.37,79.64,1200,2022-02-16 16:45:00,MANT
79.58,79.58,79.58,79.58,100,2022-02-16 16:50:00,MANT
79.52,79.59,79.52,79.56,631,2022-02-16 16:55:00,MANT
79.59,79.59,79.53,79.53,500,2022-02-16 17:00:00,MANT
79.52,79.52,79.52,79.52,100,2022-02-16 17:05:00,MANT
79.455,79.9,79.455,79.9,4607,2022-02-16 17:10:00,MANT
79.97,79.97,79.97,79.97,100,2022-02-16 17:15:00,MANT
80.14,80.18,80.12,80.17,1000,2022-02-16 17:20:00,MANT
80.18,80.2,80.18,80.19,400,2022-02-16 17:25:00,MANT
80.0,80.05,79.975,79.975,1200,2022-02-16 17:30:00,MANT
79.985,80.27,79.985,80.15,642,2022-02-16 17:35:00,MANT
80.09,80.14,80.06,80.095,800,2022-02-16 17:40:00,MANT
80.09,80.14,80.0641,80.13,1216,2022-02-16 17:45:00,MANT
80.14,80.14,80.14,80.14,100,2022-02-16 17:50:00,MANT
80.18,80.205,80.135,80.135,961,2022-02-16 17:55:00,MANT
80.13,80.16,80.08,80.14,900,2022-02-16 18:00:00,MANT
80.1,80.24,80.1,80.21,1600,2022-02-16 18:05:00,MANT
80.22,80.29,80.21,80.29,1100,2022-02-16 18:10:00,MANT
80.21,80.345,80.21,80.305,1200,2022-02-16 18:15:00,MANT
80.35,80.4,80.33,80.33,1100,2022-02-16 18:20:00,MANT
80.35,80.4,80.34,80.34,1600,2022-02-16 18:30:00,MANT
80.38,80.39,80.33,80.35,1000,2022-02-16 18:35:00,MANT
80.325,80.33,80.28,80.31,2100,2022-02-16 18:40:00,MANT
80.34,80.58,80.34,80.56,2300,2022-02-16 18:45:00,MANT
80.62,80.626,80.59,80.59,400,2022-02-16 18:50:00,MANT
80.55,80.55,80.45,80.48,2068,2022-02-16 18:55:00,MANT
80.63,80.82,80.37,80.66,2100,2022-02-16 19:00:00,MANT
80.6,80.6,80.43,80.43,200,2022-02-16 19:05:00,MANT
80.38,80.52,80.38,80.52,2577,2022-02-16 19:15:00,MANT
80.56,80.72,80.56,80.69,900,2022-02-16 19:20:00,MANT
80.72,80.74,80.63,80.69,855,2022-02-16 19:25:00,MANT
80.65,80.83,80.65,80.83,2980,2022-02-16 19:30:00,MANT
80.68,80.7,80.62,80.69,1406,2022-02-16 19:35:00,MANT
80.745,80.84,80.63,80.84,1783,2022-02-16 19:40:00,MANT
80.93,80.93,80.7,80.82,1720,2022-02-16 19:45:00,MANT
80.88,81.02,80.84,81.02,1300,2022-02-16 19:50:00,MANT
81.0,81.07,80.8675,80.8675,2200,2022-02-16 19:55:00,MANT
80.81,81.1,80.81,81.1,2030,2022-02-16 20:00:00,MANT
81.1,81.1,80.83,80.83,800,2022-02-16 20:05:00,MANT
80.89,80.93,80.805,80.805,1607,2022-02-16 20:10:00,MANT
80.85,80.93,80.8,80.85,1876,2022-02-16 20:15:00,MANT
80.87,81.0,80.845,80.845,1700,2022-02-16 20:20:00,MANT
80.92,81.005,80.92,81.005,2450,2022-02-16 20:25:00,MANT
81.02,81.03,80.815,80.815,3610,2022-02-16 20:30:00,MANT
80.87,80.93,80.815,80.92,1200,2022-02-16 20:35:00,MANT
80.95,81.01,80.915,80.995,1300,2022-02-16 20:40:00,MANT
80.94,81.05,80.85,81.0,2488,2022-02-16 20:45:00,MANT
81.0,81.07,80.845,80.845,7047,2022-02-16 20:50:00,MANT
80.865,81.12,80.865,81.12,11271,2022-02-16 20:55:00,MANT
81.05,81.05,81.05,81.05,12768,2022-02-16 21:00:00,MANT
80.41,80.41,79.83,79.83,1525,2022-02-17 14:30:00,MANT
79.675,79.675,79.655,79.655,200,2022-02-17 14:35:00,MANT
80.16,80.28,79.78,79.78,1604,2022-02-17 14:40:00,MANT
79.86,79.86,79.86,79.86,691,2022-02-17 14:45:00,MANT
79.84,79.84,79.63,79.77,1619,2022-02-17 14:50:00,MANT
79.75,79.75,79.515,79.57,770,2022-02-17 14:55:00,MANT
79.595,79.78,79.4875,79.775,1804,2022-02-17 15:00:00,MANT
79.775,79.935,79.46,79.815,4416,2022-02-17 15:05:00,MANT
79.715,79.83,79.655,79.745,937,2022-02-17 15:10:00,MANT
79.745,79.745,79.715,79.745,701,2022-02-17 15:15:00,MANT
79.765,80.09,79.72,80.09,1883,2022-02-17 15:20:00,MANT
80.04,80.305,79.92,80.305,888,2022-02-17 15:25:00,MANT
80.21,80.47,80.15,80.41,1661,2022-02-17 15:30:00,MANT
80.53,80.53,80.215,80.285,1665,2022-02-17 15:35:00,MANT
80.37,80.515,80.37,80.515,1309,2022-02-17 15:40:00,MANT
80.5,80.62,80.27,80.27,600,2022-02-17 15:45:00,MANT
80.385,80.48,80.31,80.43,1927,2022-02-17 15:50:00,MANT
80.51,80.72,80.51,80.7,900,2022-02-17 15:55:00,MANT
80.615,80.615,80.615,80.615,100,2022-02-17 16:00:00,MANT
80.56,80.57,80.445,80.5,1286,2022-02-17 16:05:00,MANT
80.62,80.62,80.51,80.51,500,2022-02-17 16:10:00,MANT
80.48,80.57,80.31,80.31,2262,2022-02-17 16:15:00,MANT
80.49,80.49,80.4,80.41,695,2022-02-17 16:20:00,MANT
80.325,80.325,80.285,80.285,400,2022-02-17 16:25:00,MANT
80.33,80.33,80.295,80.295,611,2022-02-17 16:30:00,MANT
80.29,80.47,80.29,80.47,1677,2022-02-17 16:35:00,MANT
80.42,80.67,80.42,80.59,1320,2022-02-17 16:40:00,MANT
80.68,80.9,80.65,80.9,1277,2022-02-17 16:45:00,MANT
80.905,80.905,80.77,80.77,700,2022-02-17 16:50:00,MANT
80.83,80.945,80.82,80.945,973,2022-02-17 16:55:00,MANT
80.97,81.04,80.94,80.94,888,2022-02-17 17:00:00,MANT
80.93,80.94,80.8,80.86,1000,2022-02-17 17:05:00,MANT
80.85,80.89,80.84,80.89,500,2022-02-17 17:10:00,MANT
80.865,81.0,80.865,81.0,833,2022-02-17 17:15:00,MANT
81.055,81.07,80.99,80.99,1200,2022-02-17 17:20:00,MANT
80.98,80.98,80.845,80.88,1195,2022-02-17 17:25:00,MANT
80.89,80.98,80.88,80.97,616,2022-02-17 17:30:00,MANT
80.85,80.85,80.64,80.745,1834,2022-02-17 17:35:00,MANT
80.735,80.9,80.735,80.9,602,2022-02-17 17:40:00,MANT
80.9,80.91,80.79,80.84,1188,2022-02-17 17:45:00,MANT
80.9,80.98,80.85,80.86,1905,2022-02-17 17:50:00,MANT
80.84,80.84,80.84,80.84,300,2022-02-17 17:55:00,MANT
80.8,80.81,80.78,80.81,500,2022-02-17 18:00:00,MANT
80.84,80.89,80.84,80.86,1100,2022-02-17 18:05:00,MANT
80.84,80.89,80.77,80.89,1314,2022-02-17 18:10:00,MANT
80.89,80.915,80.82,80.87,1312,2022-02-17 18:15:00,MANT
80.92,80.98,80.92,80.96,772,2022-02-17 18:20:00,MANT
80.965,81.09,80.965,81.07,1700,2022-02-17 18:25:00,MANT
81.025,81.025,80.98,80.98,702,2022-02-17 18:30:00,MANT
81.0,81.06,80.935,80.97,3172,2022-02-17 18:35:00,MANT
80.905,80.905,80.86,80.86,700,2022-02-17 18:40:00,MANT
80.875,81.03,80.835,81.03,1500,2022-02-17 18:45:00,MANT
81.03,81.06,81.03,81.04,500,2022-02-17 18:50:00,MANT
81.03,81.24,81.03,81.23,1300,2022-02-17 18:55:00,MANT
81.27,81.27,81.21,81.24,815,2022-02-17 19:00:00,MANT
81.29,81.3,81.21,81.3,1207,2022-02-17 19:05:00,MANT
81.27,81.445,81.26,81.445,909,2022-02-17 19:10:00,MANT
81.445,81.47,81.38,81.38,1200,2022-02-17 19:15:00,MANT
81.35,81.375,81.28,81.32,2965,2022-02-17 19:20:00,MANT
81.28,81.335,81.27,81.29,1550,2022-02-17 19:25:00,MANT
81.335,81.45,81.335,81.425,1476,2022-02-17 19:30:00,MANT
81.38,81.38,81.24,81.34,3757,2022-02-17 19:35:00,MANT
81.31,81.34,81.22,81.23,1500,2022-02-17 19:40:00,MANT
81.25,81.29,81.24,81.29,1503,2022-02-17 19:45:00,MANT
81.24,81.27,81.16,81.16,2352,2022-02-17 19:50:00,MANT
81.13,81.225,81.04,81.18,1908,2022-02-17 19:55:00,MANT
81.17,81.23,81.14,81.15,800,2022-02-17 20:00:00,MANT
81.12,81.17,81.04,81.08,1746,2022-02-17 20:05:00,MANT
81.1,81.12,81.04,81.12,501,2022-02-17 20:10:00,MANT
81.08,81.1,80.88,80.89,2355,2022-02-17 20:15:00,MANT
80.84,80.96,80.74,80.765,2000,2022-02-17 20:20:00,MANT
80.785,80.82,80.75,80.76,1200,2022-02-17 20:25:00,MANT
80.84,80.95,80.73,80.755,4226,2022-02-17 20:30:00,MANT
80.81,81.0,80.74,80.93,4213,2022-02-17 20:35:00,MANT
80.89,80.94,80.83,80.845,3111,2022-02-17 20:40:00,MANT
80.88,81.07,80.87,80.98,11899,2022-02-17 20:45:00,MANT
80.95,80.955,80.72,80.9,9720,2022-02-17 20:50:00,MANT
80.935,81.12,80.89,81.07,17876,2022-02-17 20:55:00,MANT
81.0,81.0,81.0,81.0,40769,2022-02-17 21:00:00,MANT
80.52,80.52,80.13,80.13,900,2022-02-18 14:25:00,MANT
80.34,81.075,80.12,80.12,12376,2022-02-18 14:30:00,MANT
79.94,80.235,79.57,79.57,400,2022-02-18 14:35:00,MANT
79.73,80.93,79.73,80.53,6311,2022-02-18 14:40:00,MANT
80.58,80.84,80.53,80.59,3010,2022-02-18 14:45:00,MANT
80.6,80.89,80.6,80.745,2710,2022-02-18 14:50:00,MANT
80.64,81.1,80.6,81.03,3529,2022-02-18 14:55:00,MANT
80.96,81.23,80.91,80.93,4200,2022-02-18 15:00:00,MANT
80.895,81.02,80.86,80.86,500,2022-02-18 15:05:00,MANT
80.74,80.78,80.42,80.51,4090,2022-02-18 15:10:00,MANT
80.545,80.545,80.43,80.54,400,2022-02-18 15:15:00,MANT
80.54,80.54,80.02,80.02,1300,2022-02-18 15:20:00,MANT
80.03,80.2,79.78,79.8,1300,2022-02-18 15:25:00,MANT
79.81,80.08,79.81,80.04,3885,2022-02-18 15:30:00,MANT
80.08,80.115,79.55,79.57,1600,2022-02-18 15:35:00,MANT
79.7,79.7,79.34,79.475,3200,2022-02-18 15:40:00,MANT
79.475,79.675,79.39,79.39,3700,2022-02-18 15:45:00,MANT
79.61,79.61,79.12,79.19,2394,2022-02-18 15:50:00,MANT
79.3,79.3,79.15,79.19,2403,2022-02-18 15:55:00,MANT
79.2,79.31,79.19,79.19,4712,2022-02-18 16:00:00,MANT
79.19,79.35,79.19,79.33,2428,2022-02-18 16:05:00,MANT
79.27,79.41,79.19,79.33,14727,2022-02-18 16:10:00,MANT
79.31,79.81,79.31,79.73,1889,2022-02-18 16:15:00,MANT
79.575,79.82,79.51,79.51,3960,2022-02-18 16:20:00,MANT
79.65,79.65,79.51,79.52,1526,2022-02-18 16:25:00,MANT
79.61,79.73,79.505,79.53,3675,2022-02-18 16:30:00,MANT
79.54,79.58,79.43,79.49,1700,2022-02-18 16:35:00,MANT
79.44,79.58,79.42,79.56,3101,2022-02-18 16:40:00,MANT
79.6,79.715,79.55,79.61,2800,2022-02-18 16:45:00,MANT
79.67,79.8,79.67,79.76,1600,2022-02-18 16:50:00,MANT
79.775,79.87,79.69,79.72,1000,2022-02-18 16:55:00,MANT
79.87,79.935,79.67,79.935,3140,2022-02-18 17:00:00,MANT
80.04,80.44,79.995,80.44,2543,2022-02-18 17:05:00,MANT
80.36,80.525,80.36,80.525,1000,2022-02-18 17:10:00,MANT
80.62,80.69,80.46,80.62,1642,2022-02-18 17:15:00,MANT
80.67,80.67,80.47,80.48,1600,2022-02-18 17:20:00,MANT
80.48,80.87,80.48,80.785,3821,2022-02-18 17:25:00,MANT
80.87,80.87,80.55,80.59,1946,2022-02-18 17:30:00,MANT
80.64,80.645,80.41,80.51,3647,2022-02-18 17:35:00,MANT
80.505,80.51,80.43,80.43,2205,2022-02-18 17:40:00,MANT
80.43,80.47,80.25,80.41,2633,2022-02-18 17:45:00,MANT
80.36,80.36,80.03,80.155,2300,2022-02-18 17:50:00,MANT
80.05,80.05,79.96,79.96,1900,2022-02-18 17:55:00,MANT
80.08,80.11,79.96,79.99,3705,2022-02-18 18:00:00,MANT
80.08,80.2075,80.02,80.2075,1000,2022-02-18 18:05:00,MANT
80.05,80.05,79.74,79.74,2200,2022-02-18 18:10:00,MANT
79.72,79.78,79.57,79.62,3307,2022-02-18 18:15:00,MANT
79.738,79.738,79.57,79.62,3800,2022-02-18 18:20:00,MANT
79.62,79.665,79.33,79.42,4200,2022-02-18 18:25:00,MANT
79.35,79.415,79.305,79.35,4153,2022-02-18 18:30:00,MANT
79.31,79.53,79.26,79.48,3590,2022-02-18 18:35:00,MANT
79.54,79.58,79.4,79.46,2200,2022-02-18 18:40:00,MANT
79.51,79.71,79.47,79.6,2200,2022-02-18 18:45:00,MANT
79.64,79.815,79.55,79.73,2300,2022-02-18 18:50:00,MANT
79.72,79.84,79.72,79.78,1500,2022-02-18 18:55:00,MANT
79.75,79.98,79.73,79.84,2290,2022-02-18 19:00:00,MANT
79.97,80.15,79.97,80.03,2030,2022-02-18 19:05:00,MANT
80.08,80.345,80.07,80.345,3464,2022-02-18 19:10:00,MANT
80.35,80.53,80.27,80.465,1000,2022-02-18 19:15:00,MANT
80.465,80.58,80.315,80.38,3929,2022-02-18 19:20:00,MANT
80.47,80.48,80.35,80.35,1600,2022-02-18 19:25:00,MANT
80.38,80.43,80.0,80.08,4103,2022-02-18 19:30:00,MANT
80.055,80.11,79.84,79.84,1801,2022-02-18 19:35:00,MANT
79.88,80.07,79.78,79.985,2374,2022-02-18 19:40:00,MANT
79.91,80.055,79.9,79.91,1800,2022-02-18 19:45:00,MANT
79.88,80.09,79.76,79.96,4690,2022-02-18 19:50:00,MANT
80.03,80.09,79.89,79.92,8750,2022-02-18 19:55:00,MANT
79.96,80.01,79.85,79.895,8783,2022-02-18 20:00:00,MANT
79.88,80.05,79.65,79.65,4004,2022-02-18 20:05:00,MANT
79.75,79.75,79.53,79.59,5500,2022-02-18 20:10:00,MANT
79.635,79.67,79.43,79.43,4035,2022-02-18 20:15:00,MANT
79.465,79.634,79.465,79.62,5506,2022-02-18 20:20:00,MANT
79.6,79.86,79.58,79.72,5200,2022-02-18 20:25:00,MANT
79.71,79.71,79.44,79.61,7977,2022-02-18 20:30:00,MANT
79.68,79.895,79.63,79.76,4615,2022-02-18 20:35:00,MANT
79.78,79.96,79.78,79.79,4207,2022-02-18 20:40:00,MANT
79.885,79.95,79.68,79.78,5227,2022-02-18 20:45:00,MANT
79.73,80.32,79.68,79.8,52927,2022-02-18 20:50:00,MANT
79.8,79.955,79.52,79.85,54142,2022-02-18 20:55:00,MANT
79.93,79.93,79.93,79.93,403125,2022-02-18 21:00:00,MANT
80.15,80.15,79.885,79.9,1493,2022-02-22 14:30:00,MANT
79.15,80.08,79.15,79.655,300,2022-02-22 14:35:00,MANT
79.88,80.76,79.88,80.15,1800,2022-02-22 14:40:00,MANT
80.6855,80.75,80.15,80.71,900,2022-02-22 14:45:00,MANT
80.65,81.5,80.65,81.165,2305,2022-02-22 14:50:00,MANT
81.01,81.42,80.75,80.87,2743,2022-02-22 14:55:00,MANT
80.81,80.81,80.005,80.1,1730,2022-02-22 15:00:00,MANT
80.19,80.19,79.7,79.86,1600,2022-02-22 15:05:00,MANT
79.705,79.94,79.705,79.94,800,2022-02-22 15:10:00,MANT
80.09,80.19,79.87,79.9696,3400,2022-02-22 15:15:00,MANT
80.06,80.06,79.67,79.67,1098,2022-02-22 15:20:00,MANT
79.76,80.03,79.76,80.03,1830,2022-02-22 15:25:00,MANT
80.03,80.03,79.96,79.96,900,2022-02-22 15:30:00,MANT
79.96,79.965,79.73,79.75,2100,2022-02-22 15:35:00,MANT
79.83,80.02,79.83,80.02,542,2022-02-22 15:40:00,MANT
79.89,80.005,79.864,79.995,1900,2022-02-22 15:50:00,MANT
79.995,79.995,79.96,79.97,857,2022-02-22 15:55:00,MANT
79.95,80.24,79.95,80.16,1500,2022-02-22 16:00:00,MANT
80.165,80.165,79.995,80.03,672,2022-02-22 16:05:00,MANT
80.105,80.16,79.98,80.1,2048,2022-02-22 16:10:00,MANT
80.11,80.15,80.06,80.06,900,2022-02-22 16:15:00,MANT
80.18,80.46,80.18,80.46,730,2022-02-22 16:20:00,MANT
80.5,80.52,80.33,80.33,1900,2022-02-22 16:25:00,MANT
80.39,80.475,80.39,80.43,1379,2022-02-22 16:30:00,MANT
80.374,80.44,80.34,80.34,1217,2022-02-22 16:35:00,MANT
80.365,80.47,80.34,80.47,500,2022-02-22 16:40:00,MANT
80.55,80.605,80.52,80.605,900,2022-02-22 16:45:00,MANT
80.65,80.71,80.54,80.54,1400,2022-02-22 16:50:00,MANT
80.39,80.505,80.34,80.425,2625,2022-02-22 16:55:00,MANT
80.5,80.57,80.49,80.55,900,2022-02-22 17:00:00,MANT
80.53,80.53,80.21,80.21,1103,2022-02-22 17:05:00,MANT
80.25,80.28,80.14,80.14,1976,2022-02-22 17:10:00,MANT
80.14,80.16,80.06,80.11,900,2022-02-22 17:15:00,MANT
80.13,80.225,80.13,80.14,605,2022-02-22 17:20:00,MANT
80.12,80.12,79.93,79.94,500,2022-02-22 17:25:00,MANT
79.92,79.98,79.92,79.96,1200,2022-02-22 17:30:00,MANT
80.02,80.02,79.84,79.95,1426,2022-02-22 17:35:00,MANT
79.8,79.8,79.53,79.705,1107,2022-02-22 17:45:00,MANT
79.79,79.81,79.79,79.81,300,2022-02-22 17:50:00,MANT
79.8,79.85,79.7825,79.835,800,2022-02-22 17:55:00,MANT
79.84,79.84,79.78,79.84,628,2022-02-22 18:00:00,MANT
79.89,79.89,79.48,79.575,2931,2022-02-22 18:05:00,MANT
79.57,79.57,79.48,79.48,1000,2022-02-22 18:10:00,MANT
79.48,79.48,79.19,79.19,310,2022-02-22 18:15:00,MANT
79.23,79.52,79.15,79.52,2000,2022-02-22 18:20:00,MANT
79.46,79.48,79.46,79.48,304,2022-02-22 18:25:00,MANT
79.51,79.51,79.42,79.42,886,2022-02-22 18:30:00,MANT
79.54,79.64,79.515,79.515,1100,2022-02-22 18:35:00,MANT
79.58,79.58,79.27,79.27,1839,2022-02-22 18:40:00,MANT
79.26,79.26,79.13,79.13,300,2022-02-22 18:45:00,MANT
79.08,79.1,78.97,78.97,700,2022-02-22 18:50:00,MANT
79.1,79.11,79.04,79.1,1300,2022-02-22 18:55:00,MANT
79.06,79.18,79.0,79.18,1600,2022-02-22 19:00:00,MANT
79.135,79.135,78.86,78.86,800,2022-02-22 19:05:00,MANT
78.95,79.135,78.92,79.135,1300,2022-02-22 19:10:00,MANT
79.04,79.2381,79.0,79.2381,900,2022-02-22 19:15:00,MANT
79.0825,79.115,78.81,78.81,1500,2022-02-22 19:20:00,MANT
78.95,79.155,78.83,78.83,1100,2022-02-22 19:25:00,MANT
79.015,79.13,78.92,78.94,600,2022-02-22 19:30:00,MANT
79.1,79.135,78.9,79.015,1300,2022-02-22 19:35:00,MANT
79.1,79.1,78.8,78.81,1807,2022-02-22 19:40:00,MANT
78.87,79.31,78.8,79.31,1400,2022-02-22 19:45:00,MANT
79.41,79.41,79.08,79.375,2200,2022-02-22 19:50:00,MANT
79.32,79.45,79.32,79.33,2100,2022-02-22 19:55:00,MANT
79.25,79.48,79.25,79.4,1800,2022-02-22 20:00:00,MANT
79.31,79.31,79.18,79.18,800,2022-02-22 20:05:00,MANT
79.02,79.235,78.99,79.06,2400,2022-02-22 20:10:00,MANT
79.145,79.31,79.06,79.2,5538,2022-02-22 20:15:00,MANT
79.14,79.24,78.95,78.99,3754,2022-02-22 20:20:00,MANT
79.03,79.22,78.89,78.89,2600,2022-02-22 20:25:00,MANT
78.89,78.94,78.73,78.89,2800,2022-02-22 20:30:00,MANT
78.98,78.98,78.78,78.89,2600,2022-02-22 20:35:00,MANT
78.94,78.94,78.65,78.7,5900,2022-02-22 20:40:00,MANT
78.65,78.815,78.57,78.77,7400,2022-02-22 20:45:00,MANT
78.66,78.68,78.38,78.435,15414,2022-02-22 20:50:00,MANT
78.435,78.715,78.435,78.58,13279,2022-02-22 20:55:00,MANT
78.57,78.57,78.57,78.57,77132,2022-02-22 21:00:00,MANT
78.62,78.62,78.62,78.62,656,2022-02-23 14:30:00,MANT
78.19,78.97,78.19,78.97,600,2022-02-23 14:35:00,MANT
78.98,79.9,78.28,79.9,914,2022-02-23 14:40:00,MANT
78.93,78.93,78.93,78.93,100,2022-02-23 14:45:00,MANT
78.53,78.71,78.5,78.56,1497,2022-02-23 14:50:00,MANT
78.88,78.93,78.57,78.92,600,2022-02-23 14:55:00,MANT
78.58,78.875,78.56,78.56,500,2022-02-23 15:00:00,MANT
78.595,78.595,78.59,78.59,200,2022-02-23 15:05:00,MANT
78.585,78.79,78.58,78.79,800,2022-02-23 15:10:00,MANT
78.56,78.84,78.56,78.76,1400,2022-02-23 15:15:00,MANT
78.85,78.92,78.85,78.875,1840,2022-02-23 15:20:00,MANT
78.786,78.832,78.786,78.81,500,2022-02-23 15:25:00,MANT
78.78,78.78,78.78,78.78,582,2022-02-23 15:30:00,MANT
78.9,79.03,78.9,79.03,300,2022-02-23 15:35:00,MANT
79.015,79.1,79.015,79.1,400,2022-02-23 15:40:00,MANT
79.04,79.04,78.93,78.93,1470,2022-02-23 15:45:00,MANT
78.99,79.12,78.99,79.12,900,2022-02-23 15:50:00,MANT
79.03,79.04,79.03,79.04,300,2022-02-23 15:55:00,MANT
79.02,79.02,78.89,78.89,800,2022-02-23 16:00:00,MANT
78.96,78.96,78.885,78.885,300,2022-02-23 16:05:00,MANT
78.875,78.875,78.74,78.84,1971,2022-02-23 16:10:00,MANT
78.73,78.73,78.595,78.595,518,2022-02-23 16:20:00,MANT
78.61,78.61,78.46,78.46,800,2022-02-23 16:25:00,MANT
78.52,78.71,78.5,78.71,900,2022-02-23 16:30:00,MANT
78.65,78.65,78.65,78.65,100,2022-02-23 16:35:00,MANT
78.56,78.6,78.445,78.5,3010,2022-02-23 16:40:00,MANT
78.45,78.51,78.45,78.5,464,2022-02-23 16:45:00,MANT
78.54,78.71,78.535,78.71,1400,2022-02-23 16:50:00,MANT
78.75,78.79,78.72,78.76,700,2022-02-23 16:55:00,MANT
78.82,78.82,78.82,78.82,100,2022-02-23 17:00:00,MANT
78.62,78.62,78.49,78.49,600,2022-02-23 17:05:00,MANT
78.56,78.56,78.41,78.45,1875,2022-02-23 17:10:00,MANT
78.52,78.54,78.52,78.54,300,2022-02-23 17:15:00,MANT
78.66,78.66,78.48,78.49,700,2022-02-23 17:20:00,MANT
78.5,78.52,78.445,78.5,865,2022-02-23 17:25:00,MANT
78.45,78.45,78.31,78.31,1300,2022-02-23 17:30:00,MANT
78.32,78.35,78.305,78.35,300,2022-02-23 17:35:00,MANT
78.34,78.5,78.33,78.5,2274,2022-02-23 17:40:00,MANT
78.48,78.55,78.48,78.535,600,2022-02-23 17:45:00,MANT
78.51,78.62,78.47,78.56,3599,2022-02-23 17:50:00,MANT
78.6,78.63,78.6,78.63,400,2022-02-23 17:55:00,MANT
78.57,78.57,78.45,78.52,4574,2022-02-23 18:00:00,MANT
78.49,78.53,78.45,78.53,5065,2022-02-23 18:05:00,MANT
78.48,78.516,77.91,77.91,11405,2022-02-23 18:10:00,MANT
77.86,78.0,77.86,77.97,800,2022-02-23 18:15:00,MANT
78.04,78.05,78.03,78.05,500,2022-02-23 18:20:00,MANT
77.96,77.975,77.86,77.86,400,2022-02-23 18:25:00,MANT
77.905,77.905,77.814,77.855,400,2022-02-23 18:30:00,MANT
77.85,77.98,77.85,77.915,1310,2022-02-23 18:35:00,MANT
77.895,78.06,77.895,78.025,1388,2022-02-23 18:40:00,MANT
77.95,78.08,77.92,78.07,700,2022-02-23 18:45:00,MANT
78.04,78.06,77.925,77.925,700,2022-02-23 18:50:00,MANT
77.935,78.25,77.935,78.25,1830,2022-02-23 18:55:00,MANT
78.33,78.33,77.94,77.98,1003,2022-02-23 19:00:00,MANT
78.03,78.11,78.03,78.03,400,2022-02-23 19:05:00,MANT
78.06,78.22,78.04,78.1696,1636,2022-02-23 19:10:00,MANT
78.2,78.2,78.01,78.055,1000,2022-02-23 19:15:00,MANT
78.06,78.06,77.9,77.9,910,2022-02-23 19:20:00,MANT
77.84,77.86,77.785,77.86,900,2022-02-23 19:25:00,MANT
77.89,77.95,77.8,77.81,883,2022-02-23 19:30:00,MANT
77.81,77.91,77.81,77.82,1777,2022-02-23 19:35:00,MANT
77.77,77.77,77.7,77.705,300,2022-02-23 19:40:00,MANT
77.75,77.89,77.69,77.69,740,2022-02-23 19:45:00,MANT
77.72,77.84,77.68,77.73,900,2022-02-23 19:50:00,MANT
77.735,77.855,77.735,77.78,700,2022-02-23 19:55:00,MANT
77.77,77.77,77.44,77.49,300,2022-02-23 20:00:00,MANT
77.53,77.67,77.48,77.48,1200,2022-02-23 20:05:00,MANT
77.55,77.625,77.46,77.46,1389,2022-02-23 20:10:00,MANT
77.51,77.61,77.35,77.35,1413,2022-02-23 20:15:00,MANT
77.46,77.51,77.46,77.51,400,2022-02-23 20:20:00,MANT
77.51,77.58,77.35,77.35,1726,2022-02-23 20:25:00,MANT
77.32,77.35,77.16,77.185,1034,2022-02-23 20:30:00,MANT
77.22,77.29,77.2,77.24,3667,2022-02-23 20:35:00,MANT
77.25,77.255,77.14,77.14,1107,2022-02-23 20:40:00,MANT
77.03,77.21,76.92,77.04,2824,2022-02-23 20:45:00,MANT
76.99,77.085,76.78,77.0,7737,2022-02-23 20:50:00,MANT
77.09,77.11,76.86,76.96,7464,2022-02-23 20:55:00,MANT
77.01,77.01,77.01,77.01,16951,2022-02-23 21:00:00,MANT
77.01,77.01,77.01,77.01,13841,2022-02-23 21:30:00,MANT
76.03,76.84,75.415,75.415,1611,2022-02-24 14:30:00,MANT
75.1,76.21,74.51,75.51,2924,2022-02-24 14:35:00,MANT
75.92,76.03,75.465,75.465,1960,2022-02-24 14:40:00,MANT
75.465,75.74,75.2,75.65,600,2022-02-24 14:45:00,MANT
75.65,76.88,75.645,75.79,4855,2022-02-24 14:50:00,MANT
75.98,76.15,75.79,75.79,600,2022-02-24 14:55:00,MANT
76.19,76.195,75.88,75.955,2960,2022-02-24 15:00:00,MANT
75.85,75.85,75.19,75.19,2295,2022-02-24 15:05:00,MANT
75.69,76.5866,75.65,75.725,1663,2022-02-24 15:10:00,MANT
75.71,76.08,75.55,75.93,7008,2022-02-24 15:15:00,MANT
75.965,76.13,75.7,75.7,2526,2022-02-24 15:20:00,MANT
75.565,76.0,75.54,76.0,1716,2022-02-24 15:25:00,MANT
75.96,76.32,75.96,76.155,1100,2022-02-24 15:30:00,MANT
76.5446,76.71,76.24,76.71,1730,2022-02-24 15:35:00,MANT
76.695,76.695,76.695,76.695,100,2022-02-24 15:40:00,MANT
76.64,76.64,76.26,76.48,2400,2022-02-24 15:45:00,MANT
76.51,76.51,76.295,76.51,400,2022-02-24 15:50:00,MANT
76.28,76.28,75.83,76.02,1200,2022-02-24 15:55:00,MANT
75.89,76.13,75.89,76.005,1700,2022-02-24 16:00:00,MANT
76.005,76.75,76.005,76.48,2600,2022-02-24 16:05:00,MANT
76.3,76.485,76.3,76.485,900,2022-02-24 16:10:00,MANT
76.16,76.23,76.015,76.015,1100,2022-02-24 16:15:00,MANT
76.07,76.62,76.07,76.3,2500,2022-02-24 16:20:00,MANT
76.52,76.7,76.2,76.455,900,2022-02-24 16:25:00,MANT
76.46,76.68,76.46,76.68,545,2022-02-24 16:30:00,MANT
76.575,77.02,76.575,76.65,4260,2022-02-24 16:35:00,MANT
76.86,76.86,76.405,76.405,1500,2022-02-24 16:40:00,MANT
76.55,76.9,76.465,76.9,1780,2022-02-24 16:45:00,MANT
76.88,77.02,76.78,77.02,1300,2022-02-24 16:50:00,MANT
76.94,77.125,76.9,77.125,500,2022-02-24 16:55:00,MANT
77.02,77.225,76.95,77.225,600,2022-02-24 17:00:00,MANT
77.16,77.16,76.87,77.05,800,2022-02-24 17:05:00,MANT
77.05,77.47,76.96,77.45,3400,2022-02-24 17:10:00,MANT
77.37,77.51,77.29,77.51,900,2022-02-24 17:15:00,MANT
77.61,77.755,77.57,77.7,1016,2022-02-24 17:20:00,MANT
77.73,77.97,77.73,77.89,1240,2022-02-24 17:25:00,MANT
77.8,77.995,77.51,77.57,1900,2022-02-24 17:30:00,MANT
77.5,77.7,77.5,77.7,900,2022-02-24 17:35:00,MANT
77.71,78.07,77.71,78.07,1200,2022-02-24 17:40:00,MANT
77.89,77.94,77.73,77.94,2666,2022-02-24 17:45:00,MANT
78.0,78.365,78.0,78.16,1800,2022-02-24 17:50:00,MANT
78.29,78.36,78.175,78.36,600,2022-02-24 17:55:00,MANT
78.325,78.59,78.14,78.14,2583,2022-02-24 18:00:00,MANT
78.22,78.42,78.22,78.415,2700,2022-02-24 18:05:00,MANT
78.42,78.665,78.42,78.57,400,2022-02-24 18:10:00,MANT
78.54,78.65,78.3,78.65,2122,2022-02-24 18:15:00,MANT
78.58,78.92,78.46,78.73,4208,2022-02-24 18:20:00,MANT
78.78,78.95,78.61,78.61,3386,2022-02-24 18:25:00,MANT
78.615,79.0,78.615,79.0,1940,2022-02-24 18:30:00,MANT
78.8,78.98,78.73,78.73,1200,2022-02-24 18:35:00,MANT
78.81,78.81,78.42,78.42,1733,2022-02-24 18:40:00,MANT
78.49,78.99,78.41,78.99,2790,2022-02-24 18:45:00,MANT
78.96,79.04,78.79,78.83,2100,2022-02-24 18:50:00,MANT
78.9,78.9,78.665,78.7,1675,2022-02-24 18:55:00,MANT
78.54,78.55,78.41,78.54,1600,2022-02-24 19:00:00,MANT
78.57,78.735,78.25,78.25,2100,2022-02-24 19:05:00,MANT
78.32,78.59,78.32,78.59,1500,2022-02-24 19:10:00,MANT
78.58,78.66,78.44,78.625,3200,2022-02-24 19:15:00,MANT
78.66,78.71,78.565,78.64,2400,2022-02-24 19:20:00,MANT
78.62,78.7,78.42,78.47,2700,2022-02-24 19:25:00,MANT
78.36,78.66,78.36,78.545,4700,2022-02-24 19:30:00,MANT
78.65,78.81,78.54,78.595,4576,2022-02-24 19:35:00,MANT
78.59,78.79,78.54,78.72,1300,2022-02-24 19:40:00,MANT
78.69,78.73,78.53,78.725,3797,2022-02-24 19:45:00,MANT
78.67,78.695,78.45,78.515,2400,2022-02-24 19:50:00,MANT
78.45,78.66,78.445,78.61,3000,2022-02-24 19:55:00,MANT
78.51,78.69,78.495,78.69,1160,2022-02-24 20:00:00,MANT
78.68,78.72,78.67,78.72,900,2022-02-24 20:05:00,MANT
78.72,78.98,78.72,78.97,1327,2022-02-24 20:10:00,MANT
78.97,78.97,78.81,78.89,1700,2022-02-24 20:15:00,MANT
78.905,78.98,78.755,78.95,2100,2022-02-24 20:20:00,MANT
78.86,79.15,78.86,78.96,2457,2022-02-24 20:25:00,MANT
79.025,79.15,79.025,79.15,1750,2022-02-24 20:30:00,MANT
79.13,79.255,79.09,79.23,3570,2022-02-24 20:35:00,MANT
79.24,79.42,79.1,79.15,4161,2022-02-24 20:40:00,MANT
79.14,79.255,79.085,79.085,3000,2022-02-24 20:45:00,MANT
79.14,79.705,79.08,79.45,8672,2022-02-24 20:50:00,MANT
79.54,79.54,79.21,79.5,23229,2022-02-24 20:55:00,MANT
79.39,79.39,79.39,79.39,39256,2022-02-24 21:00:00,MANT
79.39,79.39,79.39,79.39,2082,2022-02-24 21:50:00,MANT
81.745,81.745,81.745,81.745,760,2022-02-25 14:00:00,MANT
79.8,80.375,79.8,79.81,3103,2022-02-25 14:30:00,MANT
80.3,80.765,80.3,80.37,3575,2022-02-25 14:35:00,MANT
80.2032,80.385,79.54,79.56,3600,2022-02-25 14:40:00,MANT
79.54,79.76,79.54,79.61,2500,2022-02-25 14:45:00,MANT
79.79,79.79,79.225,79.38,3705,2022-02-25 14:50:00,MANT
79.14,79.14,78.61,78.61,950,2022-02-25 14:55:00,MANT
78.61,78.68,78.45,78.67,2500,2022-02-25 15:00:00,MANT
78.565,79.41,78.565,79.0,2400,2022-02-25 15:05:00,MANT
79.23,79.56,79.14,79.56,2200,2022-02-25 15:10:00,MANT
79.32,79.62,79.31,79.62,1751,2022-02-25 15:15:00,MANT
79.67,80.07,79.67,80.07,1910,2022-02-25 15:20:00,MANT
80.18,80.23,80.02,80.23,800,2022-02-25 15:25:00,MANT
80.16,80.16,80.065,80.15,600,2022-02-25 15:30:00,MANT
80.11,80.69,80.11,80.69,2299,2022-02-25 15:35:00,MANT
80.69,81.06,80.62,81.06,2483,2022-02-25 15:40:00,MANT
80.97,80.98,80.5,80.6,5202,2022-02-25 15:45:00,MANT
80.61,80.62,80.55,80.58,1755,2022-02-25 15:50:00,MANT
80.65,80.65,80.28,80.28,1500,2022-02-25 15:55:00,MANT
80.29,80.43,80.27,80.43,2554,2022-02-25 16:00:00,MANT
80.45,80.45,80.0,80.0,900,2022-02-25 16:05:00,MANT
79.905,80.1,79.9,79.9,2000,2022-02-25 16:10:00,MANT
79.86,79.86,79.39,79.39,1013,2022-02-25 16:15:00,MANT
79.495,79.735,79.49,79.65,2807,2022-02-25 16:20:00,MANT
79.78,79.91,79.69,79.82,3871,2022-02-25 16:25:00,MANT
79.62,79.63,79.505,79.52,900,2022-02-25 16:30:00,MANT
79.515,79.52,79.51,79.51,428,2022-02-25 16:35:00,MANT
79.42,79.65,79.42,79.65,2300,2022-02-25 16:40:00,MANT
79.72,79.776,79.675,79.68,1420,2022-02-25 16:45:00,MANT
79.82,79.84,79.78,79.79,500,2022-02-25 16:50:00,MANT
79.7,79.7,79.64,79.64,686,2022-02-25 16:55:00,MANT
79.665,79.86,79.66,79.775,2655,2022-02-25 17:00:00,MANT
79.89,79.93,79.8385,79.93,820,2022-02-25 17:05:00,MANT
80.0,80.0,79.8,79.88,708,2022-02-25 17:10:00,MANT
79.91,79.93,79.91,79.93,600,2022-02-25 17:15:00,MANT
79.985,79.985,79.89,79.91,1000,2022-02-25 17:20:00,MANT
79.945,80.0,79.945,80.0,400,2022-02-25 17:25:00,MANT
80.0,80.08,80.0,80.08,625,2022-02-25 17:30:00,MANT
80.04,80.04,80.02,80.02,400,2022-02-25 17:35:00,MANT
80.03,80.24,80.03,80.22,1005,2022-02-25 17:40:00,MANT
80.19,80.19,80.0,80.01,600,2022-02-25 17:45:00,MANT
79.955,80.02,79.955,80.02,700,2022-02-25 17:50:00,MANT
80.04,80.22,80.04,80.22,1200,2022-02-25 17:55:00,MANT
80.24,80.24,80.13,80.17,1700,2022-02-25 18:00:00,MANT
80.18,80.215,79.99,79.99,500,2022-02-25 18:05:00,MANT
79.96,80.18,79.96,80.16,1600,2022-02-25 18:10:00,MANT
80.23,80.23,80.19,80.195,900,2022-02-25 18:15:00,MANT
80.16,80.16,80.1,80.1,300,2022-02-25 18:20:00,MANT
80.14,80.33,80.14,80.29,1200,2022-02-25 18:25:00,MANT
80.335,80.335,80.21,80.21,400,2022-02-25 18:30:00,MANT
80.12,80.32,80.06,80.32,1400,2022-02-25 18:35:00,MANT
80.38,80.45,80.38,80.45,500,2022-02-25 18:40:00,MANT
80.59,80.62,80.515,80.62,1100,2022-02-25 18:45:00,MANT
80.635,80.635,80.635,80.635,100,2022-02-25 18:50:00,MANT
80.53,80.6,80.48,80.57,1300,2022-02-25 18:55:00,MANT
80.52,80.63,80.43,80.51,1402,2022-02-25 19:00:00,MANT
80.51,80.52,80.36,80.49,1600,2022-02-25 19:05:00,MANT
80.59,80.63,80.55,80.63,1000,2022-02-25 19:10:00,MANT
80.67,80.67,80.46,80.46,700,2022-02-25 19:15:00,MANT
80.53,80.57,80.53,80.57,200,2022-02-25 19:20:00,MANT
80.63,80.63,80.38,80.38,740,2022-02-25 19:25:00,MANT
80.29,80.29,79.88,79.96,3105,2022-02-25 19:30:00,MANT
80.01,80.14,80.01,80.12,2300,2022-02-25 19:35:00,MANT
80.17,80.17,80.0,80.13,900,2022-02-25 19:40:00,MANT
80.13,80.13,80.01,80.01,1200,2022-02-25 19:45:00,MANT
79.98,79.98,79.58,79.81,3098,2022-02-25 19:50:00,MANT
79.991,80.05,79.82,79.9,1634,2022-02-25 19:55:00,MANT
79.91,79.915,79.82,79.84,600,2022-02-25 20:00:00,MANT
79.91,79.99,79.875,79.99,2000,2022-02-25 20:05:00,MANT
79.91,79.91,79.825,79.9,2000,2022-02-25 20:10:00,MANT
79.975,80.02,79.93,79.94,1202,2022-02-25 20:15:00,MANT
79.97,80.08,79.91,80.08,2500,2022-02-25 20:20:00,MANT
80.03,80.05,79.925,79.925,1801,2022-02-25 20:25:00,MANT
79.88,79.88,79.66,79.69,5818,2022-02-25 20:30:00,MANT
79.7,79.79,79.51,79.69,4800,2022-02-25 20:35:00,MANT
79.69,79.69,79.41,79.435,3085,2022-02-25 20:40:00,MANT
79.42,79.66,79.415,79.565,5621,2022-02-25 20:45:00,MANT
79.555,79.715,79.21,79.3,10445,2022-02-25 20:50:00,MANT
79.21,79.485,79.12,79.38,18118,2022-02-25 20:55:00,MANT
79.38,79.38,79.38,79.38,23567,2022-02-25 21:00:00,MANT
79.38,79.38,79.38,79.38,527,2022-02-25 21:50:00,MANT
